#1#
[181.00 653.00]
[136.00 635.00]
[246.00 346.00]
[291.00 363.00]
[409.00 47.00]
[312.00 10.00]
[227.00 234.00]
[182.00 217.00]
[10.00 667.00]
[155.00 722.00]
#2#
[[181.00 653.00]
 [136.00 635.00]]
[[136.00 635.00]
 [246.00 346.00]]
[[246.00 346.00]
 [291.00 363.00]]
[[291.00 363.00]
 [409.00 47.00]]
[[409.00 47.00]
 [312.00 10.00]]
[[312.00 10.00]
 [227.00 234.00]]
[[227.00 234.00]
 [182.00 217.00]]
[[10.00 667.00]
 [182.00 217.00]]
[[10.00 667.00]
 [155.00 722.00]]
[[181.00 653.00]
 [155.00 722.00]]
#3#
[[0.00 1.00 0.00 0.00 0.00 0.00 0.00 0.00 0.00 1.00]
 [1.00 0.00 1.00 0.00 0.00 0.00 0.00 0.00 0.00 0.00]
 [0.00 1.00 0.00 1.00 0.00 0.00 0.00 0.00 0.00 0.00]
 [0.00 0.00 1.00 0.00 1.00 0.00 0.00 0.00 0.00 0.00]
 [0.00 0.00 0.00 1.00 0.00 1.00 0.00 0.00 0.00 0.00]
 [0.00 0.00 0.00 0.00 1.00 0.00 1.00 0.00 0.00 0.00]
 [0.00 0.00 0.00 0.00 0.00 1.00 0.00 1.00 0.00 0.00]
 [0.00 0.00 0.00 0.00 0.00 0.00 1.00 0.00 1.00 0.00]
 [0.00 0.00 0.00 0.00 0.00 0.00 0.00 1.00 0.00 1.00]
 [1.00 0.00 0.00 0.00 0.00 0.00 0.00 0.00 1.00 0.00]]