#1#
[71.00 157.00]
[81.00 23.00]
[17.00 10.00]
[10.00 135.00]
[136.00 148.00]
[146.00 17.00]
#2#
[[71.00 157.00]
 [81.00 23.00]]
[[81.00 23.00]
 [17.00 10.00]]
[[17.00 10.00]
 [10.00 135.00]]
[[71.00 157.00]
 [10.00 135.00]]
[[71.00 157.00]
 [136.00 148.00]]
[[136.00 148.00]
 [146.00 17.00]]
[[81.00 23.00]
 [146.00 17.00]]
#3#
[[0.00 1.00 0.00 1.00 1.00 0.00]
 [1.00 0.00 1.00 0.00 0.00 1.00]
 [0.00 1.00 0.00 1.00 0.00 0.00]
 [1.00 0.00 1.00 0.00 0.00 0.00]
 [1.00 0.00 0.00 0.00 0.00 1.00]
 [0.00 1.00 0.00 0.00 1.00 0.00]]