#1#
[60.00 159.00]
[10.00 140.00]
[20.00 10.00]
[70.00 30.00]
[130.00 22.00]
[119.00 150.00]
#2#
[[60.00 159.00]
 [10.00 140.00]]
[[10.00 140.00]
 [20.00 10.00]]
[[20.00 10.00]
 [70.00 30.00]]
[[60.00 159.00]
 [70.00 30.00]]
[[70.00 30.00]
 [130.00 22.00]]
[[130.00 22.00]
 [119.00 150.00]]
[[60.00 159.00]
 [119.00 150.00]]
#3#
[[0.00 1.00 0.00 1.00 0.00 1.00]
 [1.00 0.00 1.00 0.00 0.00 0.00]
 [0.00 1.00 0.00 1.00 0.00 0.00]
 [1.00 0.00 1.00 0.00 1.00 0.00]
 [0.00 0.00 0.00 1.00 0.00 1.00]
 [1.00 0.00 0.00 0.00 1.00 0.00]]