#1#
[94.00 123.14]
[31.00 145.00]
[10.00 31.00]
[73.00 10.00]
[127.00 11.00]
[148.00 122.00]
#2#
[[94.00 123.14]
 [31.00 145.00]]
[[31.00 145.00]
 [10.00 31.00]]
[[10.00 31.00]
 [73.00 10.00]]
[[94.00 123.14]
 [73.00 10.00]]
[[73.00 10.00]
 [127.00 11.00]]
[[127.00 11.00]
 [148.00 122.00]]
[[94.00 123.14]
 [148.00 122.00]]
#3#
[[0.00 1.00 0.00 1.00 0.00 1.00]
 [1.00 0.00 1.00 0.00 0.00 0.00]
 [0.00 1.00 0.00 1.00 0.00 0.00]
 [1.00 0.00 1.00 0.00 1.00 0.00]
 [0.00 0.00 0.00 1.00 0.00 1.00]
 [1.00 0.00 0.00 0.00 1.00 0.00]]