#1#
[70.00 137.00]
[18.00 122.00]
[10.00 14.00]
[64.00 26.00]
[123.00 10.00]
[130.00 117.00]
#2#
[[70.00 137.00]
 [18.00 122.00]]
[[18.00 122.00]
 [10.00 14.00]]
[[10.00 14.00]
 [64.00 26.00]]
[[70.00 137.00]
 [64.00 26.00]]
[[64.00 26.00]
 [123.00 10.00]]
[[123.00 10.00]
 [130.00 117.00]]
[[70.00 137.00]
 [130.00 117.00]]
#3#
[[0.00 1.00 0.00 1.00 0.00 1.00]
 [1.00 0.00 1.00 0.00 0.00 0.00]
 [0.00 1.00 0.00 1.00 0.00 0.00]
 [1.00 0.00 1.00 0.00 1.00 0.00]
 [0.00 0.00 0.00 1.00 0.00 1.00]
 [1.00 0.00 0.00 0.00 1.00 0.00]]