#1#
[122.00 35.00]
[63.00 10.00]
[10.00 135.00]
[78.00 160.00]
[136.00 41.00]
[141.00 56.00]
[181.00 74.00]
[141.00 183.00]
#2#
[[122.00 35.00]
 [63.00 10.00]]
[[63.00 10.00]
 [10.00 135.00]]
[[10.00 135.00]
 [78.00 160.00]]
[[122.00 35.00]
 [78.00 160.00]]
[[122.00 35.00]
 [136.00 41.00]]
[[136.00 41.00]
 [141.00 56.00]]
[[141.00 56.00]
 [181.00 74.00]]
[[181.00 74.00]
 [141.00 183.00]]
[[78.00 160.00]
 [141.00 183.00]]
#3#
[[0.00 1.00 0.00 1.00 1.00 0.00 0.00 0.00]
 [1.00 0.00 1.00 0.00 0.00 0.00 0.00 0.00]
 [0.00 1.00 0.00 1.00 0.00 0.00 0.00 0.00]
 [1.00 0.00 1.00 0.00 0.00 0.00 0.00 1.00]
 [1.00 0.00 0.00 0.00 0.00 1.00 0.00 0.00]
 [0.00 0.00 0.00 0.00 1.00 0.00 1.00 0.00]
 [0.00 0.00 0.00 0.00 0.00 1.00 0.00 1.00]
 [0.00 0.00 0.00 1.00 0.00 0.00 1.00 0.00]]