#1#
[146.00 63.00]
[10.00 69.00]
[16.00 157.00]
[152.00 150.00]
[148.00 10.00]
[11.00 17.00]
#2#
[[146.00 63.00]
 [10.00 69.00]]
[[10.00 69.00]
 [16.00 157.00]]
[[16.00 157.00]
 [152.00 150.00]]
[[146.00 63.00]
 [152.00 150.00]]
[[146.00 63.00]
 [148.00 10.00]]
[[148.00 10.00]
 [11.00 17.00]]
[[10.00 69.00]
 [11.00 17.00]]
#3#
[[0.00 1.00 0.00 1.00 1.00 0.00]
 [1.00 0.00 1.00 0.00 0.00 1.00]
 [0.00 1.00 0.00 1.00 0.00 0.00]
 [1.00 0.00 1.00 0.00 0.00 0.00]
 [1.00 0.00 0.00 0.00 0.00 1.00]
 [0.00 1.00 0.00 0.00 1.00 0.00]]