#1#
[69.00 13.00]
[129.00 14.00]
[124.00 147.00]
[65.00 150.00]
[10.00 142.00]
[15.00 10.00]
#2#
[[69.00 13.00]
 [129.00 14.00]]
[[129.00 14.00]
 [124.00 147.00]]
[[124.00 147.00]
 [65.00 150.00]]
[[69.00 13.00]
 [65.00 150.00]]
[[65.00 150.00]
 [10.00 142.00]]
[[10.00 142.00]
 [15.00 10.00]]
[[69.00 13.00]
 [15.00 10.00]]
#3#
[[0.00 1.00 0.00 1.00 0.00 1.00]
 [1.00 0.00 1.00 0.00 0.00 0.00]
 [0.00 1.00 0.00 1.00 0.00 0.00]
 [1.00 0.00 1.00 0.00 1.00 0.00]
 [0.00 0.00 0.00 1.00 0.00 1.00]
 [1.00 0.00 0.00 0.00 1.00 0.00]]