#1#
[127.00 52.00]
[111.00 10.00]
[67.00 29.00]
[70.00 36.00]
[10.00 65.00]
[24.00 101.00]
[60.00 168.00]
[126.00 139.00]
[118.00 130.00]
[158.00 111.00]
#2#
[[127.00 52.00]
 [111.00 10.00]]
[[111.00 10.00]
 [67.00 29.00]]
[[67.00 29.00]
 [70.00 36.00]]
[[70.00 36.00]
 [10.00 65.00]]
[[10.00 65.00]
 [24.00 101.00]]
[[127.00 52.00]
 [24.00 101.00]]
[[24.00 101.00]
 [60.00 168.00]]
[[60.00 168.00]
 [126.00 139.00]]
[[118.00 130.00]
 [126.00 139.00]]
[[118.00 130.00]
 [158.00 111.00]]
[[127.00 52.00]
 [158.00 111.00]]
#3#
[[0.00 1.00 0.00 0.00 0.00 1.00 0.00 0.00 0.00 1.00]
 [1.00 0.00 1.00 0.00 0.00 0.00 0.00 0.00 0.00 0.00]
 [0.00 1.00 0.00 1.00 0.00 0.00 0.00 0.00 0.00 0.00]
 [0.00 0.00 1.00 0.00 1.00 0.00 0.00 0.00 0.00 0.00]
 [0.00 0.00 0.00 1.00 0.00 1.00 0.00 0.00 0.00 0.00]
 [1.00 0.00 0.00 0.00 1.00 0.00 1.00 0.00 0.00 0.00]
 [0.00 0.00 0.00 0.00 0.00 1.00 0.00 1.00 0.00 0.00]
 [0.00 0.00 0.00 0.00 0.00 0.00 1.00 0.00 1.00 0.00]
 [0.00 0.00 0.00 0.00 0.00 0.00 0.00 1.00 0.00 1.00]
 [1.00 0.00 0.00 0.00 0.00 0.00 0.00 0.00 1.00 0.00]]