#1#
[55.00 149.00]
[26.00 208.00]
[124.00 255.00]
[175.00 148.00]
[131.00 126.00]
[10.00 126.00]
[68.00 10.00]
[164.00 58.00]
[107.00 174.00]
#2#
[[55.00 149.00]
 [26.00 208.00]]
[[26.00 208.00]
 [124.00 255.00]]
[[124.00 255.00]
 [175.00 148.00]]
[[175.00 148.00]
 [131.00 126.00]]
[[55.00 149.00]
 [10.00 126.00]]
[[10.00 126.00]
 [68.00 10.00]]
[[68.00 10.00]
 [164.00 58.00]]
[[131.00 126.00]
 [164.00 58.00]]
[[107.00 174.00]
 [131.00 126.00]]
[[107.00 174.00]
 [55.00 149.00]]
#3#
[[0.00 1.00 0.00 0.00 0.00 1.00 0.00 0.00 1.00]
 [1.00 0.00 1.00 0.00 0.00 0.00 0.00 0.00 0.00]
 [0.00 1.00 0.00 1.00 0.00 0.00 0.00 0.00 0.00]
 [0.00 0.00 1.00 0.00 1.00 0.00 0.00 0.00 0.00]
 [0.00 0.00 0.00 1.00 0.00 0.00 0.00 1.00 1.00]
 [1.00 0.00 0.00 0.00 0.00 0.00 1.00 0.00 0.00]
 [0.00 0.00 0.00 0.00 0.00 1.00 0.00 1.00 0.00]
 [0.00 0.00 0.00 0.00 1.00 0.00 1.00 0.00 0.00]
 [1.00 0.00 0.00 0.00 1.00 0.00 0.00 0.00 0.00]]