#1#
[36.00 37.00]
[10.00 74.00]
[98.00 149.00]
[125.00 113.00]
[152.00 84.00]
[63.00 10.00]
#2#
[[36.00 37.00]
 [10.00 74.00]]
[[10.00 74.00]
 [98.00 149.00]]
[[98.00 149.00]
 [125.00 113.00]]
[[125.00 113.00]
 [152.00 84.00]]
[[152.00 84.00]
 [63.00 10.00]]
[[36.00 37.00]
 [63.00 10.00]]
[[36.00 37.00]
 [125.00 113.00]]
#3#
[[0.00 1.00 0.00 1.00 0.00 1.00]
 [1.00 0.00 1.00 0.00 0.00 0.00]
 [0.00 1.00 0.00 1.00 0.00 0.00]
 [1.00 0.00 1.00 0.00 1.00 0.00]
 [0.00 0.00 0.00 1.00 0.00 1.00]
 [1.00 0.00 0.00 0.00 1.00 0.00]]