#1#
[69.00 161.00]
[10.00 162.00]
[26.00 10.00]
[83.00 11.00]
[146.00 25.00]
[129.00 171.00]
#2#
[[69.00 161.00]
 [10.00 162.00]]
[[10.00 162.00]
 [26.00 10.00]]
[[26.00 10.00]
 [83.00 11.00]]
[[69.00 161.00]
 [83.00 11.00]]
[[83.00 11.00]
 [146.00 25.00]]
[[146.00 25.00]
 [129.00 171.00]]
[[69.00 161.00]
 [129.00 171.00]]
#3#
[[0.00 1.00 0.00 1.00 0.00 1.00]
 [1.00 0.00 1.00 0.00 0.00 0.00]
 [0.00 1.00 0.00 1.00 0.00 0.00]
 [1.00 0.00 1.00 0.00 1.00 0.00]
 [0.00 0.00 0.00 1.00 0.00 1.00]
 [1.00 0.00 0.00 0.00 1.00 0.00]]