#1#
[173.00 108.00]
[159.00 177.00]
[10.00 147.00]
[26.00 77.00]
[41.00 10.00]
[186.00 38.00]
#2#
[[173.00 108.00]
 [159.00 177.00]]
[[159.00 177.00]
 [10.00 147.00]]
[[10.00 147.00]
 [26.00 77.00]]
[[173.00 108.00]
 [26.00 77.00]]
[[26.00 77.00]
 [41.00 10.00]]
[[41.00 10.00]
 [186.00 38.00]]
[[173.00 108.00]
 [186.00 38.00]]
#3#
[[0.00 1.00 0.00 1.00 0.00 1.00]
 [1.00 0.00 1.00 0.00 0.00 0.00]
 [0.00 1.00 0.00 1.00 0.00 0.00]
 [1.00 0.00 1.00 0.00 1.00 0.00]
 [0.00 0.00 0.00 1.00 0.00 1.00]
 [1.00 0.00 0.00 0.00 1.00 0.00]]