#1#
[173.00 126.00]
[34.00 74.00]
[10.00 168.00]
[146.00 221.00]
[65.00 10.00]
[200.00 62.00]
#2#
[[173.00 126.00]
 [34.00 74.00]]
[[34.00 74.00]
 [10.00 168.00]]
[[10.00 168.00]
 [146.00 221.00]]
[[173.00 126.00]
 [146.00 221.00]]
[[34.00 74.00]
 [65.00 10.00]]
[[65.00 10.00]
 [200.00 62.00]]
[[173.00 126.00]
 [200.00 62.00]]
#3#
[[0.00 1.00 0.00 1.00 0.00 1.00]
 [1.00 0.00 1.00 0.00 1.00 0.00]
 [0.00 1.00 0.00 1.00 0.00 0.00]
 [1.00 0.00 1.00 0.00 0.00 0.00]
 [0.00 1.00 0.00 0.00 0.00 1.00]
 [1.00 0.00 0.00 0.00 1.00 0.00]]