#1#
[66.00 22.00]
[126.00 13.00]
[122.00 143.00]
[62.00 152.00]
[10.00 139.00]
[16.00 10.00]
#2#
[[66.00 22.00]
 [126.00 13.00]]
[[126.00 13.00]
 [122.00 143.00]]
[[122.00 143.00]
 [62.00 152.00]]
[[66.00 22.00]
 [62.00 152.00]]
[[62.00 152.00]
 [10.00 139.00]]
[[10.00 139.00]
 [16.00 10.00]]
[[66.00 22.00]
 [16.00 10.00]]
#3#
[[0.00 1.00 0.00 1.00 0.00 1.00]
 [1.00 0.00 1.00 0.00 0.00 0.00]
 [0.00 1.00 0.00 1.00 0.00 0.00]
 [1.00 0.00 1.00 0.00 1.00 0.00]
 [0.00 0.00 0.00 1.00 0.00 1.00]
 [1.00 0.00 0.00 0.00 1.00 0.00]]