#1#
[108.00 80.00]
[39.00 79.00]
[11.00 10.00]
[10.00 128.00]
[142.00 132.00]
[146.00 14.00]
#2#
[[108.00 80.00]
 [39.00 79.00]]
[[39.00 79.00]
 [11.00 10.00]]
[[11.00 10.00]
 [10.00 128.00]]
[[39.00 79.00]
 [10.00 128.00]]
[[10.00 128.00]
 [142.00 132.00]]
[[108.00 80.00]
 [142.00 132.00]]
[[142.00 132.00]
 [146.00 14.00]]
[[108.00 80.00]
 [146.00 14.00]]
[[11.00 10.00]
 [146.00 14.00]]
#3#
[[0.00 1.00 0.00 0.00 1.00 1.00]
 [1.00 0.00 1.00 1.00 0.00 0.00]
 [0.00 1.00 0.00 1.00 0.00 1.00]
 [0.00 1.00 1.00 0.00 1.00 0.00]
 [1.00 0.00 0.00 1.00 0.00 1.00]
 [1.00 0.00 1.00 0.00 1.00 0.00]]