#1#
[58.00 114.00]
[10.00 99.00]
[37.00 10.00]
[84.00 24.00]
[139.00 39.00]
[113.00 127.00]
#2#
[[58.00 114.00]
 [10.00 99.00]]
[[10.00 99.00]
 [37.00 10.00]]
[[37.00 10.00]
 [84.00 24.00]]
[[58.00 114.00]
 [84.00 24.00]]
[[84.00 24.00]
 [139.00 39.00]]
[[139.00 39.00]
 [113.00 127.00]]
[[58.00 114.00]
 [113.00 127.00]]
#3#
[[0.00 1.00 0.00 1.00 0.00 1.00]
 [1.00 0.00 1.00 0.00 0.00 0.00]
 [0.00 1.00 0.00 1.00 0.00 0.00]
 [1.00 0.00 1.00 0.00 1.00 0.00]
 [0.00 0.00 0.00 1.00 0.00 1.00]
 [1.00 0.00 0.00 0.00 1.00 0.00]]