#1#
[91.00 24.00]
[155.00 38.00]
[134.00 136.00]
[71.00 123.00]
[10.00 110.00]
[28.00 10.00]
#2#
[[91.00 24.00]
 [155.00 38.00]]
[[155.00 38.00]
 [134.00 136.00]]
[[134.00 136.00]
 [71.00 123.00]]
[[91.00 24.00]
 [71.00 123.00]]
[[71.00 123.00]
 [10.00 110.00]]
[[10.00 110.00]
 [28.00 10.00]]
[[91.00 24.00]
 [28.00 10.00]]
#3#
[[0.00 1.00 0.00 1.00 0.00 1.00]
 [1.00 0.00 1.00 0.00 0.00 0.00]
 [0.00 1.00 0.00 1.00 0.00 0.00]
 [1.00 0.00 1.00 0.00 1.00 0.00]
 [0.00 0.00 0.00 1.00 0.00 1.00]
 [1.00 0.00 0.00 0.00 1.00 0.00]]