#1#
[94.00 41.00]
[59.00 10.00]
[10.00 78.00]
[45.00 110.00]
[85.00 131.00]
[134.00 61.00]
#2#
[[94.00 41.00]
 [59.00 10.00]]
[[59.00 10.00]
 [10.00 78.00]]
[[10.00 78.00]
 [45.00 110.00]]
[[94.00 41.00]
 [45.00 110.00]]
[[45.00 110.00]
 [85.00 131.00]]
[[85.00 131.00]
 [134.00 61.00]]
[[94.00 41.00]
 [134.00 61.00]]
#3#
[[0.00 1.00 0.00 1.00 0.00 1.00]
 [1.00 0.00 1.00 0.00 0.00 0.00]
 [0.00 1.00 0.00 1.00 0.00 0.00]
 [1.00 0.00 1.00 0.00 1.00 0.00]
 [0.00 0.00 0.00 1.00 0.00 1.00]
 [1.00 0.00 0.00 0.00 1.00 0.00]]