#1#
[31.00 70.00]
[10.00 127.00]
[161.00 182.00]
[183.00 126.00]
[205.00 70.00]
[52.00 10.00]
#2#
[[31.00 70.00]
 [10.00 127.00]]
[[10.00 127.00]
 [161.00 182.00]]
[[161.00 182.00]
 [183.00 126.00]]
[[183.00 126.00]
 [205.00 70.00]]
[[205.00 70.00]
 [52.00 10.00]]
[[31.00 70.00]
 [52.00 10.00]]
[[31.00 70.00]
 [183.00 126.00]]
#3#
[[0.00 1.00 0.00 1.00 0.00 1.00]
 [1.00 0.00 1.00 0.00 0.00 0.00]
 [0.00 1.00 0.00 1.00 0.00 0.00]
 [1.00 0.00 1.00 0.00 1.00 0.00]
 [0.00 0.00 0.00 1.00 0.00 1.00]
 [1.00 0.00 0.00 0.00 1.00 0.00]]