#1#
[42.00 46.00]
[111.00 118.00]
[10.00 78.00]
[80.00 153.00]
[148.00 83.00]
[81.00 10.00]
#2#
[[42.00 46.00]
 [111.00 118.00]]
[[42.00 46.00]
 [10.00 78.00]]
[[10.00 78.00]
 [80.00 153.00]]
[[111.00 118.00]
 [80.00 153.00]]
[[111.00 118.00]
 [148.00 83.00]]
[[148.00 83.00]
 [81.00 10.00]]
[[42.00 46.00]
 [81.00 10.00]]
#3#
[[0.00 1.00 1.00 0.00 0.00 1.00]
 [1.00 0.00 0.00 1.00 1.00 0.00]
 [1.00 0.00 0.00 1.00 0.00 0.00]
 [0.00 1.00 1.00 0.00 0.00 0.00]
 [0.00 1.00 0.00 0.00 0.00 1.00]
 [1.00 0.00 0.00 0.00 1.00 0.00]]