#1#
[66.00 118.00]
[123.00 118.00]
[126.00 13.00]
[69.00 11.00]
[13.00 10.00]
[10.00 118.00]
#2#
[[66.00 118.00]
 [123.00 118.00]]
[[123.00 118.00]
 [126.00 13.00]]
[[126.00 13.00]
 [69.00 11.00]]
[[69.00 11.00]
 [13.00 10.00]]
[[13.00 10.00]
 [10.00 118.00]]
[[66.00 118.00]
 [10.00 118.00]]
[[66.00 118.00]
 [69.00 11.00]]
#3#
[[0.00 1.00 0.00 1.00 0.00 1.00]
 [1.00 0.00 1.00 0.00 0.00 0.00]
 [0.00 1.00 0.00 1.00 0.00 0.00]
 [1.00 0.00 1.00 0.00 1.00 0.00]
 [0.00 0.00 0.00 1.00 0.00 1.00]
 [1.00 0.00 0.00 0.00 1.00 0.00]]