#1#
[20.00 66.00]
[34.00 10.00]
[159.00 43.00]
[145.00 101.00]
[10.00 101.00]
[134.00 135.00]
#2#
[[20.00 66.00]
 [34.00 10.00]]
[[34.00 10.00]
 [159.00 43.00]]
[[159.00 43.00]
 [145.00 101.00]]
[[20.00 66.00]
 [145.00 101.00]]
[[20.00 66.00]
 [10.00 101.00]]
[[10.00 101.00]
 [134.00 135.00]]
[[145.00 101.00]
 [134.00 135.00]]
#3#
[[0.00 1.00 0.00 1.00 1.00 0.00]
 [1.00 0.00 1.00 0.00 0.00 0.00]
 [0.00 1.00 0.00 1.00 0.00 0.00]
 [1.00 0.00 1.00 0.00 0.00 1.00]
 [1.00 0.00 0.00 0.00 0.00 1.00]
 [0.00 0.00 0.00 1.00 1.00 0.00]]