#1#
[95.00 171.00]
[10.00 117.00]
[78.00 99.00]
[161.00 63.00]
[87.00 80.00]
[74.00 10.00]
#2#
[[95.00 171.00]
 [10.00 117.00]]
[[10.00 117.00]
 [78.00 99.00]]
[[95.00 171.00]
 [78.00 99.00]]
[[95.00 171.00]
 [161.00 63.00]]
[[161.00 63.00]
 [87.00 80.00]]
[[78.00 99.00]
 [87.00 80.00]]
[[78.00 99.00]
 [87.00 80.00]]
[[87.00 80.00]
 [74.00 10.00]]
[[161.00 63.00]
 [74.00 10.00]]
[[161.00 63.00]
 [74.00 10.00]]
[[10.00 117.00]
 [74.00 10.00]]
#3#
[[0.00 1.00 1.00 1.00 0.00 0.00]
 [1.00 0.00 1.00 0.00 0.00 1.00]
 [1.00 1.00 0.00 0.00 1.00 0.00]
 [1.00 0.00 0.00 0.00 1.00 1.00]
 [0.00 0.00 1.00 1.00 0.00 1.00]
 [0.00 1.00 0.00 1.00 1.00 0.00]]