#1#
[163.00 70.00]
[198.00 99.00]
[84.00 10.00]
[10.00 105.00]
[168.00 236.00]
[242.00 138.00]
[181.00 119.00]
[147.00 91.00]
#2#
[[163.00 70.00]
 [198.00 99.00]]
[[163.00 70.00]
 [84.00 10.00]]
[[84.00 10.00]
 [10.00 105.00]]
[[10.00 105.00]
 [168.00 236.00]]
[[168.00 236.00]
 [242.00 138.00]]
[[198.00 99.00]
 [242.00 138.00]]
[[198.00 99.00]
 [181.00 119.00]]
[[181.00 119.00]
 [147.00 91.00]]
[[163.00 70.00]
 [147.00 91.00]]
#3#
[[0.00 1.00 1.00 0.00 0.00 0.00 0.00 1.00]
 [1.00 0.00 0.00 0.00 0.00 1.00 1.00 0.00]
 [1.00 0.00 0.00 1.00 0.00 0.00 0.00 0.00]
 [0.00 0.00 1.00 0.00 1.00 0.00 0.00 0.00]
 [0.00 0.00 0.00 1.00 0.00 1.00 0.00 0.00]
 [0.00 1.00 0.00 0.00 1.00 0.00 0.00 0.00]
 [0.00 1.00 0.00 0.00 0.00 0.00 0.00 1.00]
 [1.00 0.00 0.00 0.00 0.00 0.00 1.00 0.00]]