#1#
[21.00 46.00]
[10.00 94.00]
[210.00 152.00]
[222.00 104.00]
[233.00 66.00]
[34.00 10.00]
#2#
[[21.00 46.00]
 [10.00 94.00]]
[[10.00 94.00]
 [210.00 152.00]]
[[210.00 152.00]
 [222.00 104.00]]
[[222.00 104.00]
 [233.00 66.00]]
[[233.00 66.00]
 [34.00 10.00]]
[[21.00 46.00]
 [34.00 10.00]]
[[21.00 46.00]
 [222.00 104.00]]
#3#
[[0.00 1.00 0.00 1.00 0.00 1.00]
 [1.00 0.00 1.00 0.00 0.00 0.00]
 [0.00 1.00 0.00 1.00 0.00 0.00]
 [1.00 0.00 1.00 0.00 1.00 0.00]
 [0.00 0.00 0.00 1.00 0.00 1.00]
 [1.00 0.00 0.00 0.00 1.00 0.00]]