#1#
[132.00 84.00]
[140.00 31.00]
[32.00 10.00]
[22.00 62.00]
[10.00 119.00]
[118.00 141.00]
#2#
[[132.00 84.00]
 [140.00 31.00]]
[[140.00 31.00]
 [32.00 10.00]]
[[32.00 10.00]
 [22.00 62.00]]
[[22.00 62.00]
 [10.00 119.00]]
[[10.00 119.00]
 [118.00 141.00]]
[[132.00 84.00]
 [118.00 141.00]]
[[132.00 84.00]
 [22.00 62.00]]
#3#
[[0.00 1.00 0.00 1.00 0.00 1.00]
 [1.00 0.00 1.00 0.00 0.00 0.00]
 [0.00 1.00 0.00 1.00 0.00 0.00]
 [1.00 0.00 1.00 0.00 1.00 0.00]
 [0.00 0.00 0.00 1.00 0.00 1.00]
 [1.00 0.00 0.00 0.00 1.00 0.00]]