#1#
[156.00 110.00]
[140.00 155.00]
[10.00 105.00]
[27.00 60.00]
[48.00 10.00]
[174.00 57.00]
#2#
[[156.00 110.00]
 [140.00 155.00]]
[[140.00 155.00]
 [10.00 105.00]]
[[10.00 105.00]
 [27.00 60.00]]
[[156.00 110.00]
 [27.00 60.00]]
[[27.00 60.00]
 [48.00 10.00]]
[[48.00 10.00]
 [174.00 57.00]]
[[156.00 110.00]
 [174.00 57.00]]
#3#
[[0.00 1.00 0.00 1.00 0.00 1.00]
 [1.00 0.00 1.00 0.00 0.00 0.00]
 [0.00 1.00 0.00 1.00 0.00 0.00]
 [1.00 0.00 1.00 0.00 1.00 0.00]
 [0.00 0.00 0.00 1.00 0.00 1.00]
 [1.00 0.00 0.00 0.00 1.00 0.00]]