#1#
[128.00 35.00]
[114.00 10.00]
[10.00 65.00]
[24.00 90.00]
[163.00 103.00]
[61.00 157.00]
#2#
[[128.00 35.00]
 [114.00 10.00]]
[[114.00 10.00]
 [10.00 65.00]]
[[10.00 65.00]
 [24.00 90.00]]
[[128.00 35.00]
 [163.00 103.00]]
[[163.00 103.00]
 [61.00 157.00]]
[[24.00 90.00]
 [61.00 157.00]]
[[128.00 35.00]
 [24.00 90.00]]
#3#
[[0.00 1.00 0.00 1.00 1.00 0.00]
 [1.00 0.00 1.00 0.00 0.00 0.00]
 [0.00 1.00 0.00 1.00 0.00 0.00]
 [1.00 0.00 1.00 0.00 0.00 1.00]
 [1.00 0.00 0.00 0.00 0.00 1.00]
 [0.00 0.00 0.00 1.00 1.00 0.00]]