#1#
[80.00 14.00]
[77.00 140.00]
[12.00 10.00]
[10.00 135.00]
[145.00 140.00]
[147.00 14.00]
#2#
[[80.00 14.00]
 [77.00 140.00]]
[[80.00 14.00]
 [12.00 10.00]]
[[12.00 10.00]
 [10.00 135.00]]
[[77.00 140.00]
 [10.00 135.00]]
[[77.00 140.00]
 [145.00 140.00]]
[[145.00 140.00]
 [147.00 14.00]]
[[80.00 14.00]
 [147.00 14.00]]
#3#
[[0.00 1.00 1.00 0.00 0.00 1.00]
 [1.00 0.00 0.00 1.00 1.00 0.00]
 [1.00 0.00 0.00 1.00 0.00 0.00]
 [0.00 1.00 1.00 0.00 0.00 0.00]
 [0.00 1.00 0.00 0.00 0.00 1.00]
 [1.00 0.00 0.00 0.00 1.00 0.00]]