#1#
[148.00 10.00]
[134.00 86.00]
[189.00 150.00]
[10.00 52.00]
[63.00 107.00]
[49.00 189.00]
#2#
[[148.00 10.00]
 [134.00 86.00]]
[[148.00 10.00]
 [189.00 150.00]]
[[148.00 10.00]
 [10.00 52.00]]
[[10.00 52.00]
 [63.00 107.00]]
[[134.00 86.00]
 [189.00 150.00]]
[[134.00 86.00]
 [63.00 107.00]]
[[189.00 150.00]
 [49.00 189.00]]
[[10.00 52.00]
 [49.00 189.00]]
[[63.00 107.00]
 [49.00 189.00]]
#3#
[[0.00 1.00 1.00 1.00 0.00 0.00]
 [1.00 0.00 1.00 0.00 1.00 0.00]
 [1.00 1.00 0.00 0.00 0.00 1.00]
 [1.00 0.00 0.00 0.00 1.00 1.00]
 [0.00 1.00 0.00 1.00 0.00 1.00]
 [0.00 0.00 1.00 1.00 1.00 0.00]]