#1#
[62.00 15.00]
[10.00 46.00]
[49.00 147.00]
[99.00 117.00]
[144.00 113.00]
[109.00 10.00]
#2#
[[62.00 15.00]
 [10.00 46.00]]
[[10.00 46.00]
 [49.00 147.00]]
[[49.00 147.00]
 [99.00 117.00]]
[[62.00 15.00]
 [99.00 117.00]]
[[99.00 117.00]
 [144.00 113.00]]
[[144.00 113.00]
 [109.00 10.00]]
[[62.00 15.00]
 [109.00 10.00]]
#3#
[[0.00 1.00 0.00 1.00 0.00 1.00]
 [1.00 0.00 1.00 0.00 0.00 0.00]
 [0.00 1.00 0.00 1.00 0.00 0.00]
 [1.00 0.00 1.00 0.00 1.00 0.00]
 [0.00 0.00 0.00 1.00 0.00 1.00]
 [1.00 0.00 0.00 0.00 1.00 0.00]]