#1#
[66.00 149.00]
[119.00 152.00]
[132.00 17.00]
[75.00 12.00]
[10.00 147.00]
[17.00 10.00]
#2#
[[66.00 149.00]
 [119.00 152.00]]
[[119.00 152.00]
 [132.00 17.00]]
[[132.00 17.00]
 [75.00 12.00]]
[[66.00 149.00]
 [10.00 147.00]]
[[10.00 147.00]
 [17.00 10.00]]
[[75.00 12.00]
 [17.00 10.00]]
[[66.00 149.00]
 [75.00 12.00]]
#3#
[[0.00 1.00 0.00 1.00 1.00 0.00]
 [1.00 0.00 1.00 0.00 0.00 0.00]
 [0.00 1.00 0.00 1.00 0.00 0.00]
 [1.00 0.00 1.00 0.00 0.00 1.00]
 [1.00 0.00 0.00 0.00 0.00 1.00]
 [0.00 0.00 0.00 1.00 1.00 0.00]]