#1#
[114.00 110.00]
[83.00 155.00]
[10.00 110.00]
[42.00 65.00]
[143.00 56.00]
[69.00 10.00]
#2#
[[114.00 110.00]
 [83.00 155.00]]
[[83.00 155.00]
 [10.00 110.00]]
[[10.00 110.00]
 [42.00 65.00]]
[[114.00 110.00]
 [143.00 56.00]]
[[143.00 56.00]
 [69.00 10.00]]
[[42.00 65.00]
 [69.00 10.00]]
[[114.00 110.00]
 [42.00 65.00]]
#3#
[[0.00 1.00 0.00 1.00 1.00 0.00]
 [1.00 0.00 1.00 0.00 0.00 0.00]
 [0.00 1.00 0.00 1.00 0.00 0.00]
 [1.00 0.00 1.00 0.00 0.00 1.00]
 [1.00 0.00 0.00 0.00 0.00 1.00]
 [0.00 0.00 0.00 1.00 1.00 0.00]]