#1#
[80.00 161.00]
[49.00 147.00]
[74.00 140.00]
[10.00 128.00]
[62.00 10.00]
[105.00 28.00]
[115.00 48.00]
[137.00 40.00]
[176.00 60.00]
[122.00 179.00]
#2#
[[80.00 161.00]
 [49.00 147.00]]
[[49.00 147.00]
 [74.00 140.00]]
[[49.00 147.00]
 [10.00 128.00]]
[[10.00 128.00]
 [62.00 10.00]]
[[62.00 10.00]
 [105.00 28.00]]
[[80.00 161.00]
 [74.00 140.00]]
[[74.00 140.00]
 [115.00 48.00]]
[[115.00 48.00]
 [137.00 40.00]]
[[176.00 60.00]
 [137.00 40.00]]
[[176.00 60.00]
 [122.00 179.00]]
[[80.00 161.00]
 [122.00 179.00]]
[[105.00 28.00]
 [115.00 48.00]]
[[105.00 28.00]
 [137.00 40.00]]
#3#
[[0.00 1.00 1.00 0.00 0.00 0.00 0.00 0.00 0.00 1.00]
 [1.00 0.00 1.00 1.00 0.00 0.00 0.00 0.00 0.00 0.00]
 [1.00 1.00 0.00 0.00 0.00 0.00 1.00 0.00 0.00 0.00]
 [0.00 1.00 0.00 0.00 1.00 0.00 0.00 0.00 0.00 0.00]
 [0.00 0.00 0.00 1.00 0.00 1.00 0.00 0.00 0.00 0.00]
 [0.00 0.00 0.00 0.00 1.00 0.00 1.00 1.00 0.00 0.00]
 [0.00 0.00 1.00 0.00 0.00 1.00 0.00 1.00 0.00 0.00]
 [0.00 0.00 0.00 0.00 0.00 1.00 1.00 0.00 1.00 0.00]
 [0.00 0.00 0.00 0.00 0.00 0.00 0.00 1.00 0.00 1.00]
 [1.00 0.00 0.00 0.00 0.00 0.00 0.00 0.00 1.00 0.00]]