#1#
[31.00 57.00]
[55.00 10.00]
[179.00 61.00]
[155.00 109.00]
[133.00 172.00]
[10.00 121.00]
#2#
[[31.00 57.00]
 [55.00 10.00]]
[[55.00 10.00]
 [179.00 61.00]]
[[179.00 61.00]
 [155.00 109.00]]
[[31.00 57.00]
 [155.00 109.00]]
[[155.00 109.00]
 [133.00 172.00]]
[[133.00 172.00]
 [10.00 121.00]]
[[31.00 57.00]
 [10.00 121.00]]
#3#
[[0.00 1.00 0.00 1.00 0.00 1.00]
 [1.00 0.00 1.00 0.00 0.00 0.00]
 [0.00 1.00 0.00 1.00 0.00 0.00]
 [1.00 0.00 1.00 0.00 1.00 0.00]
 [0.00 0.00 0.00 1.00 0.00 1.00]
 [1.00 0.00 0.00 0.00 1.00 0.00]]