#1#
[64.00 26.00]
[68.00 140.00]
[121.00 10.00]
[125.00 123.00]
[12.00 127.00]
[10.00 14.00]
#2#
[[64.00 26.00]
 [68.00 140.00]]
[[64.00 26.00]
 [121.00 10.00]]
[[121.00 10.00]
 [125.00 123.00]]
[[68.00 140.00]
 [125.00 123.00]]
[[68.00 140.00]
 [12.00 127.00]]
[[12.00 127.00]
 [10.00 14.00]]
[[64.00 26.00]
 [10.00 14.00]]
#3#
[[0.00 1.00 1.00 0.00 0.00 1.00]
 [1.00 0.00 0.00 1.00 1.00 0.00]
 [1.00 0.00 0.00 1.00 0.00 0.00]
 [0.00 1.00 1.00 0.00 0.00 0.00]
 [0.00 1.00 0.00 0.00 0.00 1.00]
 [1.00 0.00 0.00 0.00 1.00 0.00]]