#1#
[93.00 74.00]
[79.00 103.00]
[10.00 66.00]
[24.00 38.00]
[41.00 10.00]
[107.00 46.00]
#2#
[[93.00 74.00]
 [79.00 103.00]]
[[79.00 103.00]
 [10.00 66.00]]
[[10.00 66.00]
 [24.00 38.00]]
[[93.00 74.00]
 [24.00 38.00]]
[[24.00 38.00]
 [41.00 10.00]]
[[41.00 10.00]
 [107.00 46.00]]
[[93.00 74.00]
 [107.00 46.00]]
#3#
[[0.00 1.00 0.00 1.00 0.00 1.00]
 [1.00 0.00 1.00 0.00 0.00 0.00]
 [0.00 1.00 0.00 1.00 0.00 0.00]
 [1.00 0.00 1.00 0.00 1.00 0.00]
 [0.00 0.00 0.00 1.00 0.00 1.00]
 [1.00 0.00 0.00 0.00 1.00 0.00]]