#1#
[74.00 128.00]
[114.00 136.00]
[125.00 88.00]
[34.00 121.00]
[40.00 91.00]
[81.00 100.00]
[22.00 65.00]
[136.00 32.00]
[33.00 10.00]
[10.00 114.00]
#2#
[[74.00 128.00]
 [114.00 136.00]]
[[114.00 136.00]
 [125.00 88.00]]
[[74.00 128.00]
 [34.00 121.00]]
[[34.00 121.00]
 [40.00 91.00]]
[[40.00 91.00]
 [81.00 100.00]]
[[74.00 128.00]
 [81.00 100.00]]
[[125.00 88.00]
 [22.00 65.00]]
[[125.00 88.00]
 [136.00 32.00]]
[[33.00 10.00]
 [136.00 32.00]]
[[33.00 10.00]
 [22.00 65.00]]
[[10.00 114.00]
 [22.00 65.00]]
[[10.00 114.00]
 [34.00 121.00]]
#3#
[[0.00 1.00 0.00 1.00 0.00 1.00 0.00 0.00 0.00 0.00]
 [1.00 0.00 1.00 0.00 0.00 0.00 0.00 0.00 0.00 0.00]
 [0.00 1.00 0.00 0.00 0.00 0.00 1.00 1.00 0.00 0.00]
 [1.00 0.00 0.00 0.00 1.00 0.00 0.00 0.00 0.00 1.00]
 [0.00 0.00 0.00 1.00 0.00 1.00 0.00 0.00 0.00 0.00]
 [1.00 0.00 0.00 0.00 1.00 0.00 0.00 0.00 0.00 0.00]
 [0.00 0.00 1.00 0.00 0.00 0.00 0.00 0.00 1.00 1.00]
 [0.00 0.00 1.00 0.00 0.00 0.00 0.00 0.00 1.00 0.00]
 [0.00 0.00 0.00 0.00 0.00 0.00 1.00 1.00 0.00 0.00]
 [0.00 0.00 0.00 1.00 0.00 0.00 1.00 0.00 0.00 0.00]]