#1#
[68.00 36.00]
[10.00 54.00]
[45.00 160.00]
[107.00 148.00]
[164.00 121.00]
[124.00 10.00]
#2#
[[68.00 36.00]
 [10.00 54.00]]
[[10.00 54.00]
 [45.00 160.00]]
[[45.00 160.00]
 [107.00 148.00]]
[[68.00 36.00]
 [107.00 148.00]]
[[107.00 148.00]
 [164.00 121.00]]
[[164.00 121.00]
 [124.00 10.00]]
[[68.00 36.00]
 [124.00 10.00]]
#3#
[[0.00 1.00 0.00 1.00 0.00 1.00]
 [1.00 0.00 1.00 0.00 0.00 0.00]
 [0.00 1.00 0.00 1.00 0.00 0.00]
 [1.00 0.00 1.00 0.00 1.00 0.00]
 [0.00 0.00 0.00 1.00 0.00 1.00]
 [1.00 0.00 0.00 0.00 1.00 0.00]]