#1#
[99.00 22.00]
[163.00 38.00]
[134.00 156.00]
[71.00 141.00]
[10.00 124.00]
[37.00 10.00]
#2#
[[99.00 22.00]
 [163.00 38.00]]
[[163.00 38.00]
 [134.00 156.00]]
[[134.00 156.00]
 [71.00 141.00]]
[[71.00 141.00]
 [10.00 124.00]]
[[10.00 124.00]
 [37.00 10.00]]
[[99.00 22.00]
 [37.00 10.00]]
[[99.00 22.00]
 [71.00 141.00]]
#3#
[[0.00 1.00 0.00 1.00 0.00 1.00]
 [1.00 0.00 1.00 0.00 0.00 0.00]
 [0.00 1.00 0.00 1.00 0.00 0.00]
 [1.00 0.00 1.00 0.00 1.00 0.00]
 [0.00 0.00 0.00 1.00 0.00 1.00]
 [1.00 0.00 0.00 0.00 1.00 0.00]]