#1#
[19.00 58.00]
[10.00 104.00]
[116.00 123.00]
[123.00 77.00]
[131.00 27.00]
[27.00 10.00]
#2#
[[19.00 58.00]
 [10.00 104.00]]
[[10.00 104.00]
 [116.00 123.00]]
[[116.00 123.00]
 [123.00 77.00]]
[[123.00 77.00]
 [131.00 27.00]]
[[131.00 27.00]
 [27.00 10.00]]
[[19.00 58.00]
 [27.00 10.00]]
[[19.00 58.00]
 [123.00 77.00]]
#3#
[[0.00 1.00 0.00 1.00 0.00 1.00]
 [1.00 0.00 1.00 0.00 0.00 0.00]
 [0.00 1.00 0.00 1.00 0.00 0.00]
 [1.00 0.00 1.00 0.00 1.00 0.00]
 [0.00 0.00 0.00 1.00 0.00 1.00]
 [1.00 0.00 0.00 0.00 1.00 0.00]]