#1#
[35.00 83.00]
[20.00 75.00]
[52.00 10.00]
[105.00 36.00]
[75.00 99.00]
[114.00 118.00]
[88.00 172.00]
[10.00 134.00]
#2#
[[35.00 83.00]
 [20.00 75.00]]
[[20.00 75.00]
 [52.00 10.00]]
[[52.00 10.00]
 [105.00 36.00]]
[[105.00 36.00]
 [75.00 99.00]]
[[75.00 99.00]
 [114.00 118.00]]
[[114.00 118.00]
 [88.00 172.00]]
[[88.00 172.00]
 [10.00 134.00]]
[[35.00 83.00]
 [10.00 134.00]]
#3#
[[0.00 1.00 0.00 0.00 0.00 0.00 0.00 1.00]
 [1.00 0.00 1.00 0.00 0.00 0.00 0.00 0.00]
 [0.00 1.00 0.00 1.00 0.00 0.00 0.00 0.00]
 [0.00 0.00 1.00 0.00 1.00 0.00 0.00 0.00]
 [0.00 0.00 0.00 1.00 0.00 1.00 0.00 0.00]
 [0.00 0.00 0.00 0.00 1.00 0.00 1.00 0.00]
 [0.00 0.00 0.00 0.00 0.00 1.00 0.00 1.00]
 [1.00 0.00 0.00 0.00 0.00 0.00 1.00 0.00]]