#1#
[153.00 93.00]
[154.00 65.00]
[144.00 67.00]
[145.00 50.00]
[66.00 51.00]
[66.00 11.00]
[10.00 10.00]
[10.00 93.00]
[154.00 148.00]
[10.00 148.00]
#2#
[[153.00 93.00]
 [154.00 65.00]]
[[154.00 65.00]
 [144.00 67.00]]
[[144.00 67.00]
 [145.00 50.00]]
[[145.00 50.00]
 [66.00 51.00]]
[[66.00 51.00]
 [66.00 11.00]]
[[66.00 11.00]
 [10.00 10.00]]
[[10.00 10.00]
 [10.00 93.00]]
[[153.00 93.00]
 [154.00 148.00]]
[[154.00 148.00]
 [10.00 148.00]]
[[10.00 148.00]
 [10.00 93.00]]
[[153.00 93.00]
 [10.00 93.00]]
#3#
[[0.00 1.00 0.00 0.00 0.00 0.00 0.00 1.00 1.00 0.00]
 [1.00 0.00 1.00 0.00 0.00 0.00 0.00 0.00 0.00 0.00]
 [0.00 1.00 0.00 1.00 0.00 0.00 0.00 0.00 0.00 0.00]
 [0.00 0.00 1.00 0.00 1.00 0.00 0.00 0.00 0.00 0.00]
 [0.00 0.00 0.00 1.00 0.00 1.00 0.00 0.00 0.00 0.00]
 [0.00 0.00 0.00 0.00 1.00 0.00 1.00 0.00 0.00 0.00]
 [0.00 0.00 0.00 0.00 0.00 1.00 0.00 1.00 0.00 0.00]
 [1.00 0.00 0.00 0.00 0.00 0.00 1.00 0.00 0.00 1.00]
 [1.00 0.00 0.00 0.00 0.00 0.00 0.00 0.00 0.00 1.00]
 [0.00 0.00 0.00 0.00 0.00 0.00 0.00 1.00 1.00 0.00]]