#1#
[16.00 19.00]
[72.00 10.00]
[130.00 25.00]
[67.00 140.00]
[10.00 149.00]
[122.00 157.00]
#2#
[[16.00 19.00]
 [72.00 10.00]]
[[72.00 10.00]
 [130.00 25.00]]
[[72.00 10.00]
 [67.00 140.00]]
[[16.00 19.00]
 [10.00 149.00]]
[[67.00 140.00]
 [10.00 149.00]]
[[67.00 140.00]
 [122.00 157.00]]
[[130.00 25.00]
 [122.00 157.00]]
#3#
[[0.00 1.00 0.00 0.00 1.00 0.00]
 [1.00 0.00 1.00 1.00 0.00 0.00]
 [0.00 1.00 0.00 0.00 0.00 1.00]
 [0.00 1.00 0.00 0.00 1.00 1.00]
 [1.00 0.00 0.00 1.00 0.00 0.00]
 [0.00 0.00 1.00 1.00 0.00 0.00]]