#1#
[163.00 176.00]
[198.00 147.00]
[84.00 236.00]
[10.00 141.00]
[168.00 10.00]
[242.00 108.00]
[181.00 127.00]
[147.00 155.00]
#2#
[[163.00 176.00]
 [198.00 147.00]]
[[163.00 176.00]
 [84.00 236.00]]
[[84.00 236.00]
 [10.00 141.00]]
[[10.00 141.00]
 [168.00 10.00]]
[[168.00 10.00]
 [242.00 108.00]]
[[198.00 147.00]
 [242.00 108.00]]
[[198.00 147.00]
 [181.00 127.00]]
[[181.00 127.00]
 [147.00 155.00]]
[[163.00 176.00]
 [147.00 155.00]]
#3#
[[0.00 1.00 1.00 0.00 0.00 0.00 0.00 1.00]
 [1.00 0.00 0.00 0.00 0.00 1.00 1.00 0.00]
 [1.00 0.00 0.00 1.00 0.00 0.00 0.00 0.00]
 [0.00 0.00 1.00 0.00 1.00 0.00 0.00 0.00]
 [0.00 0.00 0.00 1.00 0.00 1.00 0.00 0.00]
 [0.00 1.00 0.00 0.00 1.00 0.00 0.00 0.00]
 [0.00 1.00 0.00 0.00 0.00 0.00 0.00 1.00]
 [1.00 0.00 0.00 0.00 0.00 0.00 1.00 0.00]]