#1#
[65.00 10.00]
[12.00 16.00]
[10.00 112.00]
[63.00 105.00]
[122.00 113.00]
[120.00 22.00]
#2#
[[65.00 10.00]
 [12.00 16.00]]
[[12.00 16.00]
 [10.00 112.00]]
[[10.00 112.00]
 [63.00 105.00]]
[[63.00 105.00]
 [122.00 113.00]]
[[122.00 113.00]
 [120.00 22.00]]
[[65.00 10.00]
 [120.00 22.00]]
[[65.00 10.00]
 [63.00 105.00]]
#3#
[[0.00 1.00 0.00 1.00 0.00 1.00]
 [1.00 0.00 1.00 0.00 0.00 0.00]
 [0.00 1.00 0.00 1.00 0.00 0.00]
 [1.00 0.00 1.00 0.00 1.00 0.00]
 [0.00 0.00 0.00 1.00 0.00 1.00]
 [1.00 0.00 0.00 0.00 1.00 0.00]]