#1#
[99.00 26.00]
[69.00 143.00]
[10.00 125.00]
[42.00 10.00]
[103.00 26.00]
[159.00 44.00]
[124.00 160.00]
#2#
[[99.00 26.00]
 [69.00 143.00]]
[[69.00 143.00]
 [10.00 125.00]]
[[10.00 125.00]
 [42.00 10.00]]
[[42.00 10.00]
 [103.00 26.00]]
[[103.00 26.00]
 [159.00 44.00]]
[[159.00 44.00]
 [124.00 160.00]]
[[69.00 143.00]
 [124.00 160.00]]
#3#
[[0.00 1.00 0.00 0.00 0.00 0.00 0.00]
 [1.00 0.00 1.00 0.00 0.00 0.00 1.00]
 [0.00 1.00 0.00 1.00 0.00 0.00 0.00]
 [0.00 0.00 1.00 0.00 1.00 0.00 0.00]
 [0.00 0.00 0.00 1.00 0.00 1.00 0.00]
 [0.00 0.00 0.00 0.00 1.00 0.00 1.00]
 [0.00 1.00 0.00 0.00 0.00 1.00 0.00]]