#1#
[161.00 193.00]
[209.00 158.00]
[163.00 99.00]
[177.00 88.00]
[179.00 87.00]
[119.00 10.00]
[57.00 56.00]
[10.00 94.00]
[117.00 231.00]
[120.00 11.00]
#2#
[[161.00 193.00]
 [209.00 158.00]]
[[209.00 158.00]
 [163.00 99.00]]
[[163.00 99.00]
 [177.00 88.00]]
[[120.00 11.00]
 [179.00 87.00]]
[[120.00 11.00]
 [119.00 10.00]]
[[179.00 87.00]
 [119.00 10.00]]
[[57.00 56.00]
 [10.00 94.00]]
[[117.00 231.00]
 [10.00 94.00]]
[[117.00 231.00]
 [161.00 193.00]]
[[161.00 193.00]
 [57.00 56.00]]
[[120.00 11.00]
 [57.00 56.00]]
#3#
[[0.00 1.00 0.00 0.00 0.00 0.00 1.00 0.00 1.00 0.00]
 [1.00 0.00 1.00 0.00 0.00 0.00 0.00 0.00 0.00 0.00]
 [0.00 1.00 0.00 1.00 0.00 0.00 0.00 0.00 0.00 0.00]
 [0.00 0.00 1.00 0.00 0.00 0.00 0.00 0.00 0.00 0.00]
 [0.00 0.00 0.00 0.00 0.00 1.00 0.00 0.00 0.00 1.00]
 [0.00 0.00 0.00 0.00 1.00 0.00 0.00 0.00 0.00 1.00]
 [1.00 0.00 0.00 0.00 0.00 0.00 0.00 1.00 0.00 1.00]
 [0.00 0.00 0.00 0.00 0.00 0.00 1.00 0.00 1.00 0.00]
 [1.00 0.00 0.00 0.00 0.00 0.00 0.00 1.00 0.00 0.00]
 [0.00 0.00 0.00 0.00 1.00 1.00 1.00 0.00 0.00 0.00]]