#1#
[108.00 153.00]
[68.00 33.00]
[10.00 45.00]
[49.00 165.00]
[158.00 130.00]
[121.00 10.00]
#2#
[[108.00 153.00]
 [68.00 33.00]]
[[68.00 33.00]
 [10.00 45.00]]
[[10.00 45.00]
 [49.00 165.00]]
[[108.00 153.00]
 [49.00 165.00]]
[[108.00 153.00]
 [158.00 130.00]]
[[158.00 130.00]
 [121.00 10.00]]
[[68.00 33.00]
 [121.00 10.00]]
#3#
[[0.00 1.00 0.00 1.00 1.00 0.00]
 [1.00 0.00 1.00 0.00 0.00 1.00]
 [0.00 1.00 0.00 1.00 0.00 0.00]
 [1.00 0.00 1.00 0.00 0.00 0.00]
 [1.00 0.00 0.00 0.00 0.00 1.00]
 [0.00 1.00 0.00 0.00 1.00 0.00]]