#1#
[273.00 75.00]
[269.00 159.00]
[10.00 150.00]
[13.00 65.00]
[17.00 10.00]
[277.00 22.00]
#2#
[[273.00 75.00]
 [269.00 159.00]]
[[269.00 159.00]
 [10.00 150.00]]
[[10.00 150.00]
 [13.00 65.00]]
[[273.00 75.00]
 [13.00 65.00]]
[[13.00 65.00]
 [17.00 10.00]]
[[17.00 10.00]
 [277.00 22.00]]
[[273.00 75.00]
 [277.00 22.00]]
#3#
[[0.00 1.00 0.00 1.00 0.00 1.00]
 [1.00 0.00 1.00 0.00 0.00 0.00]
 [0.00 1.00 0.00 1.00 0.00 0.00]
 [1.00 0.00 1.00 0.00 1.00 0.00]
 [0.00 0.00 0.00 1.00 0.00 1.00]
 [1.00 0.00 0.00 0.00 1.00 0.00]]