#1#
[146.00 61.00]
[55.00 158.00]
[188.00 99.00]
[101.00 193.00]
[10.00 108.00]
[98.00 10.00]
#2#
[[146.00 61.00]
 [55.00 158.00]]
[[146.00 61.00]
 [188.00 99.00]]
[[188.00 99.00]
 [101.00 193.00]]
[[55.00 158.00]
 [101.00 193.00]]
[[55.00 158.00]
 [10.00 108.00]]
[[10.00 108.00]
 [98.00 10.00]]
[[146.00 61.00]
 [98.00 10.00]]
#3#
[[0.00 1.00 1.00 0.00 0.00 1.00]
 [1.00 0.00 0.00 1.00 1.00 0.00]
 [1.00 0.00 0.00 1.00 0.00 0.00]
 [0.00 1.00 1.00 0.00 0.00 0.00]
 [0.00 1.00 0.00 0.00 0.00 1.00]
 [1.00 0.00 0.00 0.00 1.00 0.00]]