#1#
[57.00 156.00]
[10.00 127.00]
[67.00 10.00]
[113.00 38.00]
[163.00 54.00]
[110.00 173.00]
#2#
[[57.00 156.00]
 [10.00 127.00]]
[[10.00 127.00]
 [67.00 10.00]]
[[67.00 10.00]
 [113.00 38.00]]
[[57.00 156.00]
 [113.00 38.00]]
[[113.00 38.00]
 [163.00 54.00]]
[[163.00 54.00]
 [110.00 173.00]]
[[57.00 156.00]
 [110.00 173.00]]
#3#
[[0.00 1.00 0.00 1.00 0.00 1.00]
 [1.00 0.00 1.00 0.00 0.00 0.00]
 [0.00 1.00 0.00 1.00 0.00 0.00]
 [1.00 0.00 1.00 0.00 1.00 0.00]
 [0.00 0.00 0.00 1.00 0.00 1.00]
 [1.00 0.00 0.00 0.00 1.00 0.00]]