#1#
[93.00 156.00]
[107.00 135.00]
[57.00 170.00]
[10.00 51.00]
[43.00 39.00]
[138.00 138.00]
[168.00 127.00]
[124.00 10.00]
[88.00 23.00]
[73.00 47.00]
#2#
[[93.00 156.00]
 [107.00 135.00]]
[[93.00 156.00]
 [57.00 170.00]]
[[57.00 170.00]
 [10.00 51.00]]
[[10.00 51.00]
 [43.00 39.00]]
[[93.00 156.00]
 [138.00 138.00]]
[[138.00 138.00]
 [168.00 127.00]]
[[168.00 127.00]
 [124.00 10.00]]
[[88.00 23.00]
 [124.00 10.00]]
[[107.00 135.00]
 [138.00 138.00]]
[[73.00 47.00]
 [107.00 135.00]]
[[73.00 47.00]
 [43.00 39.00]]
[[88.00 23.00]
 [43.00 39.00]]
[[88.00 23.00]
 [73.00 47.00]]
#3#
[[0.00 1.00 1.00 0.00 0.00 1.00 0.00 0.00 0.00 0.00]
 [1.00 0.00 0.00 0.00 0.00 1.00 0.00 0.00 0.00 1.00]
 [1.00 0.00 0.00 1.00 0.00 0.00 0.00 0.00 0.00 0.00]
 [0.00 0.00 1.00 0.00 1.00 0.00 0.00 0.00 0.00 0.00]
 [0.00 0.00 0.00 1.00 0.00 0.00 0.00 0.00 1.00 1.00]
 [1.00 1.00 0.00 0.00 0.00 0.00 1.00 0.00 0.00 0.00]
 [0.00 0.00 0.00 0.00 0.00 1.00 0.00 1.00 0.00 0.00]
 [0.00 0.00 0.00 0.00 0.00 0.00 1.00 0.00 1.00 0.00]
 [0.00 0.00 0.00 0.00 1.00 0.00 0.00 1.00 0.00 1.00]
 [0.00 1.00 0.00 0.00 1.00 0.00 0.00 0.00 1.00 0.00]]