#1#
[10.00 166.00]
[81.00 10.00]
[198.00 62.00]
[171.00 125.00]
[174.00 126.00]
[156.00 161.00]
[154.00 161.00]
[127.00 221.00]
#2#
[[10.00 166.00]
 [81.00 10.00]]
[[81.00 10.00]
 [198.00 62.00]]
[[198.00 62.00]
 [171.00 125.00]]
[[171.00 125.00]
 [174.00 126.00]]
[[174.00 126.00]
 [156.00 161.00]]
[[156.00 161.00]
 [154.00 161.00]]
[[154.00 161.00]
 [127.00 221.00]]
[[10.00 166.00]
 [127.00 221.00]]
#3#
[[0.00 1.00 0.00 0.00 0.00 0.00 0.00 1.00]
 [1.00 0.00 1.00 0.00 0.00 0.00 0.00 0.00]
 [0.00 1.00 0.00 1.00 0.00 0.00 0.00 0.00]
 [0.00 0.00 1.00 0.00 1.00 0.00 0.00 0.00]
 [0.00 0.00 0.00 1.00 0.00 1.00 0.00 0.00]
 [0.00 0.00 0.00 0.00 1.00 0.00 1.00 0.00]
 [0.00 0.00 0.00 0.00 0.00 1.00 0.00 1.00]
 [1.00 0.00 0.00 0.00 0.00 0.00 1.00 0.00]]