#1#
[117.00 127.00]
[104.00 160.00]
[76.00 148.00]
[90.00 113.00]
[185.00 123.00]
[37.00 62.00]
[207.00 74.00]
[63.00 10.00]
[10.00 129.00]
[159.00 192.00]
#2#
[[117.00 127.00]
 [104.00 160.00]]
[[104.00 160.00]
 [76.00 148.00]]
[[76.00 148.00]
 [90.00 113.00]]
[[185.00 123.00]
 [37.00 62.00]]
[[185.00 123.00]
 [207.00 74.00]]
[[207.00 74.00]
 [63.00 10.00]]
[[37.00 62.00]
 [63.00 10.00]]
[[10.00 129.00]
 [37.00 62.00]]
[[10.00 129.00]
 [159.00 192.00]]
[[159.00 192.00]
 [185.00 123.00]]
#3#
[[0.00 1.00 0.00 0.00 0.00 0.00 0.00 0.00 0.00 0.00]
 [1.00 0.00 1.00 0.00 0.00 0.00 0.00 0.00 0.00 0.00]
 [0.00 1.00 0.00 1.00 0.00 0.00 0.00 0.00 0.00 0.00]
 [0.00 0.00 1.00 0.00 0.00 0.00 0.00 0.00 0.00 0.00]
 [0.00 0.00 0.00 0.00 0.00 1.00 1.00 0.00 0.00 1.00]
 [0.00 0.00 0.00 0.00 1.00 0.00 0.00 1.00 1.00 0.00]
 [0.00 0.00 0.00 0.00 1.00 0.00 0.00 1.00 0.00 0.00]
 [0.00 0.00 0.00 0.00 0.00 1.00 1.00 0.00 0.00 0.00]
 [0.00 0.00 0.00 0.00 0.00 1.00 0.00 0.00 0.00 1.00]
 [0.00 0.00 0.00 0.00 1.00 0.00 0.00 0.00 1.00 0.00]]