#1#
[29.00 12.00]
[10.00 24.00]
[37.00 90.00]
[55.00 77.00]
[52.00 10.00]
[77.00 72.00]
#2#
[[29.00 12.00]
 [10.00 24.00]]
[[10.00 24.00]
 [37.00 90.00]]
[[37.00 90.00]
 [55.00 77.00]]
[[29.00 12.00]
 [55.00 77.00]]
[[29.00 12.00]
 [52.00 10.00]]
[[52.00 10.00]
 [77.00 72.00]]
[[55.00 77.00]
 [77.00 72.00]]
#3#
[[0.00 1.00 0.00 1.00 1.00 0.00]
 [1.00 0.00 1.00 0.00 0.00 0.00]
 [0.00 1.00 0.00 1.00 0.00 0.00]
 [1.00 0.00 1.00 0.00 0.00 1.00]
 [1.00 0.00 0.00 0.00 0.00 1.00]
 [0.00 0.00 0.00 1.00 1.00 0.00]]