#1#
[138.00 158.00]
[83.00 198.00]
[10.00 86.00]
[65.00 49.00]
[122.00 10.00]
[194.00 118.00]
#2#
[[138.00 158.00]
 [83.00 198.00]]
[[83.00 198.00]
 [10.00 86.00]]
[[10.00 86.00]
 [65.00 49.00]]
[[138.00 158.00]
 [65.00 49.00]]
[[65.00 49.00]
 [122.00 10.00]]
[[122.00 10.00]
 [194.00 118.00]]
[[138.00 158.00]
 [194.00 118.00]]
#3#
[[0.00 1.00 0.00 1.00 0.00 1.00]
 [1.00 0.00 1.00 0.00 0.00 0.00]
 [0.00 1.00 0.00 1.00 0.00 0.00]
 [1.00 0.00 1.00 0.00 1.00 0.00]
 [0.00 0.00 0.00 1.00 0.00 1.00]
 [1.00 0.00 0.00 0.00 1.00 0.00]]