#1#
[75.00 172.00]
[10.00 180.00]
[17.00 18.00]
[81.00 10.00]
[137.00 24.00]
[130.00 184.00]
#2#
[[75.00 172.00]
 [10.00 180.00]]
[[10.00 180.00]
 [17.00 18.00]]
[[17.00 18.00]
 [81.00 10.00]]
[[75.00 172.00]
 [81.00 10.00]]
[[81.00 10.00]
 [137.00 24.00]]
[[137.00 24.00]
 [130.00 184.00]]
[[75.00 172.00]
 [130.00 184.00]]
#3#
[[0.00 1.00 0.00 1.00 0.00 1.00]
 [1.00 0.00 1.00 0.00 0.00 0.00]
 [0.00 1.00 0.00 1.00 0.00 0.00]
 [1.00 0.00 1.00 0.00 1.00 0.00]
 [0.00 0.00 0.00 1.00 0.00 1.00]
 [1.00 0.00 0.00 0.00 1.00 0.00]]