#1#
[38.00 53.00]
[66.00 10.00]
[174.00 73.00]
[147.00 115.00]
[120.00 172.00]
[10.00 109.00]
#2#
[[38.00 53.00]
 [66.00 10.00]]
[[66.00 10.00]
 [174.00 73.00]]
[[174.00 73.00]
 [147.00 115.00]]
[[147.00 115.00]
 [120.00 172.00]]
[[120.00 172.00]
 [10.00 109.00]]
[[38.00 53.00]
 [10.00 109.00]]
[[38.00 53.00]
 [147.00 115.00]]
#3#
[[0.00 1.00 0.00 1.00 0.00 1.00]
 [1.00 0.00 1.00 0.00 0.00 0.00]
 [0.00 1.00 0.00 1.00 0.00 0.00]
 [1.00 0.00 1.00 0.00 1.00 0.00]
 [0.00 0.00 0.00 1.00 0.00 1.00]
 [1.00 0.00 0.00 0.00 1.00 0.00]]