#1#
[34.00 106.00]
[58.00 167.00]
[168.00 122.00]
[146.00 57.00]
[10.00 57.00]
[123.00 10.00]
#2#
[[34.00 106.00]
 [58.00 167.00]]
[[58.00 167.00]
 [168.00 122.00]]
[[168.00 122.00]
 [146.00 57.00]]
[[34.00 106.00]
 [146.00 57.00]]
[[34.00 106.00]
 [10.00 57.00]]
[[10.00 57.00]
 [123.00 10.00]]
[[146.00 57.00]
 [123.00 10.00]]
#3#
[[0.00 1.00 0.00 1.00 1.00 0.00]
 [1.00 0.00 1.00 0.00 0.00 0.00]
 [0.00 1.00 0.00 1.00 0.00 0.00]
 [1.00 0.00 1.00 0.00 0.00 1.00]
 [1.00 0.00 0.00 0.00 0.00 1.00]
 [0.00 0.00 0.00 1.00 1.00 0.00]]