#1#
[48.00 80.00]
[117.00 79.00]
[145.00 10.00]
[146.00 128.00]
[14.00 132.00]
[10.00 14.00]
#2#
[[48.00 80.00]
 [117.00 79.00]]
[[117.00 79.00]
 [145.00 10.00]]
[[145.00 10.00]
 [146.00 128.00]]
[[117.00 79.00]
 [146.00 128.00]]
[[146.00 128.00]
 [14.00 132.00]]
[[48.00 80.00]
 [14.00 132.00]]
[[14.00 132.00]
 [10.00 14.00]]
[[48.00 80.00]
 [10.00 14.00]]
[[145.00 10.00]
 [10.00 14.00]]
#3#
[[0.00 1.00 0.00 0.00 1.00 1.00]
 [1.00 0.00 1.00 1.00 0.00 0.00]
 [0.00 1.00 0.00 1.00 0.00 1.00]
 [0.00 1.00 1.00 0.00 1.00 0.00]
 [1.00 0.00 0.00 1.00 0.00 1.00]
 [1.00 0.00 1.00 0.00 1.00 0.00]]