#1#
[132.00 103.00]
[113.00 158.00]
[10.00 118.00]
[29.00 64.00]
[153.00 48.00]
[48.00 10.00]
#2#
[[132.00 103.00]
 [113.00 158.00]]
[[113.00 158.00]
 [10.00 118.00]]
[[10.00 118.00]
 [29.00 64.00]]
[[132.00 103.00]
 [29.00 64.00]]
[[132.00 103.00]
 [153.00 48.00]]
[[153.00 48.00]
 [48.00 10.00]]
[[29.00 64.00]
 [48.00 10.00]]
#3#
[[0.00 1.00 0.00 1.00 1.00 0.00]
 [1.00 0.00 1.00 0.00 0.00 0.00]
 [0.00 1.00 0.00 1.00 0.00 0.00]
 [1.00 0.00 1.00 0.00 0.00 1.00]
 [1.00 0.00 0.00 0.00 0.00 1.00]
 [0.00 0.00 0.00 1.00 1.00 0.00]]