#1#
[82.00 157.00]
[89.00 26.00]
[151.00 15.00]
[143.00 147.00]
[10.00 141.00]
[17.00 10.00]
#2#
[[82.00 157.00]
 [89.00 26.00]]
[[89.00 26.00]
 [151.00 15.00]]
[[151.00 15.00]
 [143.00 147.00]]
[[82.00 157.00]
 [143.00 147.00]]
[[82.00 157.00]
 [10.00 141.00]]
[[10.00 141.00]
 [17.00 10.00]]
[[89.00 26.00]
 [17.00 10.00]]
#3#
[[0.00 1.00 0.00 1.00 1.00 0.00]
 [1.00 0.00 1.00 0.00 0.00 1.00]
 [0.00 1.00 0.00 1.00 0.00 0.00]
 [1.00 0.00 1.00 0.00 0.00 0.00]
 [1.00 0.00 0.00 0.00 0.00 1.00]
 [0.00 1.00 0.00 0.00 1.00 0.00]]