#1#
[103.00 154.00]
[50.00 166.00]
[10.00 46.00]
[65.00 36.00]
[118.00 10.00]
[158.00 131.00]
#2#
[[103.00 154.00]
 [50.00 166.00]]
[[50.00 166.00]
 [10.00 46.00]]
[[10.00 46.00]
 [65.00 36.00]]
[[65.00 36.00]
 [118.00 10.00]]
[[118.00 10.00]
 [158.00 131.00]]
[[103.00 154.00]
 [158.00 131.00]]
[[103.00 154.00]
 [65.00 36.00]]
#3#
[[0.00 1.00 0.00 1.00 0.00 1.00]
 [1.00 0.00 1.00 0.00 0.00 0.00]
 [0.00 1.00 0.00 1.00 0.00 0.00]
 [1.00 0.00 1.00 0.00 1.00 0.00]
 [0.00 0.00 0.00 1.00 0.00 1.00]
 [1.00 0.00 0.00 0.00 1.00 0.00]]