#1#
[70.00 132.00]
[128.00 144.00]
[151.00 36.00]
[95.00 25.00]
[10.00 117.00]
[32.00 10.00]
#2#
[[70.00 132.00]
 [128.00 144.00]]
[[128.00 144.00]
 [151.00 36.00]]
[[151.00 36.00]
 [95.00 25.00]]
[[70.00 132.00]
 [95.00 25.00]]
[[70.00 132.00]
 [10.00 117.00]]
[[10.00 117.00]
 [32.00 10.00]]
[[95.00 25.00]
 [32.00 10.00]]
#3#
[[0.00 1.00 0.00 1.00 1.00 0.00]
 [1.00 0.00 1.00 0.00 0.00 0.00]
 [0.00 1.00 0.00 1.00 0.00 0.00]
 [1.00 0.00 1.00 0.00 0.00 1.00]
 [1.00 0.00 0.00 0.00 0.00 1.00]
 [0.00 0.00 0.00 1.00 1.00 0.00]]