#1#
[97.00 33.00]
[50.00 130.00]
[134.00 46.00]
[86.00 144.00]
[10.00 108.00]
[57.00 10.00]
#2#
[[97.00 33.00]
 [50.00 130.00]]
[[97.00 33.00]
 [134.00 46.00]]
[[134.00 46.00]
 [86.00 144.00]]
[[50.00 130.00]
 [86.00 144.00]]
[[50.00 130.00]
 [10.00 108.00]]
[[10.00 108.00]
 [57.00 10.00]]
[[97.00 33.00]
 [57.00 10.00]]
#3#
[[0.00 1.00 1.00 0.00 0.00 1.00]
 [1.00 0.00 0.00 1.00 1.00 0.00]
 [1.00 0.00 0.00 1.00 0.00 0.00]
 [0.00 1.00 1.00 0.00 0.00 0.00]
 [0.00 1.00 0.00 0.00 0.00 1.00]
 [1.00 0.00 0.00 0.00 1.00 0.00]]