#1#
[233.00 167.00]
[267.00 108.00]
[78.00 10.00]
[41.00 71.00]
[10.00 136.00]
[199.00 235.00]
#2#
[[233.00 167.00]
 [267.00 108.00]]
[[267.00 108.00]
 [78.00 10.00]]
[[78.00 10.00]
 [41.00 71.00]]
[[41.00 71.00]
 [10.00 136.00]]
[[10.00 136.00]
 [199.00 235.00]]
[[233.00 167.00]
 [199.00 235.00]]
[[233.00 167.00]
 [41.00 71.00]]
#3#
[[0.00 1.00 0.00 1.00 0.00 1.00]
 [1.00 0.00 1.00 0.00 0.00 0.00]
 [0.00 1.00 0.00 1.00 0.00 0.00]
 [1.00 0.00 1.00 0.00 1.00 0.00]
 [0.00 0.00 0.00 1.00 0.00 1.00]
 [1.00 0.00 0.00 0.00 1.00 0.00]]