#1#
[16.00 79.00]
[145.00 94.00]
[154.00 25.00]
[24.00 10.00]
[10.00 133.00]
[138.00 148.00]
#2#
[[16.00 79.00]
 [145.00 94.00]]
[[145.00 94.00]
 [154.00 25.00]]
[[154.00 25.00]
 [24.00 10.00]]
[[16.00 79.00]
 [24.00 10.00]]
[[16.00 79.00]
 [10.00 133.00]]
[[10.00 133.00]
 [138.00 148.00]]
[[145.00 94.00]
 [138.00 148.00]]
#3#
[[0.00 1.00 0.00 1.00 1.00 0.00]
 [1.00 0.00 1.00 0.00 0.00 1.00]
 [0.00 1.00 0.00 1.00 0.00 0.00]
 [1.00 0.00 1.00 0.00 0.00 0.00]
 [1.00 0.00 0.00 0.00 0.00 1.00]
 [0.00 1.00 0.00 0.00 1.00 0.00]]