#1#
[58.00 156.00]
[64.00 23.00]
[115.00 15.00]
[108.00 147.00]
[10.00 143.00]
[17.00 10.00]
#2#
[[58.00 156.00]
 [64.00 23.00]]
[[64.00 23.00]
 [115.00 15.00]]
[[115.00 15.00]
 [108.00 147.00]]
[[58.00 156.00]
 [108.00 147.00]]
[[58.00 156.00]
 [10.00 143.00]]
[[10.00 143.00]
 [17.00 10.00]]
[[64.00 23.00]
 [17.00 10.00]]
#3#
[[0.00 1.00 0.00 1.00 1.00 0.00]
 [1.00 0.00 1.00 0.00 0.00 1.00]
 [0.00 1.00 0.00 1.00 0.00 0.00]
 [1.00 0.00 1.00 0.00 0.00 0.00]
 [1.00 0.00 0.00 0.00 0.00 1.00]
 [0.00 1.00 0.00 0.00 1.00 0.00]]