#1#
[115.00 33.00]
[109.00 67.00]
[136.00 84.00]
[19.00 76.00]
[10.00 52.00]
[105.00 10.00]
[145.00 107.00]
[49.00 146.00]
[38.00 125.00]
[47.00 93.00]
#2#
[[115.00 33.00]
 [109.00 67.00]]
[[109.00 67.00]
 [136.00 84.00]]
[[19.00 76.00]
 [10.00 52.00]]
[[10.00 52.00]
 [105.00 10.00]]
[[115.00 33.00]
 [105.00 10.00]]
[[115.00 33.00]
 [136.00 84.00]]
[[136.00 84.00]
 [145.00 107.00]]
[[145.00 107.00]
 [49.00 146.00]]
[[38.00 125.00]
 [49.00 146.00]]
[[47.00 93.00]
 [19.00 76.00]]
[[47.00 93.00]
 [109.00 67.00]]
[[38.00 125.00]
 [19.00 76.00]]
[[38.00 125.00]
 [47.00 93.00]]
#3#
[[0.00 1.00 1.00 0.00 0.00 1.00 0.00 0.00 0.00 0.00]
 [1.00 0.00 1.00 0.00 0.00 0.00 0.00 0.00 0.00 1.00]
 [1.00 1.00 0.00 0.00 0.00 0.00 1.00 0.00 0.00 0.00]
 [0.00 0.00 0.00 0.00 1.00 0.00 0.00 0.00 1.00 1.00]
 [0.00 0.00 0.00 1.00 0.00 1.00 0.00 0.00 0.00 0.00]
 [1.00 0.00 0.00 0.00 1.00 0.00 0.00 0.00 0.00 0.00]
 [0.00 0.00 1.00 0.00 0.00 0.00 0.00 1.00 0.00 0.00]
 [0.00 0.00 0.00 0.00 0.00 0.00 1.00 0.00 1.00 0.00]
 [0.00 0.00 0.00 1.00 0.00 0.00 0.00 1.00 0.00 1.00]
 [0.00 1.00 0.00 1.00 0.00 0.00 0.00 0.00 1.00 0.00]]