#1#
[103.00 23.00]
[161.00 34.00]
[126.00 173.00]
[68.00 158.00]
[10.00 144.00]
[43.00 10.00]
#2#
[[103.00 23.00]
 [161.00 34.00]]
[[161.00 34.00]
 [126.00 173.00]]
[[126.00 173.00]
 [68.00 158.00]]
[[103.00 23.00]
 [68.00 158.00]]
[[68.00 158.00]
 [10.00 144.00]]
[[10.00 144.00]
 [43.00 10.00]]
[[103.00 23.00]
 [43.00 10.00]]
#3#
[[0.00 1.00 0.00 1.00 0.00 1.00]
 [1.00 0.00 1.00 0.00 0.00 0.00]
 [0.00 1.00 0.00 1.00 0.00 0.00]
 [1.00 0.00 1.00 0.00 1.00 0.00]
 [0.00 0.00 0.00 1.00 0.00 1.00]
 [1.00 0.00 0.00 0.00 1.00 0.00]]