#1#
[102.00 10.00]
[104.00 33.00]
[115.00 91.00]
[179.00 84.00]
[74.00 134.00]
[10.00 109.00]
[29.00 112.00]
[89.00 179.00]
#2#
[[102.00 10.00]
 [104.00 33.00]]
[[104.00 33.00]
 [115.00 91.00]]
[[102.00 10.00]
 [179.00 84.00]]
[[115.00 91.00]
 [179.00 84.00]]
[[115.00 91.00]
 [74.00 134.00]]
[[102.00 10.00]
 [10.00 109.00]]
[[10.00 109.00]
 [29.00 112.00]]
[[104.00 33.00]
 [29.00 112.00]]
[[74.00 134.00]
 [29.00 112.00]]
[[74.00 134.00]
 [89.00 179.00]]
[[10.00 109.00]
 [89.00 179.00]]
[[179.00 84.00]
 [89.00 179.00]]
#3#
[[0.00 1.00 0.00 1.00 0.00 1.00 0.00 0.00]
 [1.00 0.00 1.00 0.00 0.00 0.00 1.00 0.00]
 [0.00 1.00 0.00 1.00 1.00 0.00 0.00 0.00]
 [1.00 0.00 1.00 0.00 0.00 0.00 0.00 1.00]
 [0.00 0.00 1.00 0.00 0.00 0.00 1.00 1.00]
 [1.00 0.00 0.00 0.00 0.00 0.00 1.00 1.00]
 [0.00 1.00 0.00 0.00 1.00 1.00 0.00 0.00]
 [0.00 0.00 0.00 1.00 1.00 1.00 0.00 0.00]]