#1#
[60.00 10.00]
[64.00 63.00]
[157.00 68.00]
[10.00 91.00]
[105.00 87.00]
[107.00 149.00]
#2#
[[60.00 10.00]
 [64.00 63.00]]
[[60.00 10.00]
 [157.00 68.00]]
[[64.00 63.00]
 [10.00 91.00]]
[[157.00 68.00]
 [105.00 87.00]]
[[157.00 68.00]
 [107.00 149.00]]
[[64.00 63.00]
 [105.00 87.00]]
[[105.00 87.00]
 [107.00 149.00]]
[[60.00 10.00]
 [10.00 91.00]]
[[10.00 91.00]
 [107.00 149.00]]
#3#
[[0.00 1.00 1.00 1.00 0.00 0.00]
 [1.00 0.00 0.00 1.00 1.00 0.00]
 [1.00 0.00 0.00 0.00 1.00 1.00]
 [1.00 1.00 0.00 0.00 0.00 1.00]
 [0.00 1.00 1.00 0.00 0.00 1.00]
 [0.00 0.00 1.00 1.00 1.00 0.00]]