#1#
[159.00 63.00]
[153.00 129.00]
[10.00 122.00]
[15.00 58.00]
[16.00 10.00]
[157.00 16.00]
#2#
[[159.00 63.00]
 [153.00 129.00]]
[[153.00 129.00]
 [10.00 122.00]]
[[10.00 122.00]
 [15.00 58.00]]
[[159.00 63.00]
 [15.00 58.00]]
[[15.00 58.00]
 [16.00 10.00]]
[[16.00 10.00]
 [157.00 16.00]]
[[159.00 63.00]
 [157.00 16.00]]
#3#
[[0.00 1.00 0.00 1.00 0.00 1.00]
 [1.00 0.00 1.00 0.00 0.00 0.00]
 [0.00 1.00 0.00 1.00 0.00 0.00]
 [1.00 0.00 1.00 0.00 1.00 0.00]
 [0.00 0.00 0.00 1.00 0.00 1.00]
 [1.00 0.00 0.00 0.00 1.00 0.00]]