#1#
[139.00 37.00]
[92.00 10.00]
[23.00 143.00]
[68.00 168.00]
[10.00 167.00]
[153.00 244.00]
[196.00 159.00]
[119.00 114.00]
[155.00 46.00]
#2#
[[139.00 37.00]
 [92.00 10.00]]
[[92.00 10.00]
 [23.00 143.00]]
[[139.00 37.00]
 [68.00 168.00]]
[[23.00 143.00]
 [68.00 168.00]]
[[23.00 143.00]
 [10.00 167.00]]
[[10.00 167.00]
 [153.00 244.00]]
[[153.00 244.00]
 [196.00 159.00]]
[[196.00 159.00]
 [119.00 114.00]]
[[155.00 46.00]
 [119.00 114.00]]
[[155.00 46.00]
 [139.00 37.00]]
#3#
[[0.00 1.00 0.00 1.00 0.00 0.00 0.00 0.00 1.00]
 [1.00 0.00 1.00 0.00 0.00 0.00 0.00 0.00 0.00]
 [0.00 1.00 0.00 1.00 1.00 0.00 0.00 0.00 0.00]
 [1.00 0.00 1.00 0.00 0.00 0.00 0.00 0.00 0.00]
 [0.00 0.00 1.00 0.00 0.00 1.00 0.00 0.00 0.00]
 [0.00 0.00 0.00 0.00 1.00 0.00 1.00 0.00 0.00]
 [0.00 0.00 0.00 0.00 0.00 1.00 0.00 1.00 0.00]
 [0.00 0.00 0.00 0.00 0.00 0.00 1.00 0.00 1.00]
 [1.00 0.00 0.00 0.00 0.00 0.00 0.00 1.00 0.00]]