#1#
[128.00 78.00]
[110.00 133.00]
[10.00 97.00]
[27.00 42.00]
[42.00 10.00]
[81.00 22.00]
[114.00 34.00]
[105.00 57.00]
[141.00 42.00]
[71.00 45.00]
#2#
[[128.00 78.00]
 [110.00 133.00]]
[[110.00 133.00]
 [10.00 97.00]]
[[10.00 97.00]
 [27.00 42.00]]
[[128.00 78.00]
 [27.00 42.00]]
[[27.00 42.00]
 [42.00 10.00]]
[[42.00 10.00]
 [81.00 22.00]]
[[114.00 34.00]
 [105.00 57.00]]
[[141.00 42.00]
 [114.00 34.00]]
[[141.00 42.00]
 [128.00 78.00]]
[[71.00 45.00]
 [81.00 22.00]]
[[81.00 22.00]
 [114.00 34.00]]
#3#
[[0.00 1.00 0.00 1.00 0.00 0.00 0.00 0.00 1.00 0.00]
 [1.00 0.00 1.00 0.00 0.00 0.00 0.00 0.00 0.00 0.00]
 [0.00 1.00 0.00 1.00 0.00 0.00 0.00 0.00 0.00 0.00]
 [1.00 0.00 1.00 0.00 1.00 0.00 0.00 0.00 0.00 0.00]
 [0.00 0.00 0.00 1.00 0.00 1.00 0.00 0.00 0.00 0.00]
 [0.00 0.00 0.00 0.00 1.00 0.00 1.00 0.00 0.00 1.00]
 [0.00 0.00 0.00 0.00 0.00 1.00 0.00 1.00 1.00 0.00]
 [0.00 0.00 0.00 0.00 0.00 0.00 1.00 0.00 0.00 0.00]
 [1.00 0.00 0.00 0.00 0.00 0.00 1.00 0.00 0.00 0.00]
 [0.00 0.00 0.00 0.00 0.00 1.00 0.00 0.00 0.00 0.00]]