#1#
[111.00 30.00]
[181.00 60.00]
[142.00 163.00]
[72.00 133.00]
[10.00 112.00]
[50.00 10.00]
#2#
[[111.00 30.00]
 [181.00 60.00]]
[[181.00 60.00]
 [142.00 163.00]]
[[142.00 163.00]
 [72.00 133.00]]
[[111.00 30.00]
 [72.00 133.00]]
[[72.00 133.00]
 [10.00 112.00]]
[[10.00 112.00]
 [50.00 10.00]]
[[111.00 30.00]
 [50.00 10.00]]
#3#
[[0.00 1.00 0.00 1.00 0.00 1.00]
 [1.00 0.00 1.00 0.00 0.00 0.00]
 [0.00 1.00 0.00 1.00 0.00 0.00]
 [1.00 0.00 1.00 0.00 1.00 0.00]
 [0.00 0.00 0.00 1.00 0.00 1.00]
 [1.00 0.00 0.00 0.00 1.00 0.00]]