#1#
[48.00 37.00]
[153.00 170.00]
[10.00 67.00]
[115.00 198.00]
[188.00 141.00]
[81.00 10.00]
#2#
[[48.00 37.00]
 [153.00 170.00]]
[[48.00 37.00]
 [10.00 67.00]]
[[10.00 67.00]
 [115.00 198.00]]
[[153.00 170.00]
 [115.00 198.00]]
[[153.00 170.00]
 [188.00 141.00]]
[[188.00 141.00]
 [81.00 10.00]]
[[48.00 37.00]
 [81.00 10.00]]
#3#
[[0.00 1.00 1.00 0.00 0.00 1.00]
 [1.00 0.00 0.00 1.00 1.00 0.00]
 [1.00 0.00 0.00 1.00 0.00 0.00]
 [0.00 1.00 1.00 0.00 0.00 0.00]
 [0.00 1.00 0.00 0.00 0.00 1.00]
 [1.00 0.00 0.00 0.00 1.00 0.00]]