#1#
[57.00 30.00]
[10.00 80.00]
[86.00 178.00]
[136.00 129.00]
[175.00 105.00]
[97.00 10.00]
#2#
[[57.00 30.00]
 [10.00 80.00]]
[[10.00 80.00]
 [86.00 178.00]]
[[86.00 178.00]
 [136.00 129.00]]
[[57.00 30.00]
 [136.00 129.00]]
[[136.00 129.00]
 [175.00 105.00]]
[[175.00 105.00]
 [97.00 10.00]]
[[57.00 30.00]
 [97.00 10.00]]
#3#
[[0.00 1.00 0.00 1.00 0.00 1.00]
 [1.00 0.00 1.00 0.00 0.00 0.00]
 [0.00 1.00 0.00 1.00 0.00 0.00]
 [1.00 0.00 1.00 0.00 1.00 0.00]
 [0.00 0.00 0.00 1.00 0.00 1.00]
 [1.00 0.00 0.00 0.00 1.00 0.00]]