#1#
[65.00 133.00]
[10.00 104.00]
[49.00 10.00]
[104.00 38.00]
[157.00 56.00]
[116.00 150.00]
#2#
[[65.00 133.00]
 [10.00 104.00]]
[[10.00 104.00]
 [49.00 10.00]]
[[49.00 10.00]
 [104.00 38.00]]
[[65.00 133.00]
 [104.00 38.00]]
[[104.00 38.00]
 [157.00 56.00]]
[[157.00 56.00]
 [116.00 150.00]]
[[65.00 133.00]
 [116.00 150.00]]
#3#
[[0.00 1.00 0.00 1.00 0.00 1.00]
 [1.00 0.00 1.00 0.00 0.00 0.00]
 [0.00 1.00 0.00 1.00 0.00 0.00]
 [1.00 0.00 1.00 0.00 1.00 0.00]
 [0.00 0.00 0.00 1.00 0.00 1.00]
 [1.00 0.00 0.00 0.00 1.00 0.00]]