#1#
[71.00 126.00]
[13.00 122.00]
[10.00 14.00]
[68.00 17.00]
[126.00 10.00]
[128.00 118.00]
#2#
[[71.00 126.00]
 [13.00 122.00]]
[[13.00 122.00]
 [10.00 14.00]]
[[10.00 14.00]
 [68.00 17.00]]
[[71.00 126.00]
 [68.00 17.00]]
[[68.00 17.00]
 [126.00 10.00]]
[[126.00 10.00]
 [128.00 118.00]]
[[71.00 126.00]
 [128.00 118.00]]
#3#
[[0.00 1.00 0.00 1.00 0.00 1.00]
 [1.00 0.00 1.00 0.00 0.00 0.00]
 [0.00 1.00 0.00 1.00 0.00 0.00]
 [1.00 0.00 1.00 0.00 1.00 0.00]
 [0.00 0.00 0.00 1.00 0.00 1.00]
 [1.00 0.00 0.00 0.00 1.00 0.00]]