#1#
[37.00 51.29]
[58.00 10.00]
[151.00 55.00]
[130.00 93.00]
[102.00 155.00]
[10.00 116.00]
#2#
[[37.00 51.29]
 [58.00 10.00]]
[[58.00 10.00]
 [151.00 55.00]]
[[151.00 55.00]
 [130.00 93.00]]
[[37.00 51.29]
 [130.00 93.00]]
[[130.00 93.00]
 [102.00 155.00]]
[[102.00 155.00]
 [10.00 116.00]]
[[37.00 51.29]
 [10.00 116.00]]
#3#
[[0.00 1.00 0.00 1.00 0.00 1.00]
 [1.00 0.00 1.00 0.00 0.00 0.00]
 [0.00 1.00 0.00 1.00 0.00 0.00]
 [1.00 0.00 1.00 0.00 1.00 0.00]
 [0.00 0.00 0.00 1.00 0.00 1.00]
 [1.00 0.00 0.00 0.00 1.00 0.00]]