#1#
[252.00 266.00]
[250.00 277.00]
[547.00 351.00]
[598.00 154.00]
[301.00 77.00]
[10.00 203.00]
[60.00 10.00]
[302.00 74.00]
#2#
[[252.00 266.00]
 [250.00 277.00]]
[[250.00 277.00]
 [547.00 351.00]]
[[547.00 351.00]
 [598.00 154.00]]
[[598.00 154.00]
 [301.00 77.00]]
[[252.00 266.00]
 [10.00 203.00]]
[[10.00 203.00]
 [60.00 10.00]]
[[60.00 10.00]
 [302.00 74.00]]
[[301.00 77.00]
 [302.00 74.00]]
[[252.00 266.00]
 [301.00 77.00]]
#3#
[[0.00 1.00 0.00 0.00 1.00 1.00 0.00 0.00]
 [1.00 0.00 1.00 0.00 0.00 0.00 0.00 0.00]
 [0.00 1.00 0.00 1.00 0.00 0.00 0.00 0.00]
 [0.00 0.00 1.00 0.00 1.00 0.00 0.00 0.00]
 [1.00 0.00 0.00 1.00 0.00 0.00 0.00 1.00]
 [1.00 0.00 0.00 0.00 0.00 0.00 1.00 0.00]
 [0.00 0.00 0.00 0.00 0.00 1.00 0.00 1.00]
 [0.00 0.00 0.00 0.00 1.00 0.00 1.00 0.00]]