#1#
[64.00 147.00]
[10.00 150.00]
[21.00 14.00]
[75.00 10.00]
[126.00 22.00]
[117.00 159.00]
#2#
[[64.00 147.00]
 [10.00 150.00]]
[[10.00 150.00]
 [21.00 14.00]]
[[21.00 14.00]
 [75.00 10.00]]
[[64.00 147.00]
 [75.00 10.00]]
[[75.00 10.00]
 [126.00 22.00]]
[[126.00 22.00]
 [117.00 159.00]]
[[64.00 147.00]
 [117.00 159.00]]
#3#
[[0.00 1.00 0.00 1.00 0.00 1.00]
 [1.00 0.00 1.00 0.00 0.00 0.00]
 [0.00 1.00 0.00 1.00 0.00 0.00]
 [1.00 0.00 1.00 0.00 1.00 0.00]
 [0.00 0.00 0.00 1.00 0.00 1.00]
 [1.00 0.00 0.00 0.00 1.00 0.00]]