#1#
[76.00 86.00]
[100.00 76.00]
[60.00 10.00]
[36.00 20.00]
[10.00 31.00]
[50.00 101.00]
#2#
[[76.00 86.00]
 [100.00 76.00]]
[[100.00 76.00]
 [60.00 10.00]]
[[60.00 10.00]
 [36.00 20.00]]
[[76.00 86.00]
 [36.00 20.00]]
[[36.00 20.00]
 [10.00 31.00]]
[[10.00 31.00]
 [50.00 101.00]]
[[76.00 86.00]
 [50.00 101.00]]
#3#
[[0.00 1.00 0.00 1.00 0.00 1.00]
 [1.00 0.00 1.00 0.00 0.00 0.00]
 [0.00 1.00 0.00 1.00 0.00 0.00]
 [1.00 0.00 1.00 0.00 1.00 0.00]
 [0.00 0.00 0.00 1.00 0.00 1.00]
 [1.00 0.00 0.00 0.00 1.00 0.00]]