#1#
[69.00 10.00]
[124.00 16.00]
[130.00 132.00]
[75.00 129.00]
[16.00 136.00]
[10.00 19.00]
#2#
[[69.00 10.00]
 [124.00 16.00]]
[[124.00 16.00]
 [130.00 132.00]]
[[130.00 132.00]
 [75.00 129.00]]
[[69.00 10.00]
 [75.00 129.00]]
[[75.00 129.00]
 [16.00 136.00]]
[[16.00 136.00]
 [10.00 19.00]]
[[69.00 10.00]
 [10.00 19.00]]
#3#
[[0.00 1.00 0.00 1.00 0.00 1.00]
 [1.00 0.00 1.00 0.00 0.00 0.00]
 [0.00 1.00 0.00 1.00 0.00 0.00]
 [1.00 0.00 1.00 0.00 1.00 0.00]
 [0.00 0.00 0.00 1.00 0.00 1.00]
 [1.00 0.00 0.00 0.00 1.00 0.00]]