#1#
[55.00 12.00]
[105.00 124.00]
[97.00 10.00]
[147.00 123.00]
[59.00 54.00]
[84.00 113.00]
[55.00 133.00]
[29.00 75.00]
[61.00 161.00]
[10.00 48.00]
#2#
[[55.00 12.00]
 [105.00 124.00]]
[[55.00 12.00]
 [97.00 10.00]]
[[97.00 10.00]
 [147.00 123.00]]
[[105.00 124.00]
 [147.00 123.00]]
[[59.00 54.00]
 [84.00 113.00]]
[[84.00 113.00]
 [55.00 133.00]]
[[55.00 133.00]
 [29.00 75.00]]
[[59.00 54.00]
 [29.00 75.00]]
[[61.00 161.00]
 [105.00 124.00]]
[[61.00 161.00]
 [10.00 48.00]]
[[55.00 12.00]
 [10.00 48.00]]
#3#
[[0.00 1.00 1.00 0.00 0.00 0.00 0.00 0.00 0.00 1.00]
 [1.00 0.00 0.00 1.00 0.00 0.00 0.00 0.00 1.00 0.00]
 [1.00 0.00 0.00 1.00 0.00 0.00 0.00 0.00 0.00 0.00]
 [0.00 1.00 1.00 0.00 0.00 0.00 0.00 0.00 0.00 0.00]
 [0.00 0.00 0.00 0.00 0.00 1.00 0.00 1.00 0.00 0.00]
 [0.00 0.00 0.00 0.00 1.00 0.00 1.00 0.00 0.00 0.00]
 [0.00 0.00 0.00 0.00 0.00 1.00 0.00 1.00 0.00 0.00]
 [0.00 0.00 0.00 0.00 1.00 0.00 1.00 0.00 0.00 0.00]
 [0.00 1.00 0.00 0.00 0.00 0.00 0.00 0.00 0.00 1.00]
 [1.00 0.00 0.00 0.00 0.00 0.00 0.00 0.00 1.00 0.00]]