#1#
[493.00 10.00]
[1188.00 313.00]
[705.00 1421.00]
[318.00 1252.00]
[298.00 1299.00]
[128.00 1225.00]
[148.00 1179.00]
[10.00 1119.00]
#2#
[[493.00 10.00]
 [1188.00 313.00]]
[[1188.00 313.00]
 [705.00 1421.00]]
[[705.00 1421.00]
 [318.00 1252.00]]
[[318.00 1252.00]
 [298.00 1299.00]]
[[298.00 1299.00]
 [128.00 1225.00]]
[[128.00 1225.00]
 [148.00 1179.00]]
[[148.00 1179.00]
 [10.00 1119.00]]
[[493.00 10.00]
 [10.00 1119.00]]
#3#
[[0.00 1.00 0.00 0.00 0.00 0.00 0.00 1.00]
 [1.00 0.00 1.00 0.00 0.00 0.00 0.00 0.00]
 [0.00 1.00 0.00 1.00 0.00 0.00 0.00 0.00]
 [0.00 0.00 1.00 0.00 1.00 0.00 0.00 0.00]
 [0.00 0.00 0.00 1.00 0.00 1.00 0.00 0.00]
 [0.00 0.00 0.00 0.00 1.00 0.00 1.00 0.00]
 [0.00 0.00 0.00 0.00 0.00 1.00 0.00 1.00]
 [1.00 0.00 0.00 0.00 0.00 0.00 1.00 0.00]]