#1#
[138.00 61.00]
[17.00 79.00]
[24.00 133.00]
[145.00 117.00]
[131.00 10.00]
[10.00 27.00]
#2#
[[138.00 61.00]
 [17.00 79.00]]
[[17.00 79.00]
 [24.00 133.00]]
[[24.00 133.00]
 [145.00 117.00]]
[[138.00 61.00]
 [145.00 117.00]]
[[138.00 61.00]
 [131.00 10.00]]
[[131.00 10.00]
 [10.00 27.00]]
[[17.00 79.00]
 [10.00 27.00]]
#3#
[[0.00 1.00 0.00 1.00 1.00 0.00]
 [1.00 0.00 1.00 0.00 0.00 1.00]
 [0.00 1.00 0.00 1.00 0.00 0.00]
 [1.00 0.00 1.00 0.00 0.00 0.00]
 [1.00 0.00 0.00 0.00 0.00 1.00]
 [0.00 1.00 0.00 0.00 1.00 0.00]]