#1#
[60.00 24.00]
[112.00 10.00]
[132.00 222.00]
[101.00 228.00]
[80.00 177.00]
[73.00 179.00]
[26.00 173.00]
[10.00 16.00]
[97.00 173.00]
[85.00 227.00]
#2#
[[60.00 24.00]
 [112.00 10.00]]
[[112.00 10.00]
 [132.00 222.00]]
[[132.00 222.00]
 [101.00 228.00]]
[[80.00 177.00]
 [73.00 179.00]]
[[60.00 24.00]
 [73.00 179.00]]
[[73.00 179.00]
 [26.00 173.00]]
[[26.00 173.00]
 [10.00 16.00]]
[[60.00 24.00]
 [10.00 16.00]]
[[97.00 173.00]
 [101.00 228.00]]
[[97.00 173.00]
 [80.00 177.00]]
[[85.00 227.00]
 [101.00 228.00]]
[[85.00 227.00]
 [80.00 177.00]]
#3#
[[0.00 1.00 0.00 0.00 0.00 1.00 0.00 1.00 0.00 0.00]
 [1.00 0.00 1.00 0.00 0.00 0.00 0.00 0.00 0.00 0.00]
 [0.00 1.00 0.00 1.00 0.00 0.00 0.00 0.00 0.00 0.00]
 [0.00 0.00 1.00 0.00 0.00 0.00 0.00 0.00 1.00 1.00]
 [0.00 0.00 0.00 0.00 0.00 1.00 0.00 0.00 1.00 1.00]
 [1.00 0.00 0.00 0.00 1.00 0.00 1.00 0.00 0.00 0.00]
 [0.00 0.00 0.00 0.00 0.00 1.00 0.00 1.00 0.00 0.00]
 [1.00 0.00 0.00 0.00 0.00 0.00 1.00 0.00 0.00 0.00]
 [0.00 0.00 0.00 1.00 1.00 0.00 0.00 0.00 0.00 0.00]
 [0.00 0.00 0.00 1.00 1.00 0.00 0.00 0.00 0.00 0.00]]