#1#
[159.00 548.00]
[10.00 384.00]
[138.00 405.00]
[417.00 10.00]
[566.00 172.00]
[431.00 135.00]
#2#
[[159.00 548.00]
 [10.00 384.00]]
[[159.00 548.00]
 [138.00 405.00]]
[[10.00 384.00]
 [138.00 405.00]]
[[10.00 384.00]
 [417.00 10.00]]
[[159.00 548.00]
 [566.00 172.00]]
[[138.00 405.00]
 [431.00 135.00]]
[[566.00 172.00]
 [431.00 135.00]]
[[417.00 10.00]
 [431.00 135.00]]
[[417.00 10.00]
 [566.00 172.00]]
#3#
[[0.00 1.00 1.00 0.00 1.00 0.00]
 [1.00 0.00 1.00 1.00 0.00 0.00]
 [1.00 1.00 0.00 0.00 0.00 1.00]
 [0.00 1.00 0.00 0.00 1.00 1.00]
 [1.00 0.00 0.00 1.00 0.00 1.00]
 [0.00 0.00 1.00 1.00 1.00 0.00]]