#1#
[69.00 140.00]
[10.00 120.00]
[27.00 67.00]
[146.00 107.00]
[128.00 160.00]
[85.00 87.00]
[48.00 10.00]
[107.00 33.00]
[168.00 51.00]
#2#
[[69.00 140.00]
 [10.00 120.00]]
[[10.00 120.00]
 [27.00 67.00]]
[[146.00 107.00]
 [128.00 160.00]]
[[69.00 140.00]
 [128.00 160.00]]
[[69.00 140.00]
 [85.00 87.00]]
[[146.00 107.00]
 [85.00 87.00]]
[[27.00 67.00]
 [85.00 87.00]]
[[27.00 67.00]
 [48.00 10.00]]
[[48.00 10.00]
 [107.00 33.00]]
[[85.00 87.00]
 [107.00 33.00]]
[[168.00 51.00]
 [107.00 33.00]]
[[168.00 51.00]
 [146.00 107.00]]
#3#
[[0.00 1.00 0.00 0.00 1.00 1.00 0.00 0.00 0.00]
 [1.00 0.00 1.00 0.00 0.00 0.00 0.00 0.00 0.00]
 [0.00 1.00 0.00 0.00 0.00 1.00 1.00 0.00 0.00]
 [0.00 0.00 0.00 0.00 1.00 1.00 0.00 0.00 1.00]
 [1.00 0.00 0.00 1.00 0.00 0.00 0.00 0.00 0.00]
 [1.00 0.00 1.00 1.00 0.00 0.00 0.00 1.00 0.00]
 [0.00 0.00 1.00 0.00 0.00 0.00 0.00 1.00 0.00]
 [0.00 0.00 0.00 0.00 0.00 1.00 1.00 0.00 1.00]
 [0.00 0.00 0.00 1.00 0.00 0.00 0.00 1.00 0.00]]