#1#
[129.00 10.00]
[177.00 115.00]
[10.00 65.00]
[126.00 75.00]
[62.00 104.00]
[56.00 169.00]
#2#
[[129.00 10.00]
 [177.00 115.00]]
[[129.00 10.00]
 [10.00 65.00]]
[[129.00 10.00]
 [126.00 75.00]]
[[10.00 65.00]
 [62.00 104.00]]
[[126.00 75.00]
 [62.00 104.00]]
[[177.00 115.00]
 [126.00 75.00]]
[[177.00 115.00]
 [56.00 169.00]]
[[10.00 65.00]
 [56.00 169.00]]
[[62.00 104.00]
 [56.00 169.00]]
#3#
[[0.00 1.00 1.00 1.00 0.00 0.00]
 [1.00 0.00 0.00 1.00 0.00 1.00]
 [1.00 0.00 0.00 0.00 1.00 1.00]
 [1.00 1.00 0.00 0.00 1.00 0.00]
 [0.00 0.00 1.00 1.00 0.00 1.00]
 [0.00 1.00 1.00 0.00 1.00 0.00]]