#1#
[68.00 141.00]
[10.00 130.00]
[30.00 10.00]
[87.00 20.00]
[128.00 149.00]
[148.00 30.00]
#2#
[[68.00 141.00]
 [10.00 130.00]]
[[10.00 130.00]
 [30.00 10.00]]
[[30.00 10.00]
 [87.00 20.00]]
[[68.00 141.00]
 [87.00 20.00]]
[[68.00 141.00]
 [128.00 149.00]]
[[128.00 149.00]
 [148.00 30.00]]
[[87.00 20.00]
 [148.00 30.00]]
#3#
[[0.00 1.00 0.00 1.00 1.00 0.00]
 [1.00 0.00 1.00 0.00 0.00 0.00]
 [0.00 1.00 0.00 1.00 0.00 0.00]
 [1.00 0.00 1.00 0.00 0.00 1.00]
 [1.00 0.00 0.00 0.00 0.00 1.00]
 [0.00 0.00 0.00 1.00 1.00 0.00]]