#1#
[171.00 66.00]
[33.00 112.00]
[10.00 51.00]
[150.00 10.00]
[188.00 131.00]
[51.00 174.00]
#2#
[[171.00 66.00]
 [33.00 112.00]]
[[33.00 112.00]
 [10.00 51.00]]
[[10.00 51.00]
 [150.00 10.00]]
[[171.00 66.00]
 [150.00 10.00]]
[[171.00 66.00]
 [188.00 131.00]]
[[188.00 131.00]
 [51.00 174.00]]
[[33.00 112.00]
 [51.00 174.00]]
#3#
[[0.00 1.00 0.00 1.00 1.00 0.00]
 [1.00 0.00 1.00 0.00 0.00 1.00]
 [0.00 1.00 0.00 1.00 0.00 0.00]
 [1.00 0.00 1.00 0.00 0.00 0.00]
 [1.00 0.00 0.00 0.00 0.00 1.00]
 [0.00 1.00 0.00 0.00 1.00 0.00]]