#1#
[24.00 25.00]
[41.00 10.00]
[121.00 55.00]
[10.00 45.00]
[98.00 95.00]
[110.00 74.00]
[96.00 98.00]
[191.00 154.00]
[233.00 91.00]
[135.00 31.00]
#2#
[[24.00 25.00]
 [41.00 10.00]]
[[41.00 10.00]
 [121.00 55.00]]
[[24.00 25.00]
 [10.00 45.00]]
[[10.00 45.00]
 [98.00 95.00]]
[[121.00 55.00]
 [110.00 74.00]]
[[24.00 25.00]
 [110.00 74.00]]
[[98.00 95.00]
 [110.00 74.00]]
[[98.00 95.00]
 [96.00 98.00]]
[[96.00 98.00]
 [191.00 154.00]]
[[233.00 91.00]
 [191.00 154.00]]
[[233.00 91.00]
 [135.00 31.00]]
[[135.00 31.00]
 [121.00 55.00]]
#3#
[[0.00 1.00 0.00 1.00 0.00 1.00 0.00 0.00 0.00 0.00]
 [1.00 0.00 1.00 0.00 0.00 0.00 0.00 0.00 0.00 0.00]
 [0.00 1.00 0.00 0.00 0.00 1.00 0.00 0.00 0.00 1.00]
 [1.00 0.00 0.00 0.00 1.00 0.00 0.00 0.00 0.00 0.00]
 [0.00 0.00 0.00 1.00 0.00 1.00 1.00 0.00 0.00 0.00]
 [1.00 0.00 1.00 0.00 1.00 0.00 0.00 0.00 0.00 0.00]
 [0.00 0.00 0.00 0.00 1.00 0.00 0.00 1.00 0.00 0.00]
 [0.00 0.00 0.00 0.00 0.00 0.00 1.00 0.00 1.00 0.00]
 [0.00 0.00 0.00 0.00 0.00 0.00 0.00 1.00 0.00 1.00]
 [0.00 0.00 1.00 0.00 0.00 0.00 0.00 0.00 1.00 0.00]]