#1#
[13.00 76.00]
[18.00 129.00]
[179.00 119.00]
[179.00 65.00]
[10.00 17.00]
[176.00 10.00]
#2#
[[13.00 76.00]
 [18.00 129.00]]
[[18.00 129.00]
 [179.00 119.00]]
[[179.00 119.00]
 [179.00 65.00]]
[[13.00 76.00]
 [179.00 65.00]]
[[13.00 76.00]
 [10.00 17.00]]
[[10.00 17.00]
 [176.00 10.00]]
[[179.00 65.00]
 [176.00 10.00]]
#3#
[[0.00 1.00 0.00 1.00 1.00 0.00]
 [1.00 0.00 1.00 0.00 0.00 0.00]
 [0.00 1.00 0.00 1.00 0.00 0.00]
 [1.00 0.00 1.00 0.00 0.00 1.00]
 [1.00 0.00 0.00 0.00 0.00 1.00]
 [0.00 0.00 0.00 1.00 1.00 0.00]]