#1#
[45.00 11.00]
[54.00 122.00]
[10.00 13.00]
[20.00 126.00]
[88.00 117.00]
[79.00 10.00]
#2#
[[45.00 11.00]
 [54.00 122.00]]
[[45.00 11.00]
 [10.00 13.00]]
[[10.00 13.00]
 [20.00 126.00]]
[[54.00 122.00]
 [20.00 126.00]]
[[54.00 122.00]
 [88.00 117.00]]
[[88.00 117.00]
 [79.00 10.00]]
[[45.00 11.00]
 [79.00 10.00]]
#3#
[[0.00 1.00 1.00 0.00 0.00 1.00]
 [1.00 0.00 0.00 1.00 1.00 0.00]
 [1.00 0.00 0.00 1.00 0.00 0.00]
 [0.00 1.00 1.00 0.00 0.00 0.00]
 [0.00 1.00 0.00 0.00 0.00 1.00]
 [1.00 0.00 0.00 0.00 1.00 0.00]]