#1#
[10.00 78.00]
[122.00 78.00]
[12.00 10.00]
[123.00 13.00]
[124.00 114.00]
[12.00 113.00]
#2#
[[10.00 78.00]
 [122.00 78.00]]
[[10.00 78.00]
 [12.00 10.00]]
[[12.00 10.00]
 [123.00 13.00]]
[[122.00 78.00]
 [123.00 13.00]]
[[122.00 78.00]
 [124.00 114.00]]
[[124.00 114.00]
 [12.00 113.00]]
[[10.00 78.00]
 [12.00 113.00]]
#3#
[[0.00 1.00 1.00 0.00 0.00 1.00]
 [1.00 0.00 0.00 1.00 1.00 0.00]
 [1.00 0.00 0.00 1.00 0.00 0.00]
 [0.00 1.00 1.00 0.00 0.00 0.00]
 [0.00 1.00 0.00 0.00 0.00 1.00]
 [1.00 0.00 0.00 0.00 1.00 0.00]]