#1#
[97.00 10.00]
[129.00 12.00]
[126.00 132.00]
[93.00 131.00]
[46.00 11.00]
[69.00 34.00]
[12.00 11.00]
[10.00 131.00]
[43.00 130.00]
[69.00 109.00]
#2#
[[97.00 10.00]
 [129.00 12.00]]
[[129.00 12.00]
 [126.00 132.00]]
[[126.00 132.00]
 [93.00 131.00]]
[[97.00 10.00]
 [46.00 11.00]]
[[46.00 11.00]
 [69.00 34.00]]
[[46.00 11.00]
 [12.00 11.00]]
[[12.00 11.00]
 [10.00 131.00]]
[[43.00 130.00]
 [10.00 131.00]]
[[97.00 10.00]
 [69.00 34.00]]
[[69.00 109.00]
 [69.00 34.00]]
[[43.00 130.00]
 [69.00 109.00]]
[[43.00 130.00]
 [93.00 131.00]]
[[69.00 109.00]
 [93.00 131.00]]
#3#
[[0.00 1.00 0.00 0.00 1.00 1.00 0.00 0.00 0.00 0.00]
 [1.00 0.00 1.00 0.00 0.00 0.00 0.00 0.00 0.00 0.00]
 [0.00 1.00 0.00 1.00 0.00 0.00 0.00 0.00 0.00 0.00]
 [0.00 0.00 1.00 0.00 0.00 0.00 0.00 0.00 1.00 1.00]
 [1.00 0.00 0.00 0.00 0.00 1.00 1.00 0.00 0.00 0.00]
 [1.00 0.00 0.00 0.00 1.00 0.00 0.00 0.00 0.00 1.00]
 [0.00 0.00 0.00 0.00 1.00 0.00 0.00 1.00 0.00 0.00]
 [0.00 0.00 0.00 0.00 0.00 0.00 1.00 0.00 1.00 0.00]
 [0.00 0.00 0.00 1.00 0.00 0.00 0.00 1.00 0.00 1.00]
 [0.00 0.00 0.00 1.00 0.00 1.00 0.00 0.00 1.00 0.00]]