#1#
[77.00 128.00]
[125.00 120.00]
[111.00 10.00]
[59.00 21.00]
[10.00 32.00]
[29.00 137.00]
#2#
[[77.00 128.00]
 [125.00 120.00]]
[[125.00 120.00]
 [111.00 10.00]]
[[111.00 10.00]
 [59.00 21.00]]
[[77.00 128.00]
 [59.00 21.00]]
[[59.00 21.00]
 [10.00 32.00]]
[[10.00 32.00]
 [29.00 137.00]]
[[77.00 128.00]
 [29.00 137.00]]
#3#
[[0.00 1.00 0.00 1.00 0.00 1.00]
 [1.00 0.00 1.00 0.00 0.00 0.00]
 [0.00 1.00 0.00 1.00 0.00 0.00]
 [1.00 0.00 1.00 0.00 1.00 0.00]
 [0.00 0.00 0.00 1.00 0.00 1.00]
 [1.00 0.00 0.00 0.00 1.00 0.00]]