#1#
[107.00 91.00]
[98.00 126.00]
[10.00 91.00]
[21.00 56.00]
[43.00 10.00]
[130.00 45.00]
#2#
[[107.00 91.00]
 [98.00 126.00]]
[[98.00 126.00]
 [10.00 91.00]]
[[10.00 91.00]
 [21.00 56.00]]
[[107.00 91.00]
 [21.00 56.00]]
[[21.00 56.00]
 [43.00 10.00]]
[[43.00 10.00]
 [130.00 45.00]]
[[107.00 91.00]
 [130.00 45.00]]
#3#
[[0.00 1.00 0.00 1.00 0.00 1.00]
 [1.00 0.00 1.00 0.00 0.00 0.00]
 [0.00 1.00 0.00 1.00 0.00 0.00]
 [1.00 0.00 1.00 0.00 1.00 0.00]
 [0.00 0.00 0.00 1.00 0.00 1.00]
 [1.00 0.00 0.00 0.00 1.00 0.00]]