#1#
[25.00 65.00]
[40.00 10.00]
[154.00 40.00]
[140.00 95.00]
[122.00 156.00]
[10.00 125.00]
#2#
[[25.00 65.00]
 [40.00 10.00]]
[[40.00 10.00]
 [154.00 40.00]]
[[154.00 40.00]
 [140.00 95.00]]
[[25.00 65.00]
 [140.00 95.00]]
[[140.00 95.00]
 [122.00 156.00]]
[[122.00 156.00]
 [10.00 125.00]]
[[25.00 65.00]
 [10.00 125.00]]
#3#
[[0.00 1.00 0.00 1.00 0.00 1.00]
 [1.00 0.00 1.00 0.00 0.00 0.00]
 [0.00 1.00 0.00 1.00 0.00 0.00]
 [1.00 0.00 1.00 0.00 1.00 0.00]
 [0.00 0.00 0.00 1.00 0.00 1.00]
 [1.00 0.00 0.00 0.00 1.00 0.00]]