#1#
[12.00 71.00]
[116.00 68.00]
[114.00 106.00]
[14.00 107.00]
[10.00 12.00]
[116.00 10.00]
#2#
[[12.00 71.00]
 [116.00 68.00]]
[[116.00 68.00]
 [114.00 106.00]]
[[114.00 106.00]
 [14.00 107.00]]
[[12.00 71.00]
 [14.00 107.00]]
[[12.00 71.00]
 [10.00 12.00]]
[[10.00 12.00]
 [116.00 10.00]]
[[116.00 68.00]
 [116.00 10.00]]
#3#
[[0.00 1.00 0.00 1.00 1.00 0.00]
 [1.00 0.00 1.00 0.00 0.00 1.00]
 [0.00 1.00 0.00 1.00 0.00 0.00]
 [1.00 0.00 1.00 0.00 0.00 0.00]
 [1.00 0.00 0.00 0.00 0.00 1.00]
 [0.00 1.00 0.00 0.00 1.00 0.00]]