#1#
[178.00 10.00]
[145.00 69.00]
[209.00 108.00]
[10.00 62.00]
[69.00 92.00]
[39.00 160.00]
#2#
[[178.00 10.00]
 [145.00 69.00]]
[[178.00 10.00]
 [209.00 108.00]]
[[178.00 10.00]
 [10.00 62.00]]
[[145.00 69.00]
 [69.00 92.00]]
[[145.00 69.00]
 [209.00 108.00]]
[[10.00 62.00]
 [69.00 92.00]]
[[69.00 92.00]
 [39.00 160.00]]
[[209.00 108.00]
 [39.00 160.00]]
[[10.00 62.00]
 [39.00 160.00]]
#3#
[[0.00 1.00 1.00 1.00 0.00 0.00]
 [1.00 0.00 1.00 0.00 1.00 0.00]
 [1.00 1.00 0.00 0.00 0.00 1.00]
 [1.00 0.00 0.00 0.00 1.00 1.00]
 [0.00 1.00 0.00 1.00 0.00 1.00]
 [0.00 0.00 1.00 1.00 1.00 0.00]]