#1#
[62.00 140.00]
[124.00 32.00]
[106.00 169.00]
[122.00 139.00]
[133.00 145.00]
[176.00 68.00]
[70.00 10.00]
[10.00 118.00]
#2#
[[62.00 140.00]
 [124.00 32.00]]
[[62.00 140.00]
 [106.00 169.00]]
[[106.00 169.00]
 [122.00 139.00]]
[[122.00 139.00]
 [133.00 145.00]]
[[133.00 145.00]
 [176.00 68.00]]
[[124.00 32.00]
 [176.00 68.00]]
[[124.00 32.00]
 [70.00 10.00]]
[[70.00 10.00]
 [10.00 118.00]]
[[62.00 140.00]
 [10.00 118.00]]
#3#
[[0.00 1.00 1.00 0.00 0.00 0.00 0.00 1.00]
 [1.00 0.00 0.00 0.00 0.00 1.00 1.00 0.00]
 [1.00 0.00 0.00 1.00 0.00 0.00 0.00 0.00]
 [0.00 0.00 1.00 0.00 1.00 0.00 0.00 0.00]
 [0.00 0.00 0.00 1.00 0.00 1.00 0.00 0.00]
 [0.00 1.00 0.00 0.00 1.00 0.00 0.00 0.00]
 [0.00 1.00 0.00 0.00 0.00 0.00 0.00 1.00]
 [1.00 0.00 0.00 0.00 0.00 0.00 1.00 0.00]]