#1#
[144.00 124.00]
[113.00 174.00]
[10.00 94.00]
[41.00 46.00]
[73.00 10.00]
[114.00 40.00]
[127.00 25.00]
[191.00 74.00]
#2#
[[144.00 124.00]
 [113.00 174.00]]
[[113.00 174.00]
 [10.00 94.00]]
[[10.00 94.00]
 [41.00 46.00]]
[[144.00 124.00]
 [41.00 46.00]]
[[41.00 46.00]
 [73.00 10.00]]
[[73.00 10.00]
 [114.00 40.00]]
[[114.00 40.00]
 [127.00 25.00]]
[[127.00 25.00]
 [191.00 74.00]]
[[144.00 124.00]
 [191.00 74.00]]
#3#
[[0.00 1.00 0.00 1.00 0.00 0.00 0.00 1.00]
 [1.00 0.00 1.00 0.00 0.00 0.00 0.00 0.00]
 [0.00 1.00 0.00 1.00 0.00 0.00 0.00 0.00]
 [1.00 0.00 1.00 0.00 1.00 0.00 0.00 0.00]
 [0.00 0.00 0.00 1.00 0.00 1.00 0.00 0.00]
 [0.00 0.00 0.00 0.00 1.00 0.00 1.00 0.00]
 [0.00 0.00 0.00 0.00 0.00 1.00 0.00 1.00]
 [1.00 0.00 0.00 0.00 0.00 0.00 1.00 0.00]]