#1#
[167.00 36.00]
[220.00 57.00]
[111.00 286.00]
[61.00 265.00]
[10.00 238.00]
[117.00 10.00]
#2#
[[167.00 36.00]
 [220.00 57.00]]
[[220.00 57.00]
 [111.00 286.00]]
[[111.00 286.00]
 [61.00 265.00]]
[[167.00 36.00]
 [61.00 265.00]]
[[61.00 265.00]
 [10.00 238.00]]
[[10.00 238.00]
 [117.00 10.00]]
[[167.00 36.00]
 [117.00 10.00]]
#3#
[[0.00 1.00 0.00 1.00 0.00 1.00]
 [1.00 0.00 1.00 0.00 0.00 0.00]
 [0.00 1.00 0.00 1.00 0.00 0.00]
 [1.00 0.00 1.00 0.00 1.00 0.00]
 [0.00 0.00 0.00 1.00 0.00 1.00]
 [1.00 0.00 0.00 0.00 1.00 0.00]]