#1#
[122.00 41.00]
[166.00 72.00]
[98.00 171.00]
[54.00 140.00]
[10.00 110.00]
[77.00 10.00]
#2#
[[122.00 41.00]
 [166.00 72.00]]
[[166.00 72.00]
 [98.00 171.00]]
[[98.00 171.00]
 [54.00 140.00]]
[[122.00 41.00]
 [54.00 140.00]]
[[54.00 140.00]
 [10.00 110.00]]
[[10.00 110.00]
 [77.00 10.00]]
[[122.00 41.00]
 [77.00 10.00]]
#3#
[[0.00 1.00 0.00 1.00 0.00 1.00]
 [1.00 0.00 1.00 0.00 0.00 0.00]
 [0.00 1.00 0.00 1.00 0.00 0.00]
 [1.00 0.00 1.00 0.00 1.00 0.00]
 [0.00 0.00 0.00 1.00 0.00 1.00]
 [1.00 0.00 0.00 0.00 1.00 0.00]]