#1#
[102.00 10.00]
[121.00 123.00]
[232.00 103.00]
[140.00 234.00]
[10.00 142.00]
#2#
[[102.00 10.00]
 [121.00 123.00]]
[[102.00 10.00]
 [232.00 103.00]]
[[232.00 103.00]
 [140.00 234.00]]
[[121.00 123.00]
 [232.00 103.00]]
[[121.00 123.00]
 [10.00 142.00]]
[[102.00 10.00]
 [10.00 142.00]]
[[140.00 234.00]
 [10.00 142.00]]
[[121.00 123.00]
 [140.00 234.00]]
#3#
[[0.00 1.00 1.00 0.00 1.00]
 [1.00 0.00 1.00 1.00 1.00]
 [1.00 1.00 0.00 1.00 0.00]
 [0.00 1.00 1.00 0.00 1.00]
 [1.00 1.00 0.00 1.00 0.00]]