#1#
[10.00 84.00]
[92.00 314.00]
[145.00 467.00]
[510.00 335.00]
[530.00 392.00]
[624.00 359.00]
[544.00 154.00]
[298.00 242.00]
[216.00 10.00]
#2#
[[10.00 84.00]
 [92.00 314.00]]
[[92.00 314.00]
 [145.00 467.00]]
[[145.00 467.00]
 [510.00 335.00]]
[[510.00 335.00]
 [530.00 392.00]]
[[530.00 392.00]
 [624.00 359.00]]
[[624.00 359.00]
 [544.00 154.00]]
[[544.00 154.00]
 [298.00 242.00]]
[[216.00 10.00]
 [298.00 242.00]]
[[216.00 10.00]
 [10.00 84.00]]
#3#
[[0.00 1.00 0.00 0.00 0.00 0.00 0.00 0.00 1.00]
 [1.00 0.00 1.00 0.00 0.00 0.00 0.00 0.00 0.00]
 [0.00 1.00 0.00 1.00 0.00 0.00 0.00 0.00 0.00]
 [0.00 0.00 1.00 0.00 1.00 0.00 0.00 0.00 0.00]
 [0.00 0.00 0.00 1.00 0.00 1.00 0.00 0.00 0.00]
 [0.00 0.00 0.00 0.00 1.00 0.00 1.00 0.00 0.00]
 [0.00 0.00 0.00 0.00 0.00 1.00 0.00 1.00 0.00]
 [0.00 0.00 0.00 0.00 0.00 0.00 1.00 0.00 1.00]
 [1.00 0.00 0.00 0.00 0.00 0.00 0.00 1.00 0.00]]