#1#
[122.00 67.00]
[124.00 127.00]
[14.00 126.00]
[10.00 65.00]
[14.00 10.00]
[126.00 11.00]
#2#
[[122.00 67.00]
 [124.00 127.00]]
[[124.00 127.00]
 [14.00 126.00]]
[[14.00 126.00]
 [10.00 65.00]]
[[122.00 67.00]
 [10.00 65.00]]
[[10.00 65.00]
 [14.00 10.00]]
[[14.00 10.00]
 [126.00 11.00]]
[[122.00 67.00]
 [126.00 11.00]]
#3#
[[0.00 1.00 0.00 1.00 0.00 1.00]
 [1.00 0.00 1.00 0.00 0.00 0.00]
 [0.00 1.00 0.00 1.00 0.00 0.00]
 [1.00 0.00 1.00 0.00 1.00 0.00]
 [0.00 0.00 0.00 1.00 0.00 1.00]
 [1.00 0.00 0.00 0.00 1.00 0.00]]