#1#
[188.00 174.00]
[235.00 124.00]
[116.00 10.00]
[68.00 60.00]
[10.00 121.00]
[129.00 235.00]
#2#
[[188.00 174.00]
 [235.00 124.00]]
[[235.00 124.00]
 [116.00 10.00]]
[[116.00 10.00]
 [68.00 60.00]]
[[68.00 60.00]
 [10.00 121.00]]
[[10.00 121.00]
 [129.00 235.00]]
[[188.00 174.00]
 [129.00 235.00]]
[[188.00 174.00]
 [68.00 60.00]]
#3#
[[0.00 1.00 0.00 1.00 0.00 1.00]
 [1.00 0.00 1.00 0.00 0.00 0.00]
 [0.00 1.00 0.00 1.00 0.00 0.00]
 [1.00 0.00 1.00 0.00 1.00 0.00]
 [0.00 0.00 0.00 1.00 0.00 1.00]
 [1.00 0.00 0.00 0.00 1.00 0.00]]