#1#
[48.00 162.00]
[159.00 52.00]
[10.00 120.00]
[121.00 10.00]
[187.00 78.00]
[76.00 188.00]
#2#
[[48.00 162.00]
 [159.00 52.00]]
[[48.00 162.00]
 [10.00 120.00]]
[[10.00 120.00]
 [121.00 10.00]]
[[159.00 52.00]
 [121.00 10.00]]
[[159.00 52.00]
 [187.00 78.00]]
[[187.00 78.00]
 [76.00 188.00]]
[[48.00 162.00]
 [76.00 188.00]]
#3#
[[0.00 1.00 1.00 0.00 0.00 1.00]
 [1.00 0.00 0.00 1.00 1.00 0.00]
 [1.00 0.00 0.00 1.00 0.00 0.00]
 [0.00 1.00 1.00 0.00 0.00 0.00]
 [0.00 1.00 0.00 0.00 0.00 1.00]
 [1.00 0.00 0.00 0.00 1.00 0.00]]