#1#
[72.00 160.00]
[10.00 152.00]
[36.00 10.00]
[97.00 18.00]
[160.00 33.00]
[137.00 175.00]
#2#
[[72.00 160.00]
 [10.00 152.00]]
[[10.00 152.00]
 [36.00 10.00]]
[[36.00 10.00]
 [97.00 18.00]]
[[72.00 160.00]
 [97.00 18.00]]
[[97.00 18.00]
 [160.00 33.00]]
[[160.00 33.00]
 [137.00 175.00]]
[[72.00 160.00]
 [137.00 175.00]]
#3#
[[0.00 1.00 0.00 1.00 0.00 1.00]
 [1.00 0.00 1.00 0.00 0.00 0.00]
 [0.00 1.00 0.00 1.00 0.00 0.00]
 [1.00 0.00 1.00 0.00 1.00 0.00]
 [0.00 0.00 0.00 1.00 0.00 1.00]
 [1.00 0.00 0.00 0.00 1.00 0.00]]