#1#
[19.00 153.00]
[121.00 146.00]
[72.00 130.00]
[66.00 52.00]
[111.00 10.00]
[10.00 19.00]
#2#
[[19.00 153.00]
 [121.00 146.00]]
[[121.00 146.00]
 [72.00 130.00]]
[[19.00 153.00]
 [72.00 130.00]]
[[72.00 130.00]
 [66.00 52.00]]
[[66.00 52.00]
 [111.00 10.00]]
[[121.00 146.00]
 [111.00 10.00]]
[[66.00 52.00]
 [10.00 19.00]]
[[111.00 10.00]
 [10.00 19.00]]
[[19.00 153.00]
 [10.00 19.00]]
#3#
[[0.00 1.00 1.00 0.00 0.00 1.00]
 [1.00 0.00 1.00 0.00 1.00 0.00]
 [1.00 1.00 0.00 1.00 0.00 0.00]
 [0.00 0.00 1.00 0.00 1.00 1.00]
 [0.00 1.00 0.00 1.00 0.00 1.00]
 [1.00 0.00 0.00 1.00 1.00 0.00]]