#1#
[23.00 15.00]
[10.00 22.00]
[36.00 68.00]
[48.00 59.00]
[60.00 54.00]
[35.00 10.00]
#2#
[[23.00 15.00]
 [10.00 22.00]]
[[10.00 22.00]
 [36.00 68.00]]
[[36.00 68.00]
 [48.00 59.00]]
[[23.00 15.00]
 [48.00 59.00]]
[[48.00 59.00]
 [60.00 54.00]]
[[60.00 54.00]
 [35.00 10.00]]
[[23.00 15.00]
 [35.00 10.00]]
#3#
[[0.00 1.00 0.00 1.00 0.00 1.00]
 [1.00 0.00 1.00 0.00 0.00 0.00]
 [0.00 1.00 0.00 1.00 0.00 0.00]
 [1.00 0.00 1.00 0.00 1.00 0.00]
 [0.00 0.00 0.00 1.00 0.00 1.00]
 [1.00 0.00 0.00 0.00 1.00 0.00]]