#1#
[30.00 150.00]
[51.00 219.00]
[300.00 140.00]
[278.00 71.00]
[10.00 90.00]
[260.00 10.00]
#2#
[[30.00 150.00]
 [51.00 219.00]]
[[51.00 219.00]
 [300.00 140.00]]
[[300.00 140.00]
 [278.00 71.00]]
[[30.00 150.00]
 [278.00 71.00]]
[[30.00 150.00]
 [10.00 90.00]]
[[10.00 90.00]
 [260.00 10.00]]
[[278.00 71.00]
 [260.00 10.00]]
#3#
[[0.00 1.00 0.00 1.00 1.00 0.00]
 [1.00 0.00 1.00 0.00 0.00 0.00]
 [0.00 1.00 0.00 1.00 0.00 0.00]
 [1.00 0.00 1.00 0.00 0.00 1.00]
 [1.00 0.00 0.00 0.00 0.00 1.00]
 [0.00 0.00 0.00 1.00 1.00 0.00]]