#1#
[59.00 22.00]
[111.00 15.00]
[108.00 148.00]
[55.00 156.00]
[10.00 144.00]
[14.00 10.00]
#2#
[[59.00 22.00]
 [111.00 15.00]]
[[111.00 15.00]
 [108.00 148.00]]
[[108.00 148.00]
 [55.00 156.00]]
[[59.00 22.00]
 [55.00 156.00]]
[[55.00 156.00]
 [10.00 144.00]]
[[10.00 144.00]
 [14.00 10.00]]
[[59.00 22.00]
 [14.00 10.00]]
#3#
[[0.00 1.00 0.00 1.00 0.00 1.00]
 [1.00 0.00 1.00 0.00 0.00 0.00]
 [0.00 1.00 0.00 1.00 0.00 0.00]
 [1.00 0.00 1.00 0.00 1.00 0.00]
 [0.00 0.00 0.00 1.00 0.00 1.00]
 [1.00 0.00 0.00 0.00 1.00 0.00]]