#1#
[33.00 10.00]
[10.00 122.00]
[159.00 33.00]
[114.00 86.00]
[54.00 72.00]
[136.00 149.00]
#2#
[[33.00 10.00]
 [10.00 122.00]]
[[33.00 10.00]
 [159.00 33.00]]
[[159.00 33.00]
 [114.00 86.00]]
[[33.00 10.00]
 [54.00 72.00]]
[[114.00 86.00]
 [54.00 72.00]]
[[114.00 86.00]
 [136.00 149.00]]
[[10.00 122.00]
 [54.00 72.00]]
[[10.00 122.00]
 [136.00 149.00]]
[[159.00 33.00]
 [136.00 149.00]]
#3#
[[0.00 1.00 1.00 0.00 1.00 0.00]
 [1.00 0.00 0.00 0.00 1.00 1.00]
 [1.00 0.00 0.00 1.00 0.00 1.00]
 [0.00 0.00 1.00 0.00 1.00 1.00]
 [1.00 1.00 0.00 1.00 0.00 0.00]
 [0.00 1.00 1.00 1.00 0.00 0.00]]