#1#
[130.00 80.00]
[10.00 78.00]
[12.00 10.00]
[135.00 12.00]
[131.00 127.00]
[12.00 126.00]
#2#
[[130.00 80.00]
 [10.00 78.00]]
[[10.00 78.00]
 [12.00 10.00]]
[[12.00 10.00]
 [135.00 12.00]]
[[130.00 80.00]
 [135.00 12.00]]
[[130.00 80.00]
 [131.00 127.00]]
[[131.00 127.00]
 [12.00 126.00]]
[[10.00 78.00]
 [12.00 126.00]]
#3#
[[0.00 1.00 0.00 1.00 1.00 0.00]
 [1.00 0.00 1.00 0.00 0.00 1.00]
 [0.00 1.00 0.00 1.00 0.00 0.00]
 [1.00 0.00 1.00 0.00 0.00 0.00]
 [1.00 0.00 0.00 0.00 0.00 1.00]
 [0.00 1.00 0.00 0.00 1.00 0.00]]