#1#
[195.00 110.00]
[181.00 169.00]
[10.00 127.00]
[23.00 68.00]
[37.00 10.00]
[211.00 51.00]
#2#
[[195.00 110.00]
 [181.00 169.00]]
[[181.00 169.00]
 [10.00 127.00]]
[[10.00 127.00]
 [23.00 68.00]]
[[23.00 68.00]
 [37.00 10.00]]
[[37.00 10.00]
 [211.00 51.00]]
[[195.00 110.00]
 [211.00 51.00]]
[[195.00 110.00]
 [23.00 68.00]]
#3#
[[0.00 1.00 0.00 1.00 0.00 1.00]
 [1.00 0.00 1.00 0.00 0.00 0.00]
 [0.00 1.00 0.00 1.00 0.00 0.00]
 [1.00 0.00 1.00 0.00 1.00 0.00]
 [0.00 0.00 0.00 1.00 0.00 1.00]
 [1.00 0.00 0.00 0.00 1.00 0.00]]