#1#
[55.00 72.00]
[53.00 127.00]
[104.00 128.00]
[104.00 75.00]
[10.00 61.00]
[137.00 61.00]
[136.00 145.00]
[10.00 146.00]
[135.00 10.00]
[10.00 12.00]
#2#
[[55.00 72.00]
 [53.00 127.00]]
[[53.00 127.00]
 [104.00 128.00]]
[[104.00 128.00]
 [104.00 75.00]]
[[55.00 72.00]
 [104.00 75.00]]
[[10.00 61.00]
 [137.00 61.00]]
[[137.00 61.00]
 [136.00 145.00]]
[[136.00 145.00]
 [10.00 146.00]]
[[10.00 61.00]
 [10.00 146.00]]
[[135.00 10.00]
 [137.00 61.00]]
[[135.00 10.00]
 [10.00 12.00]]
[[10.00 12.00]
 [10.00 61.00]]
#3#
[[0.00 1.00 0.00 1.00 0.00 0.00 0.00 0.00 0.00 0.00]
 [1.00 0.00 1.00 0.00 0.00 0.00 0.00 0.00 0.00 0.00]
 [0.00 1.00 0.00 1.00 0.00 0.00 0.00 0.00 0.00 0.00]
 [1.00 0.00 1.00 0.00 0.00 0.00 0.00 0.00 0.00 0.00]
 [0.00 0.00 0.00 0.00 0.00 1.00 0.00 1.00 0.00 1.00]
 [0.00 0.00 0.00 0.00 1.00 0.00 1.00 0.00 1.00 0.00]
 [0.00 0.00 0.00 0.00 0.00 1.00 0.00 1.00 0.00 0.00]
 [0.00 0.00 0.00 0.00 1.00 0.00 1.00 0.00 0.00 0.00]
 [0.00 0.00 0.00 0.00 0.00 1.00 0.00 0.00 0.00 1.00]
 [0.00 0.00 0.00 0.00 1.00 0.00 0.00 0.00 1.00 0.00]]