#1#
[73.00 12.00]
[130.00 10.00]
[163.00 149.00]
[106.00 154.00]
[44.00 179.00]
[10.00 37.00]
#2#
[[73.00 12.00]
 [130.00 10.00]]
[[130.00 10.00]
 [163.00 149.00]]
[[163.00 149.00]
 [106.00 154.00]]
[[73.00 12.00]
 [106.00 154.00]]
[[106.00 154.00]
 [44.00 179.00]]
[[44.00 179.00]
 [10.00 37.00]]
[[73.00 12.00]
 [10.00 37.00]]
#3#
[[0.00 1.00 0.00 1.00 0.00 1.00]
 [1.00 0.00 1.00 0.00 0.00 0.00]
 [0.00 1.00 0.00 1.00 0.00 0.00]
 [1.00 0.00 1.00 0.00 1.00 0.00]
 [0.00 0.00 0.00 1.00 0.00 1.00]
 [1.00 0.00 0.00 0.00 1.00 0.00]]