#1#
[130.00 72.00]
[10.00 69.00]
[11.00 120.00]
[126.00 123.00]
[130.00 13.00]
[13.00 10.00]
#2#
[[130.00 72.00]
 [10.00 69.00]]
[[10.00 69.00]
 [11.00 120.00]]
[[11.00 120.00]
 [126.00 123.00]]
[[130.00 72.00]
 [126.00 123.00]]
[[130.00 72.00]
 [130.00 13.00]]
[[130.00 13.00]
 [13.00 10.00]]
[[10.00 69.00]
 [13.00 10.00]]
#3#
[[0.00 1.00 0.00 1.00 1.00 0.00]
 [1.00 0.00 1.00 0.00 0.00 1.00]
 [0.00 1.00 0.00 1.00 0.00 0.00]
 [1.00 0.00 1.00 0.00 0.00 0.00]
 [1.00 0.00 0.00 0.00 0.00 1.00]
 [0.00 1.00 0.00 0.00 1.00 0.00]]