#1#
[59.00 15.00]
[106.00 10.00]
[128.00 118.00]
[85.00 125.00]
[10.00 29.00]
[36.00 141.00]
#2#
[[59.00 15.00]
 [106.00 10.00]]
[[106.00 10.00]
 [128.00 118.00]]
[[128.00 118.00]
 [85.00 125.00]]
[[59.00 15.00]
 [85.00 125.00]]
[[59.00 15.00]
 [10.00 29.00]]
[[10.00 29.00]
 [36.00 141.00]]
[[85.00 125.00]
 [36.00 141.00]]
#3#
[[0.00 1.00 0.00 1.00 1.00 0.00]
 [1.00 0.00 1.00 0.00 0.00 0.00]
 [0.00 1.00 0.00 1.00 0.00 0.00]
 [1.00 0.00 1.00 0.00 0.00 1.00]
 [1.00 0.00 0.00 0.00 0.00 1.00]
 [0.00 0.00 0.00 1.00 1.00 0.00]]