#1#
[108.00 10.00]
[98.00 68.00]
[10.00 68.00]
[68.00 86.00]
[160.00 95.00]
[61.00 154.00]
#2#
[[108.00 10.00]
 [98.00 68.00]]
[[108.00 10.00]
 [10.00 68.00]]
[[98.00 68.00]
 [68.00 86.00]]
[[98.00 68.00]
 [160.00 95.00]]
[[10.00 68.00]
 [68.00 86.00]]
[[10.00 68.00]
 [61.00 154.00]]
[[68.00 86.00]
 [61.00 154.00]]
[[108.00 10.00]
 [160.00 95.00]]
[[160.00 95.00]
 [61.00 154.00]]
#3#
[[0.00 1.00 1.00 0.00 1.00 0.00]
 [1.00 0.00 0.00 1.00 1.00 0.00]
 [1.00 0.00 0.00 1.00 0.00 1.00]
 [0.00 1.00 1.00 0.00 0.00 1.00]
 [1.00 1.00 0.00 0.00 0.00 1.00]
 [0.00 0.00 1.00 1.00 1.00 0.00]]