#1#
[117.00 141.00]
[74.00 85.00]
[143.00 36.00]
[10.00 118.00]
[39.00 10.00]
[86.00 39.00]
#2#
[[117.00 141.00]
 [74.00 85.00]]
[[117.00 141.00]
 [143.00 36.00]]
[[117.00 141.00]
 [10.00 118.00]]
[[10.00 118.00]
 [39.00 10.00]]
[[74.00 85.00]
 [10.00 118.00]]
[[74.00 85.00]
 [86.00 39.00]]
[[143.00 36.00]
 [86.00 39.00]]
[[143.00 36.00]
 [39.00 10.00]]
[[39.00 10.00]
 [86.00 39.00]]
#3#
[[0.00 1.00 1.00 1.00 0.00 0.00]
 [1.00 0.00 0.00 1.00 0.00 1.00]
 [1.00 0.00 0.00 0.00 1.00 1.00]
 [1.00 1.00 0.00 0.00 1.00 0.00]
 [0.00 0.00 1.00 1.00 0.00 1.00]
 [0.00 1.00 1.00 0.00 1.00 0.00]]