#1#
[69.00 10.00]
[127.00 12.00]
[126.00 134.00]
[67.00 131.00]
[10.00 130.00]
[11.00 10.00]
#2#
[[69.00 10.00]
 [127.00 12.00]]
[[127.00 12.00]
 [126.00 134.00]]
[[126.00 134.00]
 [67.00 131.00]]
[[67.00 131.00]
 [10.00 130.00]]
[[10.00 130.00]
 [11.00 10.00]]
[[69.00 10.00]
 [11.00 10.00]]
[[69.00 10.00]
 [67.00 131.00]]
#3#
[[0.00 1.00 0.00 1.00 0.00 1.00]
 [1.00 0.00 1.00 0.00 0.00 0.00]
 [0.00 1.00 0.00 1.00 0.00 0.00]
 [1.00 0.00 1.00 0.00 1.00 0.00]
 [0.00 0.00 0.00 1.00 0.00 1.00]
 [1.00 0.00 0.00 0.00 1.00 0.00]]