#1#
[58.00 48.00]
[10.00 83.00]
[56.00 142.00]
[42.00 153.00]
[40.00 154.00]
[100.00 231.00]
[162.00 185.00]
[209.00 147.00]
[102.00 10.00]
[99.00 230.00]
#2#
[[58.00 48.00]
 [10.00 83.00]]
[[10.00 83.00]
 [56.00 142.00]]
[[56.00 142.00]
 [42.00 153.00]]
[[99.00 230.00]
 [40.00 154.00]]
[[99.00 230.00]
 [100.00 231.00]]
[[40.00 154.00]
 [100.00 231.00]]
[[162.00 185.00]
 [209.00 147.00]]
[[102.00 10.00]
 [209.00 147.00]]
[[102.00 10.00]
 [58.00 48.00]]
[[58.00 48.00]
 [162.00 185.00]]
[[99.00 230.00]
 [162.00 185.00]]
#3#
[[0.00 1.00 0.00 0.00 0.00 0.00 1.00 0.00 1.00 0.00]
 [1.00 0.00 1.00 0.00 0.00 0.00 0.00 0.00 0.00 0.00]
 [0.00 1.00 0.00 1.00 0.00 0.00 0.00 0.00 0.00 0.00]
 [0.00 0.00 1.00 0.00 0.00 0.00 0.00 0.00 0.00 0.00]
 [0.00 0.00 0.00 0.00 0.00 1.00 0.00 0.00 0.00 1.00]
 [0.00 0.00 0.00 0.00 1.00 0.00 0.00 0.00 0.00 1.00]
 [1.00 0.00 0.00 0.00 0.00 0.00 0.00 1.00 0.00 1.00]
 [0.00 0.00 0.00 0.00 0.00 0.00 1.00 0.00 1.00 0.00]
 [1.00 0.00 0.00 0.00 0.00 0.00 0.00 1.00 0.00 0.00]
 [0.00 0.00 0.00 0.00 1.00 1.00 1.00 0.00 0.00 0.00]]