#1#
[373.00 179.00]
[29.00 70.00]
[353.00 222.00]
[10.00 114.00]
[45.00 10.00]
[392.00 122.00]
#2#
[[373.00 179.00]
 [29.00 70.00]]
[[373.00 179.00]
 [353.00 222.00]]
[[353.00 222.00]
 [10.00 114.00]]
[[29.00 70.00]
 [10.00 114.00]]
[[29.00 70.00]
 [45.00 10.00]]
[[45.00 10.00]
 [392.00 122.00]]
[[373.00 179.00]
 [392.00 122.00]]
#3#
[[0.00 1.00 1.00 0.00 0.00 1.00]
 [1.00 0.00 0.00 1.00 1.00 0.00]
 [1.00 0.00 0.00 1.00 0.00 0.00]
 [0.00 1.00 1.00 0.00 0.00 0.00]
 [0.00 1.00 0.00 0.00 0.00 1.00]
 [1.00 0.00 0.00 0.00 1.00 0.00]]