#1#
[142.00 133.00]
[108.00 171.00]
[10.00 89.00]
[44.00 49.00]
[78.00 10.00]
[174.00 95.00]
#2#
[[142.00 133.00]
 [108.00 171.00]]
[[108.00 171.00]
 [10.00 89.00]]
[[10.00 89.00]
 [44.00 49.00]]
[[44.00 49.00]
 [78.00 10.00]]
[[78.00 10.00]
 [174.00 95.00]]
[[142.00 133.00]
 [174.00 95.00]]
[[142.00 133.00]
 [44.00 49.00]]
#3#
[[0.00 1.00 0.00 1.00 0.00 1.00]
 [1.00 0.00 1.00 0.00 0.00 0.00]
 [0.00 1.00 0.00 1.00 0.00 0.00]
 [1.00 0.00 1.00 0.00 1.00 0.00]
 [0.00 0.00 0.00 1.00 0.00 1.00]
 [1.00 0.00 0.00 0.00 1.00 0.00]]