#1#
[112.00 230.00]
[10.00 199.00]
[71.00 183.00]
[70.00 10.00]
[107.00 70.00]
[170.00 37.00]
#2#
[[112.00 230.00]
 [10.00 199.00]]
[[10.00 199.00]
 [71.00 183.00]]
[[10.00 199.00]
 [70.00 10.00]]
[[112.00 230.00]
 [71.00 183.00]]
[[71.00 183.00]
 [107.00 70.00]]
[[107.00 70.00]
 [170.00 37.00]]
[[70.00 10.00]
 [107.00 70.00]]
[[112.00 230.00]
 [170.00 37.00]]
[[70.00 10.00]
 [170.00 37.00]]
#3#
[[0.00 1.00 1.00 0.00 0.00 1.00]
 [1.00 0.00 1.00 1.00 0.00 0.00]
 [1.00 1.00 0.00 0.00 1.00 0.00]
 [0.00 1.00 0.00 0.00 1.00 1.00]
 [0.00 0.00 1.00 1.00 0.00 1.00]
 [1.00 0.00 0.00 1.00 1.00 0.00]]