#1#
[32.00 39.00]
[42.00 54.00]
[111.00 10.00]
[181.00 118.00]
[146.00 139.00]
[138.00 127.00]
[82.00 164.00]
[10.00 54.00]
#2#
[[32.00 39.00]
 [42.00 54.00]]
[[42.00 54.00]
 [111.00 10.00]]
[[111.00 10.00]
 [181.00 118.00]]
[[181.00 118.00]
 [146.00 139.00]]
[[146.00 139.00]
 [138.00 127.00]]
[[138.00 127.00]
 [82.00 164.00]]
[[82.00 164.00]
 [10.00 54.00]]
[[32.00 39.00]
 [10.00 54.00]]
#3#
[[0.00 1.00 0.00 0.00 0.00 0.00 0.00 1.00]
 [1.00 0.00 1.00 0.00 0.00 0.00 0.00 0.00]
 [0.00 1.00 0.00 1.00 0.00 0.00 0.00 0.00]
 [0.00 0.00 1.00 0.00 1.00 0.00 0.00 0.00]
 [0.00 0.00 0.00 1.00 0.00 1.00 0.00 0.00]
 [0.00 0.00 0.00 0.00 1.00 0.00 1.00 0.00]
 [0.00 0.00 0.00 0.00 0.00 1.00 0.00 1.00]
 [1.00 0.00 0.00 0.00 0.00 0.00 1.00 0.00]]