#1#
[191.00 103.00]
[208.00 64.00]
[39.00 10.00]
[24.00 49.00]
[10.00 102.00]
[177.00 157.00]
#2#
[[191.00 103.00]
 [208.00 64.00]]
[[208.00 64.00]
 [39.00 10.00]]
[[39.00 10.00]
 [24.00 49.00]]
[[24.00 49.00]
 [10.00 102.00]]
[[10.00 102.00]
 [177.00 157.00]]
[[191.00 103.00]
 [177.00 157.00]]
[[191.00 103.00]
 [24.00 49.00]]
#3#
[[0.00 1.00 0.00 1.00 0.00 1.00]
 [1.00 0.00 1.00 0.00 0.00 0.00]
 [0.00 1.00 0.00 1.00 0.00 0.00]
 [1.00 0.00 1.00 0.00 1.00 0.00]
 [0.00 0.00 0.00 1.00 0.00 1.00]
 [1.00 0.00 0.00 0.00 1.00 0.00]]