#1#
[50.00 174.00]
[147.00 37.00]
[10.00 146.00]
[109.00 10.00]
[183.00 63.00]
[86.00 200.00]
#2#
[[50.00 174.00]
 [147.00 37.00]]
[[50.00 174.00]
 [10.00 146.00]]
[[10.00 146.00]
 [109.00 10.00]]
[[147.00 37.00]
 [109.00 10.00]]
[[147.00 37.00]
 [183.00 63.00]]
[[183.00 63.00]
 [86.00 200.00]]
[[50.00 174.00]
 [86.00 200.00]]
#3#
[[0.00 1.00 1.00 0.00 0.00 1.00]
 [1.00 0.00 0.00 1.00 1.00 0.00]
 [1.00 0.00 0.00 1.00 0.00 0.00]
 [0.00 1.00 1.00 0.00 0.00 0.00]
 [0.00 1.00 0.00 0.00 0.00 1.00]
 [1.00 0.00 0.00 0.00 1.00 0.00]]