#1#
[94.00 26.00]
[148.00 49.00]
[112.00 141.00]
[58.00 119.00]
[10.00 101.00]
[44.00 10.00]
#2#
[[94.00 26.00]
 [148.00 49.00]]
[[148.00 49.00]
 [112.00 141.00]]
[[112.00 141.00]
 [58.00 119.00]]
[[94.00 26.00]
 [58.00 119.00]]
[[58.00 119.00]
 [10.00 101.00]]
[[10.00 101.00]
 [44.00 10.00]]
[[94.00 26.00]
 [44.00 10.00]]
#3#
[[0.00 1.00 0.00 1.00 0.00 1.00]
 [1.00 0.00 1.00 0.00 0.00 0.00]
 [0.00 1.00 0.00 1.00 0.00 0.00]
 [1.00 0.00 1.00 0.00 1.00 0.00]
 [0.00 0.00 0.00 1.00 0.00 1.00]
 [1.00 0.00 0.00 0.00 1.00 0.00]]