#1#
[68.00 137.00]
[10.00 117.00]
[26.00 10.00]
[84.00 30.00]
[139.00 30.00]
[123.00 136.00]
#2#
[[68.00 137.00]
 [10.00 117.00]]
[[10.00 117.00]
 [26.00 10.00]]
[[26.00 10.00]
 [84.00 30.00]]
[[68.00 137.00]
 [84.00 30.00]]
[[84.00 30.00]
 [139.00 30.00]]
[[139.00 30.00]
 [123.00 136.00]]
[[68.00 137.00]
 [123.00 136.00]]
#3#
[[0.00 1.00 0.00 1.00 0.00 1.00]
 [1.00 0.00 1.00 0.00 0.00 0.00]
 [0.00 1.00 0.00 1.00 0.00 0.00]
 [1.00 0.00 1.00 0.00 1.00 0.00]
 [0.00 0.00 0.00 1.00 0.00 1.00]
 [1.00 0.00 0.00 0.00 1.00 0.00]]