#1#
[17.00 62.00]
[23.00 10.00]
[169.00 26.00]
[162.00 80.00]
[155.00 149.00]
[10.00 133.00]
#2#
[[17.00 62.00]
 [23.00 10.00]]
[[23.00 10.00]
 [169.00 26.00]]
[[169.00 26.00]
 [162.00 80.00]]
[[17.00 62.00]
 [162.00 80.00]]
[[162.00 80.00]
 [155.00 149.00]]
[[155.00 149.00]
 [10.00 133.00]]
[[17.00 62.00]
 [10.00 133.00]]
#3#
[[0.00 1.00 0.00 1.00 0.00 1.00]
 [1.00 0.00 1.00 0.00 0.00 0.00]
 [0.00 1.00 0.00 1.00 0.00 0.00]
 [1.00 0.00 1.00 0.00 1.00 0.00]
 [0.00 0.00 0.00 1.00 0.00 1.00]
 [1.00 0.00 0.00 0.00 1.00 0.00]]