#1#
[130.00 194.00]
[59.00 56.00]
[181.00 145.00]
[111.00 10.00]
[10.00 66.00]
[81.00 204.00]
#2#
[[130.00 194.00]
 [59.00 56.00]]
[[130.00 194.00]
 [181.00 145.00]]
[[181.00 145.00]
 [111.00 10.00]]
[[59.00 56.00]
 [111.00 10.00]]
[[59.00 56.00]
 [10.00 66.00]]
[[10.00 66.00]
 [81.00 204.00]]
[[130.00 194.00]
 [81.00 204.00]]
#3#
[[0.00 1.00 1.00 0.00 0.00 1.00]
 [1.00 0.00 0.00 1.00 1.00 0.00]
 [1.00 0.00 0.00 1.00 0.00 0.00]
 [0.00 1.00 1.00 0.00 0.00 0.00]
 [0.00 1.00 0.00 0.00 0.00 1.00]
 [1.00 0.00 0.00 0.00 1.00 0.00]]