#1#
[10.00 23.00]
[98.00 93.00]
[22.00 170.00]
[163.00 10.00]
[176.00 160.00]
#2#
[[10.00 23.00]
 [98.00 93.00]]
[[98.00 93.00]
 [22.00 170.00]]
[[10.00 23.00]
 [22.00 170.00]]
[[10.00 23.00]
 [163.00 10.00]]
[[163.00 10.00]
 [176.00 160.00]]
[[22.00 170.00]
 [176.00 160.00]]
[[22.00 170.00]
 [176.00 160.00]]
[[98.00 93.00]
 [176.00 160.00]]
[[98.00 93.00]
 [163.00 10.00]]
#3#
[[0.00 1.00 1.00 1.00 0.00]
 [1.00 0.00 1.00 1.00 1.00]
 [1.00 1.00 0.00 0.00 1.00]
 [1.00 1.00 0.00 0.00 1.00]
 [0.00 1.00 1.00 1.00 0.00]]