#1#
[89.00 70.00]
[54.00 99.00]
[168.00 10.00]
[242.00 105.00]
[84.00 236.00]
[10.00 138.00]
[71.00 119.00]
[105.00 91.00]
#2#
[[89.00 70.00]
 [54.00 99.00]]
[[89.00 70.00]
 [168.00 10.00]]
[[168.00 10.00]
 [242.00 105.00]]
[[242.00 105.00]
 [84.00 236.00]]
[[84.00 236.00]
 [10.00 138.00]]
[[54.00 99.00]
 [10.00 138.00]]
[[54.00 99.00]
 [71.00 119.00]]
[[71.00 119.00]
 [105.00 91.00]]
[[89.00 70.00]
 [105.00 91.00]]
#3#
[[0.00 1.00 1.00 0.00 0.00 0.00 0.00 1.00]
 [1.00 0.00 0.00 0.00 0.00 1.00 1.00 0.00]
 [1.00 0.00 0.00 1.00 0.00 0.00 0.00 0.00]
 [0.00 0.00 1.00 0.00 1.00 0.00 0.00 0.00]
 [0.00 0.00 0.00 1.00 0.00 1.00 0.00 0.00]
 [0.00 1.00 0.00 0.00 1.00 0.00 0.00 0.00]
 [0.00 1.00 0.00 0.00 0.00 0.00 0.00 1.00]
 [1.00 0.00 0.00 0.00 0.00 0.00 1.00 0.00]]