#1#
[67.00 10.00]
[73.00 196.00]
[119.00 16.00]
[124.00 203.00]
[16.00 203.00]
[10.00 17.00]
#2#
[[67.00 10.00]
 [73.00 196.00]]
[[67.00 10.00]
 [119.00 16.00]]
[[119.00 16.00]
 [124.00 203.00]]
[[73.00 196.00]
 [124.00 203.00]]
[[73.00 196.00]
 [16.00 203.00]]
[[16.00 203.00]
 [10.00 17.00]]
[[67.00 10.00]
 [10.00 17.00]]
#3#
[[0.00 1.00 1.00 0.00 0.00 1.00]
 [1.00 0.00 0.00 1.00 1.00 0.00]
 [1.00 0.00 0.00 1.00 0.00 0.00]
 [0.00 1.00 1.00 0.00 0.00 0.00]
 [0.00 1.00 0.00 0.00 0.00 1.00]
 [1.00 0.00 0.00 0.00 1.00 0.00]]