#1#
[109.00 64.00]
[11.00 64.00]
[111.00 104.00]
[12.00 104.00]
[10.00 10.00]
[110.00 10.00]
#2#
[[109.00 64.00]
 [11.00 64.00]]
[[109.00 64.00]
 [111.00 104.00]]
[[111.00 104.00]
 [12.00 104.00]]
[[11.00 64.00]
 [12.00 104.00]]
[[11.00 64.00]
 [10.00 10.00]]
[[10.00 10.00]
 [110.00 10.00]]
[[109.00 64.00]
 [110.00 10.00]]
#3#
[[0.00 1.00 1.00 0.00 0.00 1.00]
 [1.00 0.00 0.00 1.00 1.00 0.00]
 [1.00 0.00 0.00 1.00 0.00 0.00]
 [0.00 1.00 1.00 0.00 0.00 0.00]
 [0.00 1.00 0.00 0.00 0.00 1.00]
 [1.00 0.00 0.00 0.00 1.00 0.00]]