#1#
[32.00 111.00]
[154.00 63.00]
[179.00 132.00]
[58.00 180.00]
[10.00 60.00]
[131.00 10.00]
#2#
[[32.00 111.00]
 [154.00 63.00]]
[[154.00 63.00]
 [179.00 132.00]]
[[179.00 132.00]
 [58.00 180.00]]
[[32.00 111.00]
 [58.00 180.00]]
[[32.00 111.00]
 [10.00 60.00]]
[[10.00 60.00]
 [131.00 10.00]]
[[154.00 63.00]
 [131.00 10.00]]
#3#
[[0.00 1.00 0.00 1.00 1.00 0.00]
 [1.00 0.00 1.00 0.00 0.00 1.00]
 [0.00 1.00 0.00 1.00 0.00 0.00]
 [1.00 0.00 1.00 0.00 0.00 0.00]
 [1.00 0.00 0.00 0.00 0.00 1.00]
 [0.00 1.00 0.00 0.00 1.00 0.00]]