#1#
[39.00 40.00]
[10.00 78.00]
[97.00 147.00]
[128.00 113.00]
[153.00 84.00]
[66.00 10.00]
#2#
[[39.00 40.00]
 [10.00 78.00]]
[[10.00 78.00]
 [97.00 147.00]]
[[97.00 147.00]
 [128.00 113.00]]
[[128.00 113.00]
 [153.00 84.00]]
[[153.00 84.00]
 [66.00 10.00]]
[[39.00 40.00]
 [66.00 10.00]]
[[39.00 40.00]
 [128.00 113.00]]
#3#
[[0.00 1.00 0.00 1.00 0.00 1.00]
 [1.00 0.00 1.00 0.00 0.00 0.00]
 [0.00 1.00 0.00 1.00 0.00 0.00]
 [1.00 0.00 1.00 0.00 1.00 0.00]
 [0.00 0.00 0.00 1.00 0.00 1.00]
 [1.00 0.00 0.00 0.00 1.00 0.00]]