#1#
[64.00 11.00]
[10.00 10.00]
[10.00 122.00]
[65.00 123.00]
[118.00 11.00]
[120.00 121.00]
#2#
[[64.00 11.00]
 [10.00 10.00]]
[[10.00 10.00]
 [10.00 122.00]]
[[10.00 122.00]
 [65.00 123.00]]
[[64.00 11.00]
 [118.00 11.00]]
[[118.00 11.00]
 [120.00 121.00]]
[[65.00 123.00]
 [120.00 121.00]]
[[64.00 11.00]
 [65.00 123.00]]
#3#
[[0.00 1.00 0.00 1.00 1.00 0.00]
 [1.00 0.00 1.00 0.00 0.00 0.00]
 [0.00 1.00 0.00 1.00 0.00 0.00]
 [1.00 0.00 1.00 0.00 0.00 1.00]
 [1.00 0.00 0.00 0.00 0.00 1.00]
 [0.00 0.00 0.00 1.00 1.00 0.00]]