#1#
[70.00 150.00]
[18.00 143.00]
[10.00 16.00]
[62.00 21.00]
[110.00 10.00]
[119.00 135.00]
#2#
[[70.00 150.00]
 [18.00 143.00]]
[[18.00 143.00]
 [10.00 16.00]]
[[10.00 16.00]
 [62.00 21.00]]
[[70.00 150.00]
 [62.00 21.00]]
[[62.00 21.00]
 [110.00 10.00]]
[[110.00 10.00]
 [119.00 135.00]]
[[70.00 150.00]
 [119.00 135.00]]
#3#
[[0.00 1.00 0.00 1.00 0.00 1.00]
 [1.00 0.00 1.00 0.00 0.00 0.00]
 [0.00 1.00 0.00 1.00 0.00 0.00]
 [1.00 0.00 1.00 0.00 1.00 0.00]
 [0.00 0.00 0.00 1.00 0.00 1.00]
 [1.00 0.00 0.00 0.00 1.00 0.00]]