#1#
[25.00 75.00]
[120.00 115.00]
[10.00 101.00]
[104.00 140.00]
[143.00 49.00]
[46.00 10.00]
#2#
[[25.00 75.00]
 [120.00 115.00]]
[[25.00 75.00]
 [10.00 101.00]]
[[10.00 101.00]
 [104.00 140.00]]
[[120.00 115.00]
 [104.00 140.00]]
[[120.00 115.00]
 [143.00 49.00]]
[[143.00 49.00]
 [46.00 10.00]]
[[25.00 75.00]
 [46.00 10.00]]
#3#
[[0.00 1.00 1.00 0.00 0.00 1.00]
 [1.00 0.00 0.00 1.00 1.00 0.00]
 [1.00 0.00 0.00 1.00 0.00 0.00]
 [0.00 1.00 1.00 0.00 0.00 0.00]
 [0.00 1.00 0.00 0.00 0.00 1.00]
 [1.00 0.00 0.00 0.00 1.00 0.00]]