#1#
[295.00 46.00]
[250.00 10.00]
[10.00 327.00]
[55.00 365.00]
[342.00 78.00]
[103.00 397.00]
#2#
[[295.00 46.00]
 [250.00 10.00]]
[[250.00 10.00]
 [10.00 327.00]]
[[10.00 327.00]
 [55.00 365.00]]
[[295.00 46.00]
 [342.00 78.00]]
[[342.00 78.00]
 [103.00 397.00]]
[[55.00 365.00]
 [103.00 397.00]]
[[295.00 46.00]
 [55.00 365.00]]
#3#
[[0.00 1.00 0.00 1.00 1.00 0.00]
 [1.00 0.00 1.00 0.00 0.00 0.00]
 [0.00 1.00 0.00 1.00 0.00 0.00]
 [1.00 0.00 1.00 0.00 0.00 1.00]
 [1.00 0.00 0.00 0.00 0.00 1.00]
 [0.00 0.00 0.00 1.00 1.00 0.00]]