#1#
[47.00 158.00]
[10.00 130.00]
[58.00 10.00]
[95.00 38.00]
[137.00 43.00]
[90.00 162.00]
#2#
[[47.00 158.00]
 [10.00 130.00]]
[[10.00 130.00]
 [58.00 10.00]]
[[58.00 10.00]
 [95.00 38.00]]
[[47.00 158.00]
 [95.00 38.00]]
[[95.00 38.00]
 [137.00 43.00]]
[[137.00 43.00]
 [90.00 162.00]]
[[47.00 158.00]
 [90.00 162.00]]
#3#
[[0.00 1.00 0.00 1.00 0.00 1.00]
 [1.00 0.00 1.00 0.00 0.00 0.00]
 [0.00 1.00 0.00 1.00 0.00 0.00]
 [1.00 0.00 1.00 0.00 1.00 0.00]
 [0.00 0.00 0.00 1.00 0.00 1.00]
 [1.00 0.00 0.00 0.00 1.00 0.00]]