#1#
[144.00 150.00]
[128.00 107.00]
[171.00 92.00]
[21.00 93.00]
[10.00 121.00]
[135.00 175.00]
[48.00 39.00]
[184.00 64.00]
[61.00 10.00]
[62.00 76.00]
#2#
[[144.00 150.00]
 [128.00 107.00]]
[[144.00 150.00]
 [171.00 92.00]]
[[128.00 107.00]
 [171.00 92.00]]
[[21.00 93.00]
 [10.00 121.00]]
[[10.00 121.00]
 [135.00 175.00]]
[[144.00 150.00]
 [135.00 175.00]]
[[21.00 93.00]
 [48.00 39.00]]
[[171.00 92.00]
 [184.00 64.00]]
[[61.00 10.00]
 [184.00 64.00]]
[[61.00 10.00]
 [48.00 39.00]]
[[62.00 76.00]
 [21.00 93.00]]
[[62.00 76.00]
 [128.00 107.00]]
[[62.00 76.00]
 [48.00 39.00]]
#3#
[[0.00 1.00 1.00 0.00 0.00 1.00 0.00 0.00 0.00 0.00]
 [1.00 0.00 1.00 0.00 0.00 0.00 0.00 0.00 0.00 1.00]
 [1.00 1.00 0.00 0.00 0.00 0.00 0.00 1.00 0.00 0.00]
 [0.00 0.00 0.00 0.00 1.00 0.00 1.00 0.00 0.00 1.00]
 [0.00 0.00 0.00 1.00 0.00 1.00 0.00 0.00 0.00 0.00]
 [1.00 0.00 0.00 0.00 1.00 0.00 0.00 0.00 0.00 0.00]
 [0.00 0.00 0.00 1.00 0.00 0.00 0.00 0.00 1.00 1.00]
 [0.00 0.00 1.00 0.00 0.00 0.00 0.00 0.00 1.00 0.00]
 [0.00 0.00 0.00 0.00 0.00 0.00 1.00 1.00 0.00 0.00]
 [0.00 1.00 0.00 1.00 0.00 0.00 1.00 0.00 0.00 0.00]]