#1#
[103.00 10.00]
[10.00 85.00]
[79.00 101.00]
[82.00 175.00]
[176.00 100.00]
[97.00 126.00]
#2#
[[103.00 10.00]
 [10.00 85.00]]
[[103.00 10.00]
 [79.00 101.00]]
[[10.00 85.00]
 [82.00 175.00]]
[[103.00 10.00]
 [176.00 100.00]]
[[82.00 175.00]
 [176.00 100.00]]
[[10.00 85.00]
 [79.00 101.00]]
[[176.00 100.00]
 [97.00 126.00]]
[[79.00 101.00]
 [97.00 126.00]]
[[82.00 175.00]
 [97.00 126.00]]
#3#
[[0.00 1.00 1.00 0.00 1.00 0.00]
 [1.00 0.00 1.00 1.00 0.00 0.00]
 [1.00 1.00 0.00 0.00 0.00 1.00]
 [0.00 1.00 0.00 0.00 1.00 1.00]
 [1.00 0.00 0.00 1.00 0.00 1.00]
 [0.00 0.00 1.00 1.00 1.00 0.00]]