#1#
[127.00 70.00]
[110.00 10.00]
[10.00 38.00]
[26.00 97.00]
[42.00 151.00]
[142.00 124.00]
#2#
[[127.00 70.00]
 [110.00 10.00]]
[[110.00 10.00]
 [10.00 38.00]]
[[10.00 38.00]
 [26.00 97.00]]
[[127.00 70.00]
 [26.00 97.00]]
[[26.00 97.00]
 [42.00 151.00]]
[[42.00 151.00]
 [142.00 124.00]]
[[127.00 70.00]
 [142.00 124.00]]
#3#
[[0.00 1.00 0.00 1.00 0.00 1.00]
 [1.00 0.00 1.00 0.00 0.00 0.00]
 [0.00 1.00 0.00 1.00 0.00 0.00]
 [1.00 0.00 1.00 0.00 1.00 0.00]
 [0.00 0.00 0.00 1.00 0.00 1.00]
 [1.00 0.00 0.00 0.00 1.00 0.00]]