#1#
[157.00 56.00]
[185.00 111.00]
[65.00 177.00]
[38.00 123.00]
[10.00 79.00]
[130.00 10.00]
#2#
[[157.00 56.00]
 [185.00 111.00]]
[[185.00 111.00]
 [65.00 177.00]]
[[65.00 177.00]
 [38.00 123.00]]
[[38.00 123.00]
 [10.00 79.00]]
[[10.00 79.00]
 [130.00 10.00]]
[[157.00 56.00]
 [130.00 10.00]]
[[157.00 56.00]
 [38.00 123.00]]
#3#
[[0.00 1.00 0.00 1.00 0.00 1.00]
 [1.00 0.00 1.00 0.00 0.00 0.00]
 [0.00 1.00 0.00 1.00 0.00 0.00]
 [1.00 0.00 1.00 0.00 1.00 0.00]
 [0.00 0.00 0.00 1.00 0.00 1.00]
 [1.00 0.00 0.00 0.00 1.00 0.00]]