#1#
[42.00 133.00]
[76.00 171.00]
[174.00 89.00]
[140.00 49.00]
[106.00 10.00]
[10.00 95.00]
#2#
[[42.00 133.00]
 [76.00 171.00]]
[[76.00 171.00]
 [174.00 89.00]]
[[174.00 89.00]
 [140.00 49.00]]
[[140.00 49.00]
 [106.00 10.00]]
[[106.00 10.00]
 [10.00 95.00]]
[[42.00 133.00]
 [10.00 95.00]]
[[42.00 133.00]
 [140.00 49.00]]
#3#
[[0.00 1.00 0.00 1.00 0.00 1.00]
 [1.00 0.00 1.00 0.00 0.00 0.00]
 [0.00 1.00 0.00 1.00 0.00 0.00]
 [1.00 0.00 1.00 0.00 1.00 0.00]
 [0.00 0.00 0.00 1.00 0.00 1.00]
 [1.00 0.00 0.00 0.00 1.00 0.00]]