#1#
[37.00 17.00]
[10.00 31.00]
[54.00 160.00]
[82.00 146.00]
[114.00 138.00]
[68.00 10.00]
#2#
[[37.00 17.00]
 [10.00 31.00]]
[[10.00 31.00]
 [54.00 160.00]]
[[54.00 160.00]
 [82.00 146.00]]
[[37.00 17.00]
 [82.00 146.00]]
[[82.00 146.00]
 [114.00 138.00]]
[[114.00 138.00]
 [68.00 10.00]]
[[37.00 17.00]
 [68.00 10.00]]
#3#
[[0.00 1.00 0.00 1.00 0.00 1.00]
 [1.00 0.00 1.00 0.00 0.00 0.00]
 [0.00 1.00 0.00 1.00 0.00 0.00]
 [1.00 0.00 1.00 0.00 1.00 0.00]
 [0.00 0.00 0.00 1.00 0.00 1.00]
 [1.00 0.00 0.00 0.00 1.00 0.00]]