#1#
[10.00 150.00]
[46.00 10.00]
[187.00 48.00]
[102.00 101.00]
[150.00 186.00]
#2#
[[10.00 150.00]
 [46.00 10.00]]
[[46.00 10.00]
 [187.00 48.00]]
[[187.00 48.00]
 [102.00 101.00]]
[[10.00 150.00]
 [102.00 101.00]]
[[10.00 150.00]
 [150.00 186.00]]
[[187.00 48.00]
 [150.00 186.00]]
[[187.00 48.00]
 [102.00 101.00]]
[[46.00 10.00]
 [102.00 101.00]]
[[46.00 10.00]
 [102.00 101.00]]
[[102.00 101.00]
 [150.00 186.00]]
#3#
[[0.00 1.00 0.00 1.00 1.00]
 [1.00 0.00 1.00 1.00 0.00]
 [0.00 1.00 0.00 1.00 1.00]
 [1.00 1.00 1.00 0.00 1.00]
 [1.00 0.00 1.00 1.00 0.00]]