#1#
[164.00 215.00]
[10.00 131.00]
[160.00 126.00]
[229.00 95.00]
[80.00 81.00]
[75.00 10.00]
#2#
[[164.00 215.00]
 [10.00 131.00]]
[[164.00 215.00]
 [160.00 126.00]]
[[164.00 215.00]
 [229.00 95.00]]
[[10.00 131.00]
 [80.00 81.00]]
[[10.00 131.00]
 [75.00 10.00]]
[[160.00 126.00]
 [229.00 95.00]]
[[160.00 126.00]
 [80.00 81.00]]
[[80.00 81.00]
 [75.00 10.00]]
[[229.00 95.00]
 [75.00 10.00]]
#3#
[[0.00 1.00 1.00 1.00 0.00 0.00]
 [1.00 0.00 0.00 0.00 1.00 1.00]
 [1.00 0.00 0.00 1.00 1.00 0.00]
 [1.00 0.00 1.00 0.00 0.00 1.00]
 [0.00 1.00 1.00 0.00 0.00 1.00]
 [0.00 1.00 0.00 1.00 1.00 0.00]]