#1#
[120.00 183.00]
[10.00 151.00]
[76.00 116.00]
[45.00 10.00]
[87.00 78.00]
[155.00 40.00]
#2#
[[120.00 183.00]
 [10.00 151.00]]
[[10.00 151.00]
 [76.00 116.00]]
[[10.00 151.00]
 [45.00 10.00]]
[[120.00 183.00]
 [76.00 116.00]]
[[76.00 116.00]
 [87.00 78.00]]
[[87.00 78.00]
 [155.00 40.00]]
[[45.00 10.00]
 [87.00 78.00]]
[[120.00 183.00]
 [155.00 40.00]]
[[45.00 10.00]
 [155.00 40.00]]
#3#
[[0.00 1.00 1.00 0.00 0.00 1.00]
 [1.00 0.00 1.00 1.00 0.00 0.00]
 [1.00 1.00 0.00 0.00 1.00 0.00]
 [0.00 1.00 0.00 0.00 1.00 1.00]
 [0.00 0.00 1.00 1.00 0.00 1.00]
 [1.00 0.00 0.00 1.00 1.00 0.00]]