#1#
[11.00 81.00]
[12.00 10.00]
[620.00 37.00]
[617.00 106.00]
[10.00 125.00]
[616.00 152.00]
#2#
[[11.00 81.00]
 [12.00 10.00]]
[[12.00 10.00]
 [620.00 37.00]]
[[620.00 37.00]
 [617.00 106.00]]
[[11.00 81.00]
 [617.00 106.00]]
[[11.00 81.00]
 [10.00 125.00]]
[[10.00 125.00]
 [616.00 152.00]]
[[617.00 106.00]
 [616.00 152.00]]
#3#
[[0.00 1.00 0.00 1.00 1.00 0.00]
 [1.00 0.00 1.00 0.00 0.00 0.00]
 [0.00 1.00 0.00 1.00 0.00 0.00]
 [1.00 0.00 1.00 0.00 0.00 1.00]
 [1.00 0.00 0.00 0.00 0.00 1.00]
 [0.00 0.00 0.00 1.00 1.00 0.00]]