#1#
[105.00 32.00]
[51.00 10.00]
[10.00 113.00]
[65.00 134.00]
[159.00 54.00]
[119.00 157.00]
#2#
[[105.00 32.00]
 [51.00 10.00]]
[[51.00 10.00]
 [10.00 113.00]]
[[10.00 113.00]
 [65.00 134.00]]
[[105.00 32.00]
 [65.00 134.00]]
[[105.00 32.00]
 [159.00 54.00]]
[[159.00 54.00]
 [119.00 157.00]]
[[65.00 134.00]
 [119.00 157.00]]
#3#
[[0.00 1.00 0.00 1.00 1.00 0.00]
 [1.00 0.00 1.00 0.00 0.00 0.00]
 [0.00 1.00 0.00 1.00 0.00 0.00]
 [1.00 0.00 1.00 0.00 0.00 1.00]
 [1.00 0.00 0.00 0.00 0.00 1.00]
 [0.00 0.00 0.00 1.00 1.00 0.00]]