#1#
[151.00 125.00]
[31.00 48.00]
[10.00 83.00]
[128.00 161.00]
[160.00 111.00]
[147.00 103.00]
[163.00 79.00]
[57.00 10.00]
#2#
[[151.00 125.00]
 [31.00 48.00]]
[[31.00 48.00]
 [10.00 83.00]]
[[10.00 83.00]
 [128.00 161.00]]
[[151.00 125.00]
 [128.00 161.00]]
[[151.00 125.00]
 [160.00 111.00]]
[[160.00 111.00]
 [147.00 103.00]]
[[147.00 103.00]
 [163.00 79.00]]
[[163.00 79.00]
 [57.00 10.00]]
[[31.00 48.00]
 [57.00 10.00]]
#3#
[[0.00 1.00 0.00 1.00 1.00 0.00 0.00 0.00]
 [1.00 0.00 1.00 0.00 0.00 0.00 0.00 1.00]
 [0.00 1.00 0.00 1.00 0.00 0.00 0.00 0.00]
 [1.00 0.00 1.00 0.00 0.00 0.00 0.00 0.00]
 [1.00 0.00 0.00 0.00 0.00 1.00 0.00 0.00]
 [0.00 0.00 0.00 0.00 1.00 0.00 1.00 0.00]
 [0.00 0.00 0.00 0.00 0.00 1.00 0.00 1.00]
 [0.00 1.00 0.00 0.00 0.00 0.00 1.00 0.00]]