#1#
[83.00 121.00]
[139.00 110.00]
[120.00 10.00]
[65.00 22.00]
[10.00 32.00]
[30.00 130.00]
#2#
[[83.00 121.00]
 [139.00 110.00]]
[[139.00 110.00]
 [120.00 10.00]]
[[120.00 10.00]
 [65.00 22.00]]
[[65.00 22.00]
 [10.00 32.00]]
[[10.00 32.00]
 [30.00 130.00]]
[[83.00 121.00]
 [30.00 130.00]]
[[83.00 121.00]
 [65.00 22.00]]
#3#
[[0.00 1.00 0.00 1.00 0.00 1.00]
 [1.00 0.00 1.00 0.00 0.00 0.00]
 [0.00 1.00 0.00 1.00 0.00 0.00]
 [1.00 0.00 1.00 0.00 1.00 0.00]
 [0.00 0.00 0.00 1.00 0.00 1.00]
 [1.00 0.00 0.00 0.00 1.00 0.00]]