#1#
[19.00 75.00]
[10.00 29.00]
[116.00 10.00]
[123.00 56.00]
[131.00 106.00]
[27.00 123.00]
#2#
[[19.00 75.00]
 [10.00 29.00]]
[[10.00 29.00]
 [116.00 10.00]]
[[116.00 10.00]
 [123.00 56.00]]
[[123.00 56.00]
 [131.00 106.00]]
[[131.00 106.00]
 [27.00 123.00]]
[[19.00 75.00]
 [27.00 123.00]]
[[19.00 75.00]
 [123.00 56.00]]
#3#
[[0.00 1.00 0.00 1.00 0.00 1.00]
 [1.00 0.00 1.00 0.00 0.00 0.00]
 [0.00 1.00 0.00 1.00 0.00 0.00]
 [1.00 0.00 1.00 0.00 1.00 0.00]
 [0.00 0.00 0.00 1.00 0.00 1.00]
 [1.00 0.00 0.00 0.00 1.00 0.00]]