#1#
[57.00 41.00]
[96.00 10.00]
[135.00 65.00]
[153.00 51.00]
[203.00 119.00]
[146.00 164.00]
[89.00 195.00]
[46.00 136.00]
[56.00 128.00]
[10.00 65.00]
#2#
[[57.00 41.00]
 [96.00 10.00]]
[[96.00 10.00]
 [135.00 65.00]]
[[135.00 65.00]
 [153.00 51.00]]
[[153.00 51.00]
 [203.00 119.00]]
[[203.00 119.00]
 [146.00 164.00]]
[[57.00 41.00]
 [146.00 164.00]]
[[146.00 164.00]
 [89.00 195.00]]
[[89.00 195.00]
 [46.00 136.00]]
[[56.00 128.00]
 [46.00 136.00]]
[[56.00 128.00]
 [10.00 65.00]]
[[57.00 41.00]
 [10.00 65.00]]
#3#
[[0.00 1.00 0.00 0.00 0.00 1.00 0.00 0.00 0.00 1.00]
 [1.00 0.00 1.00 0.00 0.00 0.00 0.00 0.00 0.00 0.00]
 [0.00 1.00 0.00 1.00 0.00 0.00 0.00 0.00 0.00 0.00]
 [0.00 0.00 1.00 0.00 1.00 0.00 0.00 0.00 0.00 0.00]
 [0.00 0.00 0.00 1.00 0.00 1.00 0.00 0.00 0.00 0.00]
 [1.00 0.00 0.00 0.00 1.00 0.00 1.00 0.00 0.00 0.00]
 [0.00 0.00 0.00 0.00 0.00 1.00 0.00 1.00 0.00 0.00]
 [0.00 0.00 0.00 0.00 0.00 0.00 1.00 0.00 1.00 0.00]
 [0.00 0.00 0.00 0.00 0.00 0.00 0.00 1.00 0.00 1.00]
 [1.00 0.00 0.00 0.00 0.00 0.00 0.00 0.00 1.00 0.00]]