#1#
[30.00 120.00]
[124.00 96.00]
[52.00 58.00]
[86.00 48.00]
[10.00 34.00]
[103.00 10.00]
#2#
[[30.00 120.00]
 [124.00 96.00]]
[[30.00 120.00]
 [52.00 58.00]]
[[52.00 58.00]
 [86.00 48.00]]
[[52.00 58.00]
 [10.00 34.00]]
[[124.00 96.00]
 [86.00 48.00]]
[[86.00 48.00]
 [103.00 10.00]]
[[30.00 120.00]
 [10.00 34.00]]
[[10.00 34.00]
 [103.00 10.00]]
[[124.00 96.00]
 [103.00 10.00]]
#3#
[[0.00 1.00 1.00 0.00 1.00 0.00]
 [1.00 0.00 0.00 1.00 0.00 1.00]
 [1.00 0.00 0.00 1.00 1.00 0.00]
 [0.00 1.00 1.00 0.00 0.00 1.00]
 [1.00 0.00 1.00 0.00 0.00 1.00]
 [0.00 1.00 0.00 1.00 1.00 0.00]]