#1#
[129.00 35.00]
[73.00 167.00]
[189.00 63.00]
[134.00 190.00]
[10.00 138.00]
[68.00 10.00]
#2#
[[129.00 35.00]
 [73.00 167.00]]
[[129.00 35.00]
 [189.00 63.00]]
[[189.00 63.00]
 [134.00 190.00]]
[[73.00 167.00]
 [134.00 190.00]]
[[73.00 167.00]
 [10.00 138.00]]
[[10.00 138.00]
 [68.00 10.00]]
[[129.00 35.00]
 [68.00 10.00]]
#3#
[[0.00 1.00 1.00 0.00 0.00 1.00]
 [1.00 0.00 0.00 1.00 1.00 0.00]
 [1.00 0.00 0.00 1.00 0.00 0.00]
 [0.00 1.00 1.00 0.00 0.00 0.00]
 [0.00 1.00 0.00 0.00 0.00 1.00]
 [1.00 0.00 0.00 0.00 1.00 0.00]]