#1#
[59.00 27.00]
[10.00 54.00]
[54.00 155.00]
[101.00 131.00]
[156.00 111.00]
[112.00 10.00]
#2#
[[59.00 27.00]
 [10.00 54.00]]
[[10.00 54.00]
 [54.00 155.00]]
[[54.00 155.00]
 [101.00 131.00]]
[[59.00 27.00]
 [101.00 131.00]]
[[101.00 131.00]
 [156.00 111.00]]
[[156.00 111.00]
 [112.00 10.00]]
[[59.00 27.00]
 [112.00 10.00]]
#3#
[[0.00 1.00 0.00 1.00 0.00 1.00]
 [1.00 0.00 1.00 0.00 0.00 0.00]
 [0.00 1.00 0.00 1.00 0.00 0.00]
 [1.00 0.00 1.00 0.00 1.00 0.00]
 [0.00 0.00 0.00 1.00 0.00 1.00]
 [1.00 0.00 0.00 0.00 1.00 0.00]]