#1#
[162.00 57.00]
[163.00 131.00]
[15.00 131.00]
[10.00 59.00]
[13.00 12.00]
[162.00 10.00]
#2#
[[162.00 57.00]
 [163.00 131.00]]
[[163.00 131.00]
 [15.00 131.00]]
[[15.00 131.00]
 [10.00 59.00]]
[[162.00 57.00]
 [10.00 59.00]]
[[10.00 59.00]
 [13.00 12.00]]
[[13.00 12.00]
 [162.00 10.00]]
[[162.00 57.00]
 [162.00 10.00]]
#3#
[[0.00 1.00 0.00 1.00 0.00 1.00]
 [1.00 0.00 1.00 0.00 0.00 0.00]
 [0.00 1.00 0.00 1.00 0.00 0.00]
 [1.00 0.00 1.00 0.00 1.00 0.00]
 [0.00 0.00 0.00 1.00 0.00 1.00]
 [1.00 0.00 0.00 0.00 1.00 0.00]]