#1#
[321.00 37.00]
[267.00 10.00]
[10.00 528.00]
[64.00 555.00]
[370.00 62.00]
[114.00 576.00]
#2#
[[321.00 37.00]
 [267.00 10.00]]
[[267.00 10.00]
 [10.00 528.00]]
[[10.00 528.00]
 [64.00 555.00]]
[[321.00 37.00]
 [64.00 555.00]]
[[321.00 37.00]
 [370.00 62.00]]
[[370.00 62.00]
 [114.00 576.00]]
[[64.00 555.00]
 [114.00 576.00]]
#3#
[[0.00 1.00 0.00 1.00 1.00 0.00]
 [1.00 0.00 1.00 0.00 0.00 0.00]
 [0.00 1.00 0.00 1.00 0.00 0.00]
 [1.00 0.00 1.00 0.00 0.00 1.00]
 [1.00 0.00 0.00 0.00 0.00 1.00]
 [0.00 0.00 0.00 1.00 1.00 0.00]]