#1#
[12.00 64.00]
[110.00 64.00]
[10.00 104.00]
[109.00 104.00]
[111.00 10.00]
[11.00 10.00]
#2#
[[12.00 64.00]
 [110.00 64.00]]
[[12.00 64.00]
 [10.00 104.00]]
[[10.00 104.00]
 [109.00 104.00]]
[[110.00 64.00]
 [109.00 104.00]]
[[110.00 64.00]
 [111.00 10.00]]
[[111.00 10.00]
 [11.00 10.00]]
[[12.00 64.00]
 [11.00 10.00]]
#3#
[[0.00 1.00 1.00 0.00 0.00 1.00]
 [1.00 0.00 0.00 1.00 1.00 0.00]
 [1.00 0.00 0.00 1.00 0.00 0.00]
 [0.00 1.00 1.00 0.00 0.00 0.00]
 [0.00 1.00 0.00 0.00 0.00 1.00]
 [1.00 0.00 0.00 0.00 1.00 0.00]]