#1#
[93.00 27.00]
[80.00 68.00]
[128.00 10.00]
[184.00 133.00]
[152.00 146.00]
[37.00 51.00]
[111.00 131.00]
[95.00 171.00]
[63.00 185.00]
[10.00 67.00]
#2#
[[93.00 27.00]
 [80.00 68.00]]
[[93.00 27.00]
 [128.00 10.00]]
[[128.00 10.00]
 [184.00 133.00]]
[[184.00 133.00]
 [152.00 146.00]]
[[93.00 27.00]
 [37.00 51.00]]
[[80.00 68.00]
 [37.00 51.00]]
[[80.00 68.00]
 [111.00 131.00]]
[[152.00 146.00]
 [111.00 131.00]]
[[152.00 146.00]
 [95.00 171.00]]
[[111.00 131.00]
 [95.00 171.00]]
[[63.00 185.00]
 [95.00 171.00]]
[[63.00 185.00]
 [10.00 67.00]]
[[10.00 67.00]
 [37.00 51.00]]
#3#
[[0.00 1.00 1.00 0.00 0.00 1.00 0.00 0.00 0.00 0.00]
 [1.00 0.00 0.00 0.00 0.00 1.00 1.00 0.00 0.00 0.00]
 [1.00 0.00 0.00 1.00 0.00 0.00 0.00 0.00 0.00 0.00]
 [0.00 0.00 1.00 0.00 1.00 0.00 0.00 0.00 0.00 0.00]
 [0.00 0.00 0.00 1.00 0.00 0.00 1.00 1.00 0.00 0.00]
 [1.00 1.00 0.00 0.00 0.00 0.00 0.00 0.00 0.00 1.00]
 [0.00 1.00 0.00 0.00 1.00 0.00 0.00 1.00 0.00 0.00]
 [0.00 0.00 0.00 0.00 1.00 0.00 1.00 0.00 1.00 0.00]
 [0.00 0.00 0.00 0.00 0.00 0.00 0.00 1.00 0.00 1.00]
 [0.00 0.00 0.00 0.00 0.00 1.00 0.00 0.00 1.00 0.00]]