#1#
[124.00 93.00]
[112.00 146.00]
[10.00 119.00]
[24.00 66.00]
[41.00 10.00]
[141.00 36.00]
#2#
[[124.00 93.00]
 [112.00 146.00]]
[[112.00 146.00]
 [10.00 119.00]]
[[10.00 119.00]
 [24.00 66.00]]
[[124.00 93.00]
 [24.00 66.00]]
[[24.00 66.00]
 [41.00 10.00]]
[[41.00 10.00]
 [141.00 36.00]]
[[124.00 93.00]
 [141.00 36.00]]
#3#
[[0.00 1.00 0.00 1.00 0.00 1.00]
 [1.00 0.00 1.00 0.00 0.00 0.00]
 [0.00 1.00 0.00 1.00 0.00 0.00]
 [1.00 0.00 1.00 0.00 1.00 0.00]
 [0.00 0.00 0.00 1.00 0.00 1.00]
 [1.00 0.00 0.00 0.00 1.00 0.00]]