#1#
[32.00 64.00]
[49.00 10.00]
[62.00 10.00]
[161.00 47.00]
[142.00 104.00]
[10.00 120.00]
[121.00 158.00]
#2#
[[32.00 64.00]
 [49.00 10.00]]
[[49.00 10.00]
 [62.00 10.00]]
[[62.00 10.00]
 [161.00 47.00]]
[[161.00 47.00]
 [142.00 104.00]]
[[32.00 64.00]
 [142.00 104.00]]
[[32.00 64.00]
 [10.00 120.00]]
[[10.00 120.00]
 [121.00 158.00]]
[[142.00 104.00]
 [121.00 158.00]]
#3#
[[0.00 1.00 0.00 0.00 1.00 1.00 0.00]
 [1.00 0.00 1.00 0.00 0.00 0.00 0.00]
 [0.00 1.00 0.00 1.00 0.00 0.00 0.00]
 [0.00 0.00 1.00 0.00 1.00 0.00 0.00]
 [1.00 0.00 0.00 1.00 0.00 0.00 1.00]
 [1.00 0.00 0.00 0.00 0.00 0.00 1.00]
 [0.00 0.00 0.00 0.00 1.00 1.00 0.00]]