#1#
[150.00 75.00]
[47.00 148.00]
[182.00 108.00]
[80.00 182.00]
[10.00 83.00]
[112.00 10.00]
#2#
[[150.00 75.00]
 [47.00 148.00]]
[[150.00 75.00]
 [182.00 108.00]]
[[182.00 108.00]
 [80.00 182.00]]
[[47.00 148.00]
 [80.00 182.00]]
[[47.00 148.00]
 [10.00 83.00]]
[[10.00 83.00]
 [112.00 10.00]]
[[150.00 75.00]
 [112.00 10.00]]
#3#
[[0.00 1.00 1.00 0.00 0.00 1.00]
 [1.00 0.00 0.00 1.00 1.00 0.00]
 [1.00 0.00 0.00 1.00 0.00 0.00]
 [0.00 1.00 1.00 0.00 0.00 0.00]
 [0.00 1.00 0.00 0.00 0.00 1.00]
 [1.00 0.00 0.00 0.00 1.00 0.00]]