#1#
[132.00 67.00]
[140.00 120.00]
[32.00 141.00]
[22.00 89.00]
[10.00 32.00]
[118.00 10.00]
#2#
[[132.00 67.00]
 [140.00 120.00]]
[[140.00 120.00]
 [32.00 141.00]]
[[32.00 141.00]
 [22.00 89.00]]
[[22.00 89.00]
 [10.00 32.00]]
[[10.00 32.00]
 [118.00 10.00]]
[[132.00 67.00]
 [118.00 10.00]]
[[132.00 67.00]
 [22.00 89.00]]
#3#
[[0.00 1.00 0.00 1.00 0.00 1.00]
 [1.00 0.00 1.00 0.00 0.00 0.00]
 [0.00 1.00 0.00 1.00 0.00 0.00]
 [1.00 0.00 1.00 0.00 1.00 0.00]
 [0.00 0.00 0.00 1.00 0.00 1.00]
 [1.00 0.00 0.00 0.00 1.00 0.00]]