#1#
[150.00 164.00]
[245.00 166.00]
[201.00 117.00]
[149.00 104.00]
[10.00 100.00]
[204.00 54.00]
[61.00 51.00]
[248.00 14.00]
[12.00 10.00]
#2#
[[150.00 164.00]
 [245.00 166.00]]
[[245.00 166.00]
 [201.00 117.00]]
[[150.00 164.00]
 [201.00 117.00]]
[[150.00 164.00]
 [149.00 104.00]]
[[149.00 104.00]
 [10.00 100.00]]
[[201.00 117.00]
 [204.00 54.00]]
[[149.00 104.00]
 [204.00 54.00]]
[[204.00 54.00]
 [61.00 51.00]]
[[10.00 100.00]
 [61.00 51.00]]
[[204.00 54.00]
 [248.00 14.00]]
[[245.00 166.00]
 [248.00 14.00]]
[[12.00 10.00]
 [61.00 51.00]]
[[12.00 10.00]
 [10.00 100.00]]
[[12.00 10.00]
 [248.00 14.00]]
#3#
[[0.00 1.00 1.00 1.00 0.00 0.00 0.00 0.00 0.00]
 [1.00 0.00 1.00 0.00 0.00 0.00 0.00 1.00 0.00]
 [1.00 1.00 0.00 0.00 0.00 1.00 0.00 0.00 0.00]
 [1.00 0.00 0.00 0.00 1.00 1.00 0.00 0.00 0.00]
 [0.00 0.00 0.00 1.00 0.00 0.00 1.00 0.00 1.00]
 [0.00 0.00 1.00 1.00 0.00 0.00 1.00 1.00 0.00]
 [0.00 0.00 0.00 0.00 1.00 1.00 0.00 0.00 1.00]
 [0.00 1.00 0.00 0.00 0.00 1.00 0.00 0.00 1.00]
 [0.00 0.00 0.00 0.00 1.00 0.00 1.00 1.00 0.00]]