#1#
[62.00 39.00]
[124.00 147.00]
[106.00 10.00]
[122.00 40.00]
[133.00 34.00]
[176.00 111.00]
[70.00 169.00]
[10.00 61.00]
#2#
[[62.00 39.00]
 [124.00 147.00]]
[[62.00 39.00]
 [106.00 10.00]]
[[106.00 10.00]
 [122.00 40.00]]
[[122.00 40.00]
 [133.00 34.00]]
[[133.00 34.00]
 [176.00 111.00]]
[[124.00 147.00]
 [176.00 111.00]]
[[124.00 147.00]
 [70.00 169.00]]
[[70.00 169.00]
 [10.00 61.00]]
[[62.00 39.00]
 [10.00 61.00]]
#3#
[[0.00 1.00 1.00 0.00 0.00 0.00 0.00 1.00]
 [1.00 0.00 0.00 0.00 0.00 1.00 1.00 0.00]
 [1.00 0.00 0.00 1.00 0.00 0.00 0.00 0.00]
 [0.00 0.00 1.00 0.00 1.00 0.00 0.00 0.00]
 [0.00 0.00 0.00 1.00 0.00 1.00 0.00 0.00]
 [0.00 1.00 0.00 0.00 1.00 0.00 0.00 0.00]
 [0.00 1.00 0.00 0.00 0.00 0.00 0.00 1.00]
 [1.00 0.00 0.00 0.00 0.00 0.00 1.00 0.00]]