#1#
[63.00 45.00]
[114.00 10.00]
[165.00 87.00]
[112.00 122.00]
[60.00 155.00]
[10.00 81.00]
#2#
[[63.00 45.00]
 [114.00 10.00]]
[[114.00 10.00]
 [165.00 87.00]]
[[165.00 87.00]
 [112.00 122.00]]
[[63.00 45.00]
 [112.00 122.00]]
[[112.00 122.00]
 [60.00 155.00]]
[[60.00 155.00]
 [10.00 81.00]]
[[63.00 45.00]
 [10.00 81.00]]
#3#
[[0.00 1.00 0.00 1.00 0.00 1.00]
 [1.00 0.00 1.00 0.00 0.00 0.00]
 [0.00 1.00 0.00 1.00 0.00 0.00]
 [1.00 0.00 1.00 0.00 1.00 0.00]
 [0.00 0.00 0.00 1.00 0.00 1.00]
 [1.00 0.00 0.00 0.00 1.00 0.00]]