#1#
[20.00 68.00]
[30.00 10.00]
[133.00 29.00]
[123.00 87.00]
[113.00 130.00]
[10.00 110.00]
#2#
[[20.00 68.00]
 [30.00 10.00]]
[[30.00 10.00]
 [133.00 29.00]]
[[133.00 29.00]
 [123.00 87.00]]
[[20.00 68.00]
 [123.00 87.00]]
[[123.00 87.00]
 [113.00 130.00]]
[[113.00 130.00]
 [10.00 110.00]]
[[20.00 68.00]
 [10.00 110.00]]
#3#
[[0.00 1.00 0.00 1.00 0.00 1.00]
 [1.00 0.00 1.00 0.00 0.00 0.00]
 [0.00 1.00 0.00 1.00 0.00 0.00]
 [1.00 0.00 1.00 0.00 1.00 0.00]
 [0.00 0.00 0.00 1.00 0.00 1.00]
 [1.00 0.00 0.00 0.00 1.00 0.00]]