#1#
[112.00 120.00]
[61.00 155.00]
[10.00 78.00]
[63.00 43.00]
[115.00 10.00]
[165.00 84.00]
#2#
[[112.00 120.00]
 [61.00 155.00]]
[[61.00 155.00]
 [10.00 78.00]]
[[10.00 78.00]
 [63.00 43.00]]
[[112.00 120.00]
 [63.00 43.00]]
[[63.00 43.00]
 [115.00 10.00]]
[[115.00 10.00]
 [165.00 84.00]]
[[112.00 120.00]
 [165.00 84.00]]
#3#
[[0.00 1.00 0.00 1.00 0.00 1.00]
 [1.00 0.00 1.00 0.00 0.00 0.00]
 [0.00 1.00 0.00 1.00 0.00 0.00]
 [1.00 0.00 1.00 0.00 1.00 0.00]
 [0.00 0.00 0.00 1.00 0.00 1.00]
 [1.00 0.00 0.00 0.00 1.00 0.00]]