#1#
[83.00 25.00]
[39.00 10.00]
[10.00 106.00]
[56.00 123.00]
[99.00 135.00]
[127.00 37.00]
#2#
[[83.00 25.00]
 [39.00 10.00]]
[[39.00 10.00]
 [10.00 106.00]]
[[10.00 106.00]
 [56.00 123.00]]
[[83.00 25.00]
 [56.00 123.00]]
[[56.00 123.00]
 [99.00 135.00]]
[[99.00 135.00]
 [127.00 37.00]]
[[83.00 25.00]
 [127.00 37.00]]
#3#
[[0.00 1.00 0.00 1.00 0.00 1.00]
 [1.00 0.00 1.00 0.00 0.00 0.00]
 [0.00 1.00 0.00 1.00 0.00 0.00]
 [1.00 0.00 1.00 0.00 1.00 0.00]
 [0.00 0.00 0.00 1.00 0.00 1.00]
 [1.00 0.00 0.00 0.00 1.00 0.00]]