#1#
[69.00 287.00]
[122.00 300.00]
[189.00 37.00]
[136.00 25.00]
[78.00 10.00]
[10.00 271.00]
#2#
[[69.00 287.00]
 [122.00 300.00]]
[[122.00 300.00]
 [189.00 37.00]]
[[189.00 37.00]
 [136.00 25.00]]
[[136.00 25.00]
 [78.00 10.00]]
[[78.00 10.00]
 [10.00 271.00]]
[[69.00 287.00]
 [10.00 271.00]]
[[69.00 287.00]
 [136.00 25.00]]
#3#
[[0.00 1.00 0.00 1.00 0.00 1.00]
 [1.00 0.00 1.00 0.00 0.00 0.00]
 [0.00 1.00 0.00 1.00 0.00 0.00]
 [1.00 0.00 1.00 0.00 1.00 0.00]
 [0.00 0.00 0.00 1.00 0.00 1.00]
 [1.00 0.00 0.00 0.00 1.00 0.00]]