#1#
[26.00 46.00]
[42.00 10.00]
[157.00 51.00]
[138.00 87.00]
[123.00 143.00]
[10.00 104.00]
#2#
[[26.00 46.00]
 [42.00 10.00]]
[[42.00 10.00]
 [157.00 51.00]]
[[157.00 51.00]
 [138.00 87.00]]
[[138.00 87.00]
 [123.00 143.00]]
[[123.00 143.00]
 [10.00 104.00]]
[[26.00 46.00]
 [10.00 104.00]]
[[26.00 46.00]
 [138.00 87.00]]
#3#
[[0.00 1.00 0.00 1.00 0.00 1.00]
 [1.00 0.00 1.00 0.00 0.00 0.00]
 [0.00 1.00 0.00 1.00 0.00 0.00]
 [1.00 0.00 1.00 0.00 1.00 0.00]
 [0.00 0.00 0.00 1.00 0.00 1.00]
 [1.00 0.00 0.00 0.00 1.00 0.00]]