#1#
[47.00 32.00]
[105.00 115.00]
[87.00 10.00]
[143.00 92.00]
[67.00 145.00]
[10.00 62.00]
#2#
[[47.00 32.00]
 [105.00 115.00]]
[[47.00 32.00]
 [87.00 10.00]]
[[87.00 10.00]
 [143.00 92.00]]
[[105.00 115.00]
 [143.00 92.00]]
[[105.00 115.00]
 [67.00 145.00]]
[[67.00 145.00]
 [10.00 62.00]]
[[47.00 32.00]
 [10.00 62.00]]
#3#
[[0.00 1.00 1.00 0.00 0.00 1.00]
 [1.00 0.00 0.00 1.00 1.00 0.00]
 [1.00 0.00 0.00 1.00 0.00 0.00]
 [0.00 1.00 1.00 0.00 0.00 0.00]
 [0.00 1.00 0.00 0.00 0.00 1.00]
 [1.00 0.00 0.00 0.00 1.00 0.00]]