#1#
[68.00 10.00]
[122.00 20.00]
[117.00 126.00]
[64.00 114.00]
[10.00 120.00]
[16.00 14.00]
#2#
[[68.00 10.00]
 [122.00 20.00]]
[[122.00 20.00]
 [117.00 126.00]]
[[117.00 126.00]
 [64.00 114.00]]
[[68.00 10.00]
 [64.00 114.00]]
[[64.00 114.00]
 [10.00 120.00]]
[[10.00 120.00]
 [16.00 14.00]]
[[68.00 10.00]
 [16.00 14.00]]
#3#
[[0.00 1.00 0.00 1.00 0.00 1.00]
 [1.00 0.00 1.00 0.00 0.00 0.00]
 [0.00 1.00 0.00 1.00 0.00 0.00]
 [1.00 0.00 1.00 0.00 1.00 0.00]
 [0.00 0.00 0.00 1.00 0.00 1.00]
 [1.00 0.00 0.00 0.00 1.00 0.00]]