#1#
[10.00 61.00]
[11.00 10.00]
[165.00 12.00]
[162.00 65.00]
[162.00 118.00]
[10.00 115.00]
#2#
[[10.00 61.00]
 [11.00 10.00]]
[[11.00 10.00]
 [165.00 12.00]]
[[165.00 12.00]
 [162.00 65.00]]
[[162.00 65.00]
 [162.00 118.00]]
[[162.00 118.00]
 [10.00 115.00]]
[[10.00 61.00]
 [10.00 115.00]]
[[10.00 61.00]
 [162.00 65.00]]
#3#
[[0.00 1.00 0.00 1.00 0.00 1.00]
 [1.00 0.00 1.00 0.00 0.00 0.00]
 [0.00 1.00 0.00 1.00 0.00 0.00]
 [1.00 0.00 1.00 0.00 1.00 0.00]
 [0.00 0.00 0.00 1.00 0.00 1.00]
 [1.00 0.00 0.00 0.00 1.00 0.00]]