#1#
[135.00 57.00]
[122.00 10.00]
[10.00 41.00]
[24.00 85.00]
[36.00 138.00]
[147.00 110.00]
#2#
[[135.00 57.00]
 [122.00 10.00]]
[[122.00 10.00]
 [10.00 41.00]]
[[10.00 41.00]
 [24.00 85.00]]
[[135.00 57.00]
 [24.00 85.00]]
[[24.00 85.00]
 [36.00 138.00]]
[[36.00 138.00]
 [147.00 110.00]]
[[135.00 57.00]
 [147.00 110.00]]
#3#
[[0.00 1.00 0.00 1.00 0.00 1.00]
 [1.00 0.00 1.00 0.00 0.00 0.00]
 [0.00 1.00 0.00 1.00 0.00 0.00]
 [1.00 0.00 1.00 0.00 1.00 0.00]
 [0.00 0.00 0.00 1.00 0.00 1.00]
 [1.00 0.00 0.00 0.00 1.00 0.00]]