#1#
[161.00 139.00]
[124.00 194.00]
[10.00 99.00]
[46.00 46.00]
[82.00 10.00]
[141.00 57.00]
[152.00 45.00]
[210.00 93.00]
#2#
[[161.00 139.00]
 [124.00 194.00]]
[[124.00 194.00]
 [10.00 99.00]]
[[10.00 99.00]
 [46.00 46.00]]
[[161.00 139.00]
 [46.00 46.00]]
[[46.00 46.00]
 [82.00 10.00]]
[[82.00 10.00]
 [141.00 57.00]]
[[141.00 57.00]
 [152.00 45.00]]
[[152.00 45.00]
 [210.00 93.00]]
[[161.00 139.00]
 [210.00 93.00]]
#3#
[[0.00 1.00 0.00 1.00 0.00 0.00 0.00 1.00]
 [1.00 0.00 1.00 0.00 0.00 0.00 0.00 0.00]
 [0.00 1.00 0.00 1.00 0.00 0.00 0.00 0.00]
 [1.00 0.00 1.00 0.00 1.00 0.00 0.00 0.00]
 [0.00 0.00 0.00 1.00 0.00 1.00 0.00 0.00]
 [0.00 0.00 0.00 0.00 1.00 0.00 1.00 0.00]
 [0.00 0.00 0.00 0.00 0.00 1.00 0.00 1.00]
 [1.00 0.00 0.00 0.00 0.00 0.00 1.00 0.00]]