#1#
[150.00 485.00]
[95.00 502.00]
[10.00 26.00]
[65.00 10.00]
[208.00 482.00]
[124.00 11.00]
#2#
[[150.00 485.00]
 [95.00 502.00]]
[[95.00 502.00]
 [10.00 26.00]]
[[10.00 26.00]
 [65.00 10.00]]
[[150.00 485.00]
 [208.00 482.00]]
[[208.00 482.00]
 [124.00 11.00]]
[[65.00 10.00]
 [124.00 11.00]]
[[150.00 485.00]
 [65.00 10.00]]
#3#
[[0.00 1.00 0.00 1.00 1.00 0.00]
 [1.00 0.00 1.00 0.00 0.00 0.00]
 [0.00 1.00 0.00 1.00 0.00 0.00]
 [1.00 0.00 1.00 0.00 0.00 1.00]
 [1.00 0.00 0.00 0.00 0.00 1.00]
 [0.00 0.00 0.00 1.00 1.00 0.00]]