#1#
[38.00 102.00]
[174.00 151.00]
[200.00 62.00]
[63.00 10.00]
[147.00 210.00]
[10.00 158.00]
#2#
[[38.00 102.00]
 [174.00 151.00]]
[[174.00 151.00]
 [200.00 62.00]]
[[200.00 62.00]
 [63.00 10.00]]
[[38.00 102.00]
 [63.00 10.00]]
[[174.00 151.00]
 [147.00 210.00]]
[[147.00 210.00]
 [10.00 158.00]]
[[38.00 102.00]
 [10.00 158.00]]
#3#
[[0.00 1.00 0.00 1.00 0.00 1.00]
 [1.00 0.00 1.00 0.00 1.00 0.00]
 [0.00 1.00 0.00 1.00 0.00 0.00]
 [1.00 0.00 1.00 0.00 0.00 0.00]
 [0.00 1.00 0.00 0.00 0.00 1.00]
 [1.00 0.00 0.00 0.00 1.00 0.00]]