#1#
[85.00 28.00]
[88.00 28.00]
[66.00 131.00]
[60.00 129.00]
[17.00 116.00]
[40.00 19.00]
[59.00 134.00]
[10.00 122.00]
[37.00 10.00]
[86.00 21.00]
#2#
[[85.00 28.00]
 [88.00 28.00]]
[[88.00 28.00]
 [66.00 131.00]]
[[66.00 131.00]
 [60.00 129.00]]
[[60.00 129.00]
 [17.00 116.00]]
[[17.00 116.00]
 [40.00 19.00]]
[[85.00 28.00]
 [40.00 19.00]]
[[60.00 129.00]
 [59.00 134.00]]
[[59.00 134.00]
 [10.00 122.00]]
[[37.00 10.00]
 [10.00 122.00]]
[[37.00 10.00]
 [86.00 21.00]]
[[85.00 28.00]
 [86.00 21.00]]
#3#
[[0.00 1.00 0.00 0.00 0.00 1.00 0.00 0.00 0.00 1.00]
 [1.00 0.00 1.00 0.00 0.00 0.00 0.00 0.00 0.00 0.00]
 [0.00 1.00 0.00 1.00 0.00 0.00 0.00 0.00 0.00 0.00]
 [0.00 0.00 1.00 0.00 1.00 0.00 1.00 0.00 0.00 0.00]
 [0.00 0.00 0.00 1.00 0.00 1.00 0.00 0.00 0.00 0.00]
 [1.00 0.00 0.00 0.00 1.00 0.00 0.00 0.00 0.00 0.00]
 [0.00 0.00 0.00 1.00 0.00 0.00 0.00 1.00 0.00 0.00]
 [0.00 0.00 0.00 0.00 0.00 0.00 1.00 0.00 1.00 0.00]
 [0.00 0.00 0.00 0.00 0.00 0.00 0.00 1.00 0.00 1.00]
 [1.00 0.00 0.00 0.00 0.00 0.00 0.00 0.00 1.00 0.00]]