#1#
[58.00 28.00]
[10.00 57.00]
[53.00 158.00]
[102.00 132.00]
[155.00 115.00]
[111.00 10.00]
#2#
[[58.00 28.00]
 [10.00 57.00]]
[[10.00 57.00]
 [53.00 158.00]]
[[53.00 158.00]
 [102.00 132.00]]
[[58.00 28.00]
 [102.00 132.00]]
[[102.00 132.00]
 [155.00 115.00]]
[[155.00 115.00]
 [111.00 10.00]]
[[58.00 28.00]
 [111.00 10.00]]
#3#
[[0.00 1.00 0.00 1.00 0.00 1.00]
 [1.00 0.00 1.00 0.00 0.00 0.00]
 [0.00 1.00 0.00 1.00 0.00 0.00]
 [1.00 0.00 1.00 0.00 1.00 0.00]
 [0.00 0.00 0.00 1.00 0.00 1.00]
 [1.00 0.00 0.00 0.00 1.00 0.00]]