#1#
[35.00 210.00]
[10.00 27.00]
[140.00 196.00]
[86.00 175.00]
[67.00 57.00]
[113.00 10.00]
#2#
[[35.00 210.00]
 [10.00 27.00]]
[[35.00 210.00]
 [140.00 196.00]]
[[35.00 210.00]
 [86.00 175.00]]
[[140.00 196.00]
 [86.00 175.00]]
[[86.00 175.00]
 [67.00 57.00]]
[[67.00 57.00]
 [113.00 10.00]]
[[10.00 27.00]
 [67.00 57.00]]
[[10.00 27.00]
 [113.00 10.00]]
[[140.00 196.00]
 [113.00 10.00]]
#3#
[[0.00 1.00 1.00 1.00 0.00 0.00]
 [1.00 0.00 0.00 0.00 1.00 1.00]
 [1.00 0.00 0.00 1.00 0.00 1.00]
 [1.00 0.00 1.00 0.00 1.00 0.00]
 [0.00 1.00 0.00 1.00 0.00 1.00]
 [0.00 1.00 1.00 0.00 1.00 0.00]]