#1#
[106.00 10.00]
[10.00 69.00]
[101.00 80.00]
[65.00 103.00]
[61.00 151.00]
[157.00 92.00]
#2#
[[106.00 10.00]
 [10.00 69.00]]
[[106.00 10.00]
 [101.00 80.00]]
[[10.00 69.00]
 [65.00 103.00]]
[[10.00 69.00]
 [61.00 151.00]]
[[101.00 80.00]
 [157.00 92.00]]
[[106.00 10.00]
 [157.00 92.00]]
[[101.00 80.00]
 [65.00 103.00]]
[[65.00 103.00]
 [61.00 151.00]]
[[61.00 151.00]
 [157.00 92.00]]
#3#
[[0.00 1.00 1.00 0.00 0.00 1.00]
 [1.00 0.00 0.00 1.00 1.00 0.00]
 [1.00 0.00 0.00 1.00 0.00 1.00]
 [0.00 1.00 1.00 0.00 1.00 0.00]
 [0.00 1.00 0.00 1.00 0.00 1.00]
 [1.00 0.00 1.00 0.00 1.00 0.00]]