#1#
[52.00 137.00]
[115.00 41.00]
[10.00 107.00]
[72.00 10.00]
[153.00 66.00]
[89.00 161.00]
#2#
[[52.00 137.00]
 [115.00 41.00]]
[[52.00 137.00]
 [10.00 107.00]]
[[10.00 107.00]
 [72.00 10.00]]
[[115.00 41.00]
 [72.00 10.00]]
[[115.00 41.00]
 [153.00 66.00]]
[[153.00 66.00]
 [89.00 161.00]]
[[52.00 137.00]
 [89.00 161.00]]
#3#
[[0.00 1.00 1.00 0.00 0.00 1.00]
 [1.00 0.00 0.00 1.00 1.00 0.00]
 [1.00 0.00 0.00 1.00 0.00 0.00]
 [0.00 1.00 1.00 0.00 0.00 0.00]
 [0.00 1.00 0.00 0.00 0.00 1.00]
 [1.00 0.00 0.00 0.00 1.00 0.00]]