#1#
[67.00 10.00]
[127.00 13.00]
[129.00 121.00]
[72.00 117.00]
[14.00 125.00]
[10.00 16.00]
#2#
[[67.00 10.00]
 [127.00 13.00]]
[[127.00 13.00]
 [129.00 121.00]]
[[129.00 121.00]
 [72.00 117.00]]
[[67.00 10.00]
 [72.00 117.00]]
[[72.00 117.00]
 [14.00 125.00]]
[[14.00 125.00]
 [10.00 16.00]]
[[67.00 10.00]
 [10.00 16.00]]
#3#
[[0.00 1.00 0.00 1.00 0.00 1.00]
 [1.00 0.00 1.00 0.00 0.00 0.00]
 [0.00 1.00 0.00 1.00 0.00 0.00]
 [1.00 0.00 1.00 0.00 1.00 0.00]
 [0.00 0.00 0.00 1.00 0.00 1.00]
 [1.00 0.00 0.00 0.00 1.00 0.00]]