#1#
[14.00 61.00]
[10.00 105.00]
[164.00 113.00]
[170.00 70.00]
[172.00 19.00]
[16.00 10.00]
#2#
[[14.00 61.00]
 [10.00 105.00]]
[[10.00 105.00]
 [164.00 113.00]]
[[164.00 113.00]
 [170.00 70.00]]
[[170.00 70.00]
 [172.00 19.00]]
[[172.00 19.00]
 [16.00 10.00]]
[[14.00 61.00]
 [16.00 10.00]]
[[14.00 61.00]
 [170.00 70.00]]
#3#
[[0.00 1.00 0.00 1.00 0.00 1.00]
 [1.00 0.00 1.00 0.00 0.00 0.00]
 [0.00 1.00 0.00 1.00 0.00 0.00]
 [1.00 0.00 1.00 0.00 1.00 0.00]
 [0.00 0.00 0.00 1.00 0.00 1.00]
 [1.00 0.00 0.00 0.00 1.00 0.00]]