#1#
[21.00 87.00]
[10.00 142.00]
[146.00 162.00]
[157.00 107.00]
[32.00 10.00]
[165.00 29.00]
#2#
[[21.00 87.00]
 [10.00 142.00]]
[[10.00 142.00]
 [146.00 162.00]]
[[146.00 162.00]
 [157.00 107.00]]
[[21.00 87.00]
 [157.00 107.00]]
[[21.00 87.00]
 [32.00 10.00]]
[[32.00 10.00]
 [165.00 29.00]]
[[157.00 107.00]
 [165.00 29.00]]
#3#
[[0.00 1.00 0.00 1.00 1.00 0.00]
 [1.00 0.00 1.00 0.00 0.00 0.00]
 [0.00 1.00 0.00 1.00 0.00 0.00]
 [1.00 0.00 1.00 0.00 0.00 1.00]
 [1.00 0.00 0.00 0.00 0.00 1.00]
 [0.00 0.00 0.00 1.00 1.00 0.00]]