#1#
[183.00 82.00]
[182.00 129.00]
[10.00 119.00]
[12.00 74.00]
[16.00 10.00]
[187.00 18.00]
#2#
[[183.00 82.00]
 [182.00 129.00]]
[[182.00 129.00]
 [10.00 119.00]]
[[10.00 119.00]
 [12.00 74.00]]
[[183.00 82.00]
 [12.00 74.00]]
[[12.00 74.00]
 [16.00 10.00]]
[[16.00 10.00]
 [187.00 18.00]]
[[183.00 82.00]
 [187.00 18.00]]
#3#
[[0.00 1.00 0.00 1.00 0.00 1.00]
 [1.00 0.00 1.00 0.00 0.00 0.00]
 [0.00 1.00 0.00 1.00 0.00 0.00]
 [1.00 0.00 1.00 0.00 1.00 0.00]
 [0.00 0.00 0.00 1.00 0.00 1.00]
 [1.00 0.00 0.00 0.00 1.00 0.00]]