#1#
[120.00 59.00]
[33.00 102.00]
[10.00 61.00]
[44.00 42.00]
[43.00 38.00]
[97.00 10.00]
[53.00 139.00]
[138.00 94.00]
#2#
[[120.00 59.00]
 [33.00 102.00]]
[[33.00 102.00]
 [10.00 61.00]]
[[10.00 61.00]
 [44.00 42.00]]
[[44.00 42.00]
 [43.00 38.00]]
[[43.00 38.00]
 [97.00 10.00]]
[[120.00 59.00]
 [97.00 10.00]]
[[33.00 102.00]
 [53.00 139.00]]
[[53.00 139.00]
 [138.00 94.00]]
[[120.00 59.00]
 [138.00 94.00]]
#3#
[[0.00 1.00 0.00 0.00 0.00 1.00 0.00 1.00]
 [1.00 0.00 1.00 0.00 0.00 0.00 1.00 0.00]
 [0.00 1.00 0.00 1.00 0.00 0.00 0.00 0.00]
 [0.00 0.00 1.00 0.00 1.00 0.00 0.00 0.00]
 [0.00 0.00 0.00 1.00 0.00 1.00 0.00 0.00]
 [1.00 0.00 0.00 0.00 1.00 0.00 0.00 0.00]
 [0.00 1.00 0.00 0.00 0.00 0.00 0.00 1.00]
 [1.00 0.00 0.00 0.00 0.00 0.00 1.00 0.00]]