#1#
[135.00 47.00]
[154.00 115.00]
[46.00 150.00]
[29.00 84.00]
[10.00 44.00]
[26.00 42.00]
[65.00 29.00]
[119.00 10.00]
#2#
[[135.00 47.00]
 [154.00 115.00]]
[[154.00 115.00]
 [46.00 150.00]]
[[46.00 150.00]
 [29.00 84.00]]
[[29.00 84.00]
 [10.00 44.00]]
[[10.00 44.00]
 [26.00 42.00]]
[[26.00 42.00]
 [65.00 29.00]]
[[65.00 29.00]
 [119.00 10.00]]
[[135.00 47.00]
 [119.00 10.00]]
[[135.00 47.00]
 [29.00 84.00]]
#3#
[[0.00 1.00 0.00 1.00 0.00 0.00 0.00 1.00]
 [1.00 0.00 1.00 0.00 0.00 0.00 0.00 0.00]
 [0.00 1.00 0.00 1.00 0.00 0.00 0.00 0.00]
 [1.00 0.00 1.00 0.00 1.00 0.00 0.00 0.00]
 [0.00 0.00 0.00 1.00 0.00 1.00 0.00 0.00]
 [0.00 0.00 0.00 0.00 1.00 0.00 1.00 0.00]
 [0.00 0.00 0.00 0.00 0.00 1.00 0.00 1.00]
 [1.00 0.00 0.00 0.00 0.00 0.00 1.00 0.00]]