#1#
[32.00 51.00]
[50.00 10.00]
[196.00 70.00]
[176.00 108.00]
[162.00 154.00]
[99.00 128.00]
[94.00 146.00]
[10.00 113.00]
#2#
[[32.00 51.00]
 [50.00 10.00]]
[[50.00 10.00]
 [196.00 70.00]]
[[196.00 70.00]
 [176.00 108.00]]
[[32.00 51.00]
 [176.00 108.00]]
[[176.00 108.00]
 [162.00 154.00]]
[[162.00 154.00]
 [99.00 128.00]]
[[99.00 128.00]
 [94.00 146.00]]
[[94.00 146.00]
 [10.00 113.00]]
[[32.00 51.00]
 [10.00 113.00]]
#3#
[[0.00 1.00 0.00 1.00 0.00 0.00 0.00 1.00]
 [1.00 0.00 1.00 0.00 0.00 0.00 0.00 0.00]
 [0.00 1.00 0.00 1.00 0.00 0.00 0.00 0.00]
 [1.00 0.00 1.00 0.00 1.00 0.00 0.00 0.00]
 [0.00 0.00 0.00 1.00 0.00 1.00 0.00 0.00]
 [0.00 0.00 0.00 0.00 1.00 0.00 1.00 0.00]
 [0.00 0.00 0.00 0.00 0.00 1.00 0.00 1.00]
 [1.00 0.00 0.00 0.00 0.00 0.00 1.00 0.00]]