#1#
[25.00 64.00]
[42.00 10.00]
[172.00 47.00]
[155.00 102.00]
[10.00 121.00]
[140.00 160.00]
#2#
[[25.00 64.00]
 [42.00 10.00]]
[[42.00 10.00]
 [172.00 47.00]]
[[172.00 47.00]
 [155.00 102.00]]
[[25.00 64.00]
 [155.00 102.00]]
[[25.00 64.00]
 [10.00 121.00]]
[[10.00 121.00]
 [140.00 160.00]]
[[155.00 102.00]
 [140.00 160.00]]
#3#
[[0.00 1.00 0.00 1.00 1.00 0.00]
 [1.00 0.00 1.00 0.00 0.00 0.00]
 [0.00 1.00 0.00 1.00 0.00 0.00]
 [1.00 0.00 1.00 0.00 0.00 1.00]
 [1.00 0.00 0.00 0.00 0.00 1.00]
 [0.00 0.00 0.00 1.00 1.00 0.00]]