#1#
[67.00 148.00]
[20.00 151.00]
[10.00 18.00]
[54.00 15.00]
[103.00 10.00]
[116.00 142.00]
#2#
[[67.00 148.00]
 [20.00 151.00]]
[[20.00 151.00]
 [10.00 18.00]]
[[10.00 18.00]
 [54.00 15.00]]
[[54.00 15.00]
 [103.00 10.00]]
[[103.00 10.00]
 [116.00 142.00]]
[[67.00 148.00]
 [116.00 142.00]]
[[67.00 148.00]
 [54.00 15.00]]
#3#
[[0.00 1.00 0.00 1.00 0.00 1.00]
 [1.00 0.00 1.00 0.00 0.00 0.00]
 [0.00 1.00 0.00 1.00 0.00 0.00]
 [1.00 0.00 1.00 0.00 1.00 0.00]
 [0.00 0.00 0.00 1.00 0.00 1.00]
 [1.00 0.00 0.00 0.00 1.00 0.00]]