#1#
[70.00 165.00]
[10.00 156.00]
[38.00 10.00]
[101.00 17.00]
[165.00 34.00]
[135.00 183.00]
#2#
[[70.00 165.00]
 [10.00 156.00]]
[[10.00 156.00]
 [38.00 10.00]]
[[38.00 10.00]
 [101.00 17.00]]
[[70.00 165.00]
 [101.00 17.00]]
[[101.00 17.00]
 [165.00 34.00]]
[[165.00 34.00]
 [135.00 183.00]]
[[70.00 165.00]
 [135.00 183.00]]
#3#
[[0.00 1.00 0.00 1.00 0.00 1.00]
 [1.00 0.00 1.00 0.00 0.00 0.00]
 [0.00 1.00 0.00 1.00 0.00 0.00]
 [1.00 0.00 1.00 0.00 1.00 0.00]
 [0.00 0.00 0.00 1.00 0.00 1.00]
 [1.00 0.00 0.00 0.00 1.00 0.00]]