#1#
[132.00 71.00]
[113.00 10.00]
[10.00 43.00]
[30.00 104.00]
[151.00 129.00]
[48.00 164.00]
#2#
[[132.00 71.00]
 [113.00 10.00]]
[[113.00 10.00]
 [10.00 43.00]]
[[10.00 43.00]
 [30.00 104.00]]
[[132.00 71.00]
 [30.00 104.00]]
[[132.00 71.00]
 [151.00 129.00]]
[[151.00 129.00]
 [48.00 164.00]]
[[30.00 104.00]
 [48.00 164.00]]
#3#
[[0.00 1.00 0.00 1.00 1.00 0.00]
 [1.00 0.00 1.00 0.00 0.00 0.00]
 [0.00 1.00 0.00 1.00 0.00 0.00]
 [1.00 0.00 1.00 0.00 0.00 1.00]
 [1.00 0.00 0.00 0.00 0.00 1.00]
 [0.00 0.00 0.00 1.00 1.00 0.00]]