#1#
[164.00 44.00]
[213.00 81.00]
[111.00 228.00]
[61.00 191.00]
[114.00 10.00]
[10.00 160.00]
#2#
[[164.00 44.00]
 [213.00 81.00]]
[[213.00 81.00]
 [111.00 228.00]]
[[111.00 228.00]
 [61.00 191.00]]
[[164.00 44.00]
 [61.00 191.00]]
[[164.00 44.00]
 [114.00 10.00]]
[[114.00 10.00]
 [10.00 160.00]]
[[61.00 191.00]
 [10.00 160.00]]
#3#
[[0.00 1.00 0.00 1.00 1.00 0.00]
 [1.00 0.00 1.00 0.00 0.00 0.00]
 [0.00 1.00 0.00 1.00 0.00 0.00]
 [1.00 0.00 1.00 0.00 0.00 1.00]
 [1.00 0.00 0.00 0.00 0.00 1.00]
 [0.00 0.00 0.00 1.00 1.00 0.00]]