#1#
[70.00 10.00]
[18.00 25.00]
[10.00 133.00]
[64.00 121.00]
[123.00 137.00]
[130.00 30.00]
#2#
[[70.00 10.00]
 [18.00 25.00]]
[[18.00 25.00]
 [10.00 133.00]]
[[10.00 133.00]
 [64.00 121.00]]
[[70.00 10.00]
 [64.00 121.00]]
[[64.00 121.00]
 [123.00 137.00]]
[[123.00 137.00]
 [130.00 30.00]]
[[70.00 10.00]
 [130.00 30.00]]
#3#
[[0.00 1.00 0.00 1.00 0.00 1.00]
 [1.00 0.00 1.00 0.00 0.00 0.00]
 [0.00 1.00 0.00 1.00 0.00 0.00]
 [1.00 0.00 1.00 0.00 1.00 0.00]
 [0.00 0.00 0.00 1.00 0.00 1.00]
 [1.00 0.00 0.00 0.00 1.00 0.00]]