#1#
[89.00 18.00]
[43.00 10.00]
[10.00 101.00]
[52.00 108.00]
[89.00 134.00]
[126.00 44.00]
#2#
[[89.00 18.00]
 [43.00 10.00]]
[[43.00 10.00]
 [10.00 101.00]]
[[10.00 101.00]
 [52.00 108.00]]
[[89.00 18.00]
 [52.00 108.00]]
[[52.00 108.00]
 [89.00 134.00]]
[[89.00 134.00]
 [126.00 44.00]]
[[89.00 18.00]
 [126.00 44.00]]
#3#
[[0.00 1.00 0.00 1.00 0.00 1.00]
 [1.00 0.00 1.00 0.00 0.00 0.00]
 [0.00 1.00 0.00 1.00 0.00 0.00]
 [1.00 0.00 1.00 0.00 1.00 0.00]
 [0.00 0.00 0.00 1.00 0.00 1.00]
 [1.00 0.00 0.00 0.00 1.00 0.00]]