#1#
[118.00 138.00]
[75.00 169.00]
[10.00 71.00]
[53.00 40.00]
[96.00 10.00]
[162.00 106.00]
#2#
[[118.00 138.00]
 [75.00 169.00]]
[[75.00 169.00]
 [10.00 71.00]]
[[10.00 71.00]
 [53.00 40.00]]
[[118.00 138.00]
 [53.00 40.00]]
[[53.00 40.00]
 [96.00 10.00]]
[[96.00 10.00]
 [162.00 106.00]]
[[118.00 138.00]
 [162.00 106.00]]
#3#
[[0.00 1.00 0.00 1.00 0.00 1.00]
 [1.00 0.00 1.00 0.00 0.00 0.00]
 [0.00 1.00 0.00 1.00 0.00 0.00]
 [1.00 0.00 1.00 0.00 1.00 0.00]
 [0.00 0.00 0.00 1.00 0.00 1.00]
 [1.00 0.00 0.00 0.00 1.00 0.00]]