#1#
[32.00 106.00]
[174.00 59.00]
[193.00 131.00]
[49.00 179.00]
[10.00 56.00]
[152.00 10.00]
#2#
[[32.00 106.00]
 [174.00 59.00]]
[[174.00 59.00]
 [193.00 131.00]]
[[193.00 131.00]
 [49.00 179.00]]
[[32.00 106.00]
 [49.00 179.00]]
[[32.00 106.00]
 [10.00 56.00]]
[[10.00 56.00]
 [152.00 10.00]]
[[174.00 59.00]
 [152.00 10.00]]
#3#
[[0.00 1.00 0.00 1.00 1.00 0.00]
 [1.00 0.00 1.00 0.00 0.00 1.00]
 [0.00 1.00 0.00 1.00 0.00 0.00]
 [1.00 0.00 1.00 0.00 0.00 0.00]
 [1.00 0.00 0.00 0.00 0.00 1.00]
 [0.00 1.00 0.00 0.00 1.00 0.00]]