#1#
[40.00 42.00]
[78.00 29.00]
[87.00 59.00]
[125.00 58.00]
[140.00 83.00]
[91.00 101.00]
[40.00 121.00]
[24.00 93.00]
[10.00 46.00]
[112.00 10.00]
#2#
[[40.00 42.00]
 [78.00 29.00]]
[[78.00 29.00]
 [87.00 59.00]]
[[125.00 58.00]
 [140.00 83.00]]
[[140.00 83.00]
 [91.00 101.00]]
[[91.00 101.00]
 [40.00 121.00]]
[[40.00 121.00]
 [24.00 93.00]]
[[10.00 46.00]
 [24.00 93.00]]
[[10.00 46.00]
 [112.00 10.00]]
[[112.00 10.00]
 [125.00 58.00]]
[[125.00 58.00]
 [24.00 93.00]]
#3#
[[0.00 1.00 0.00 0.00 0.00 0.00 0.00 0.00 0.00 0.00]
 [1.00 0.00 1.00 0.00 0.00 0.00 0.00 0.00 0.00 0.00]
 [0.00 1.00 0.00 0.00 0.00 0.00 0.00 0.00 0.00 0.00]
 [0.00 0.00 0.00 0.00 1.00 0.00 0.00 1.00 0.00 1.00]
 [0.00 0.00 0.00 1.00 0.00 1.00 0.00 0.00 0.00 0.00]
 [0.00 0.00 0.00 0.00 1.00 0.00 1.00 0.00 0.00 0.00]
 [0.00 0.00 0.00 0.00 0.00 1.00 0.00 1.00 0.00 0.00]
 [0.00 0.00 0.00 1.00 0.00 0.00 1.00 0.00 1.00 0.00]
 [0.00 0.00 0.00 0.00 0.00 0.00 0.00 1.00 0.00 1.00]
 [0.00 0.00 0.00 1.00 0.00 0.00 0.00 0.00 1.00 0.00]]