#1#
[140.00 113.00]
[161.00 123.00]
[147.00 154.00]
[87.00 130.00]
[99.00 98.00]
[169.00 51.00]
[170.00 46.00]
[336.00 112.00]
[278.00 254.00]
[10.00 141.00]
[65.00 10.00]
#2#
[[140.00 113.00]
 [161.00 123.00]]
[[161.00 123.00]
 [147.00 154.00]]
[[147.00 154.00]
 [87.00 130.00]]
[[87.00 130.00]
 [99.00 98.00]]
[[140.00 113.00]
 [99.00 98.00]]
[[140.00 113.00]
 [169.00 51.00]]
[[169.00 51.00]
 [170.00 46.00]]
[[170.00 46.00]
 [336.00 112.00]]
[[278.00 254.00]
 [336.00 112.00]]
[[278.00 254.00]
 [10.00 141.00]]
[[10.00 141.00]
 [65.00 10.00]]
[[65.00 10.00]
 [169.00 51.00]]
#3#
[[0.00 1.00 0.00 0.00 1.00 1.00 0.00 0.00 0.00 0.00 0.00]
 [1.00 0.00 1.00 0.00 0.00 0.00 0.00 0.00 0.00 0.00 0.00]
 [0.00 1.00 0.00 1.00 0.00 0.00 0.00 0.00 0.00 0.00 0.00]
 [0.00 0.00 1.00 0.00 1.00 0.00 0.00 0.00 0.00 0.00 0.00]
 [1.00 0.00 0.00 1.00 0.00 0.00 0.00 0.00 0.00 0.00 0.00]
 [1.00 0.00 0.00 0.00 0.00 0.00 1.00 0.00 0.00 0.00 1.00]
 [0.00 0.00 0.00 0.00 0.00 1.00 0.00 1.00 0.00 0.00 0.00]
 [0.00 0.00 0.00 0.00 0.00 0.00 1.00 0.00 1.00 0.00 0.00]
 [0.00 0.00 0.00 0.00 0.00 0.00 0.00 1.00 0.00 1.00 0.00]
 [0.00 0.00 0.00 0.00 0.00 0.00 0.00 0.00 1.00 0.00 1.00]
 [0.00 0.00 0.00 0.00 0.00 1.00 0.00 0.00 0.00 1.00 0.00]]