#1#
[47.00 14.00]
[10.00 42.00]
[58.00 162.00]
[95.00 134.00]
[137.00 129.00]
[90.00 10.00]
#2#
[[47.00 14.00]
 [10.00 42.00]]
[[10.00 42.00]
 [58.00 162.00]]
[[58.00 162.00]
 [95.00 134.00]]
[[47.00 14.00]
 [95.00 134.00]]
[[95.00 134.00]
 [137.00 129.00]]
[[137.00 129.00]
 [90.00 10.00]]
[[47.00 14.00]
 [90.00 10.00]]
#3#
[[0.00 1.00 0.00 1.00 0.00 1.00]
 [1.00 0.00 1.00 0.00 0.00 0.00]
 [0.00 1.00 0.00 1.00 0.00 0.00]
 [1.00 0.00 1.00 0.00 1.00 0.00]
 [0.00 0.00 0.00 1.00 0.00 1.00]
 [1.00 0.00 0.00 0.00 1.00 0.00]]