#1#
[68.00 51.00]
[40.00 10.00]
[10.00 32.00]
[39.00 73.00]
[51.00 85.00]
[80.00 61.00]
#2#
[[68.00 51.00]
 [40.00 10.00]]
[[40.00 10.00]
 [10.00 32.00]]
[[10.00 32.00]
 [39.00 73.00]]
[[68.00 51.00]
 [39.00 73.00]]
[[39.00 73.00]
 [51.00 85.00]]
[[51.00 85.00]
 [80.00 61.00]]
[[68.00 51.00]
 [80.00 61.00]]
#3#
[[0.00 1.00 0.00 1.00 0.00 1.00]
 [1.00 0.00 1.00 0.00 0.00 0.00]
 [0.00 1.00 0.00 1.00 0.00 0.00]
 [1.00 0.00 1.00 0.00 1.00 0.00]
 [0.00 0.00 0.00 1.00 0.00 1.00]
 [1.00 0.00 0.00 0.00 1.00 0.00]]