#1#
[91.00 164.00]
[18.00 149.00]
[168.00 142.00]
[19.00 111.00]
[11.00 104.00]
[10.00 59.00]
[16.00 53.00]
[89.00 31.00]
[15.00 16.00]
[162.00 10.00]
#2#
[[91.00 164.00]
 [18.00 149.00]]
[[91.00 164.00]
 [168.00 142.00]]
[[18.00 149.00]
 [19.00 111.00]]
[[19.00 111.00]
 [11.00 104.00]]
[[11.00 104.00]
 [10.00 59.00]]
[[10.00 59.00]
 [16.00 53.00]]
[[91.00 164.00]
 [89.00 31.00]]
[[15.00 16.00]
 [16.00 53.00]]
[[15.00 16.00]
 [89.00 31.00]]
[[162.00 10.00]
 [89.00 31.00]]
[[162.00 10.00]
 [168.00 142.00]]
#3#
[[0.00 1.00 1.00 0.00 0.00 0.00 0.00 1.00 0.00 0.00]
 [1.00 0.00 0.00 1.00 0.00 0.00 0.00 0.00 0.00 0.00]
 [1.00 0.00 0.00 0.00 0.00 0.00 0.00 0.00 0.00 1.00]
 [0.00 1.00 0.00 0.00 1.00 0.00 0.00 0.00 0.00 0.00]
 [0.00 0.00 0.00 1.00 0.00 1.00 0.00 0.00 0.00 0.00]
 [0.00 0.00 0.00 0.00 1.00 0.00 1.00 0.00 0.00 0.00]
 [0.00 0.00 0.00 0.00 0.00 1.00 0.00 0.00 1.00 0.00]
 [1.00 0.00 0.00 0.00 0.00 0.00 0.00 0.00 1.00 1.00]
 [0.00 0.00 0.00 0.00 0.00 0.00 1.00 1.00 0.00 0.00]
 [0.00 0.00 1.00 0.00 0.00 0.00 0.00 1.00 0.00 0.00]]