#1#
[10.00 122.00]
[91.00 91.00]
[63.00 10.00]
[111.00 172.00]
[165.00 60.00]
#2#
[[10.00 122.00]
 [91.00 91.00]]
[[91.00 91.00]
 [63.00 10.00]]
[[10.00 122.00]
 [63.00 10.00]]
[[10.00 122.00]
 [111.00 172.00]]
[[111.00 172.00]
 [165.00 60.00]]
[[63.00 10.00]
 [165.00 60.00]]
[[63.00 10.00]
 [165.00 60.00]]
[[91.00 91.00]
 [165.00 60.00]]
[[91.00 91.00]
 [111.00 172.00]]
#3#
[[0.00 1.00 1.00 1.00 0.00]
 [1.00 0.00 1.00 1.00 1.00]
 [1.00 1.00 0.00 0.00 1.00]
 [1.00 1.00 0.00 0.00 1.00]
 [0.00 1.00 1.00 1.00 0.00]]