#1#
[77.00 123.00]
[53.00 20.00]
[102.00 10.00]
[122.00 111.00]
[31.00 133.00]
[10.00 34.00]
#2#
[[77.00 123.00]
 [53.00 20.00]]
[[53.00 20.00]
 [102.00 10.00]]
[[102.00 10.00]
 [122.00 111.00]]
[[77.00 123.00]
 [122.00 111.00]]
[[77.00 123.00]
 [31.00 133.00]]
[[31.00 133.00]
 [10.00 34.00]]
[[53.00 20.00]
 [10.00 34.00]]
#3#
[[0.00 1.00 0.00 1.00 1.00 0.00]
 [1.00 0.00 1.00 0.00 0.00 1.00]
 [0.00 1.00 0.00 1.00 0.00 0.00]
 [1.00 0.00 1.00 0.00 0.00 0.00]
 [1.00 0.00 0.00 0.00 0.00 1.00]
 [0.00 1.00 0.00 0.00 1.00 0.00]]