#1#
[243.00 115.00]
[228.00 177.00]
[10.00 126.00]
[24.00 65.00]
[257.00 59.00]
[32.00 10.00]
#2#
[[243.00 115.00]
 [228.00 177.00]]
[[228.00 177.00]
 [10.00 126.00]]
[[10.00 126.00]
 [24.00 65.00]]
[[243.00 115.00]
 [24.00 65.00]]
[[243.00 115.00]
 [257.00 59.00]]
[[257.00 59.00]
 [32.00 10.00]]
[[24.00 65.00]
 [32.00 10.00]]
#3#
[[0.00 1.00 0.00 1.00 1.00 0.00]
 [1.00 0.00 1.00 0.00 0.00 0.00]
 [0.00 1.00 0.00 1.00 0.00 0.00]
 [1.00 0.00 1.00 0.00 0.00 1.00]
 [1.00 0.00 0.00 0.00 0.00 1.00]
 [0.00 0.00 0.00 1.00 1.00 0.00]]