#1#
[10.00 43.00]
[102.00 96.00]
[46.00 183.00]
[151.00 10.00]
[185.00 148.00]
#2#
[[10.00 43.00]
 [102.00 96.00]]
[[102.00 96.00]
 [46.00 183.00]]
[[10.00 43.00]
 [46.00 183.00]]
[[10.00 43.00]
 [151.00 10.00]]
[[151.00 10.00]
 [185.00 148.00]]
[[46.00 183.00]
 [185.00 148.00]]
[[46.00 183.00]
 [185.00 148.00]]
[[102.00 96.00]
 [185.00 148.00]]
[[102.00 96.00]
 [151.00 10.00]]
#3#
[[0.00 1.00 1.00 1.00 0.00]
 [1.00 0.00 1.00 1.00 1.00]
 [1.00 1.00 0.00 0.00 1.00]
 [1.00 1.00 0.00 0.00 1.00]
 [0.00 1.00 1.00 1.00 0.00]]