#1#
[705.00 1421.00]
[10.00 1118.00]
[493.00 10.00]
[880.00 179.00]
[900.00 132.00]
[1070.00 206.00]
[1050.00 252.00]
[1188.00 312.00]
#2#
[[705.00 1421.00]
 [10.00 1118.00]]
[[10.00 1118.00]
 [493.00 10.00]]
[[493.00 10.00]
 [880.00 179.00]]
[[880.00 179.00]
 [900.00 132.00]]
[[900.00 132.00]
 [1070.00 206.00]]
[[1070.00 206.00]
 [1050.00 252.00]]
[[1050.00 252.00]
 [1188.00 312.00]]
[[705.00 1421.00]
 [1188.00 312.00]]
#3#
[[0.00 1.00 0.00 0.00 0.00 0.00 0.00 1.00]
 [1.00 0.00 1.00 0.00 0.00 0.00 0.00 0.00]
 [0.00 1.00 0.00 1.00 0.00 0.00 0.00 0.00]
 [0.00 0.00 1.00 0.00 1.00 0.00 0.00 0.00]
 [0.00 0.00 0.00 1.00 0.00 1.00 0.00 0.00]
 [0.00 0.00 0.00 0.00 1.00 0.00 1.00 0.00]
 [0.00 0.00 0.00 0.00 0.00 1.00 0.00 1.00]
 [1.00 0.00 0.00 0.00 0.00 0.00 1.00 0.00]]