#1#
[120.00 44.00]
[165.00 67.00]
[97.00 164.00]
[55.00 141.00]
[10.00 107.00]
[77.00 10.00]
#2#
[[120.00 44.00]
 [165.00 67.00]]
[[165.00 67.00]
 [97.00 164.00]]
[[97.00 164.00]
 [55.00 141.00]]
[[120.00 44.00]
 [55.00 141.00]]
[[55.00 141.00]
 [10.00 107.00]]
[[10.00 107.00]
 [77.00 10.00]]
[[120.00 44.00]
 [77.00 10.00]]
#3#
[[0.00 1.00 0.00 1.00 0.00 1.00]
 [1.00 0.00 1.00 0.00 0.00 0.00]
 [0.00 1.00 0.00 1.00 0.00 0.00]
 [1.00 0.00 1.00 0.00 1.00 0.00]
 [0.00 0.00 0.00 1.00 0.00 1.00]
 [1.00 0.00 0.00 0.00 1.00 0.00]]