#1#
[92.00 10.00]
[82.00 149.00]
[152.00 171.00]
[164.00 31.00]
[20.00 19.00]
[10.00 160.00]
#2#
[[92.00 10.00]
 [82.00 149.00]]
[[82.00 149.00]
 [152.00 171.00]]
[[152.00 171.00]
 [164.00 31.00]]
[[92.00 10.00]
 [164.00 31.00]]
[[92.00 10.00]
 [20.00 19.00]]
[[20.00 19.00]
 [10.00 160.00]]
[[82.00 149.00]
 [10.00 160.00]]
#3#
[[0.00 1.00 0.00 1.00 1.00 0.00]
 [1.00 0.00 1.00 0.00 0.00 1.00]
 [0.00 1.00 0.00 1.00 0.00 0.00]
 [1.00 0.00 1.00 0.00 0.00 0.00]
 [1.00 0.00 0.00 0.00 0.00 1.00]
 [0.00 1.00 0.00 0.00 1.00 0.00]]