#1#
[27.00 64.00]
[10.00 103.00]
[179.00 157.00]
[194.00 118.00]
[208.00 65.00]
[41.00 10.00]
#2#
[[27.00 64.00]
 [10.00 103.00]]
[[10.00 103.00]
 [179.00 157.00]]
[[179.00 157.00]
 [194.00 118.00]]
[[194.00 118.00]
 [208.00 65.00]]
[[208.00 65.00]
 [41.00 10.00]]
[[27.00 64.00]
 [41.00 10.00]]
[[27.00 64.00]
 [194.00 118.00]]
#3#
[[0.00 1.00 0.00 1.00 0.00 1.00]
 [1.00 0.00 1.00 0.00 0.00 0.00]
 [0.00 1.00 0.00 1.00 0.00 0.00]
 [1.00 0.00 1.00 0.00 1.00 0.00]
 [0.00 0.00 0.00 1.00 0.00 1.00]
 [1.00 0.00 0.00 0.00 1.00 0.00]]