#1#
[10.00 132.00]
[94.00 10.00]
[218.00 93.00]
[135.00 218.00]
[114.00 120.00]
[115.00 119.00]
#2#
[[10.00 132.00]
 [94.00 10.00]]
[[94.00 10.00]
 [218.00 93.00]]
[[218.00 93.00]
 [135.00 218.00]]
[[10.00 132.00]
 [135.00 218.00]]
[[10.00 132.00]
 [114.00 120.00]]
[[94.00 10.00]
 [114.00 120.00]]
[[94.00 10.00]
 [115.00 119.00]]
[[135.00 218.00]
 [115.00 119.00]]
[[135.00 218.00]
 [114.00 120.00]]
[[114.00 120.00]
 [115.00 119.00]]
[[218.00 93.00]
 [115.00 119.00]]
#3#
[[0.00 1.00 0.00 1.00 1.00 0.00]
 [1.00 0.00 1.00 0.00 1.00 1.00]
 [0.00 1.00 0.00 1.00 0.00 1.00]
 [1.00 0.00 1.00 0.00 1.00 1.00]
 [1.00 1.00 0.00 1.00 0.00 1.00]
 [0.00 1.00 1.00 1.00 1.00 0.00]]