#1#
[10.00 44.00]
[117.00 47.00]
[117.00 11.00]
[13.00 10.00]
[10.00 103.00]
[117.00 105.00]
#2#
[[10.00 44.00]
 [117.00 47.00]]
[[117.00 47.00]
 [117.00 11.00]]
[[117.00 11.00]
 [13.00 10.00]]
[[10.00 44.00]
 [13.00 10.00]]
[[10.00 44.00]
 [10.00 103.00]]
[[10.00 103.00]
 [117.00 105.00]]
[[117.00 47.00]
 [117.00 105.00]]
#3#
[[0.00 1.00 0.00 1.00 1.00 0.00]
 [1.00 0.00 1.00 0.00 0.00 1.00]
 [0.00 1.00 0.00 1.00 0.00 0.00]
 [1.00 0.00 1.00 0.00 0.00 0.00]
 [1.00 0.00 0.00 0.00 0.00 1.00]
 [0.00 1.00 0.00 0.00 1.00 0.00]]