#1#
[102.00 179.00]
[104.00 156.00]
[115.00 98.00]
[179.00 105.00]
[74.00 55.00]
[10.00 80.00]
[29.00 77.00]
[89.00 10.00]
#2#
[[102.00 179.00]
 [104.00 156.00]]
[[104.00 156.00]
 [115.00 98.00]]
[[102.00 179.00]
 [179.00 105.00]]
[[115.00 98.00]
 [179.00 105.00]]
[[115.00 98.00]
 [74.00 55.00]]
[[102.00 179.00]
 [10.00 80.00]]
[[10.00 80.00]
 [29.00 77.00]]
[[104.00 156.00]
 [29.00 77.00]]
[[74.00 55.00]
 [29.00 77.00]]
[[74.00 55.00]
 [89.00 10.00]]
[[10.00 80.00]
 [89.00 10.00]]
[[179.00 105.00]
 [89.00 10.00]]
#3#
[[0.00 1.00 0.00 1.00 0.00 1.00 0.00 0.00]
 [1.00 0.00 1.00 0.00 0.00 0.00 1.00 0.00]
 [0.00 1.00 0.00 1.00 1.00 0.00 0.00 0.00]
 [1.00 0.00 1.00 0.00 0.00 0.00 0.00 1.00]
 [0.00 0.00 1.00 0.00 0.00 0.00 1.00 1.00]
 [1.00 0.00 0.00 0.00 0.00 0.00 1.00 1.00]
 [0.00 1.00 0.00 0.00 1.00 1.00 0.00 0.00]
 [0.00 0.00 0.00 1.00 1.00 1.00 0.00 0.00]]