#1#
[30.00 26.00]
[70.00 70.00]
[10.00 48.00]
[45.00 88.00]
[90.00 49.00]
[54.00 10.00]
#2#
[[30.00 26.00]
 [70.00 70.00]]
[[30.00 26.00]
 [10.00 48.00]]
[[10.00 48.00]
 [45.00 88.00]]
[[70.00 70.00]
 [45.00 88.00]]
[[70.00 70.00]
 [90.00 49.00]]
[[90.00 49.00]
 [54.00 10.00]]
[[30.00 26.00]
 [54.00 10.00]]
#3#
[[0.00 1.00 1.00 0.00 0.00 1.00]
 [1.00 0.00 0.00 1.00 1.00 0.00]
 [1.00 0.00 0.00 1.00 0.00 0.00]
 [0.00 1.00 1.00 0.00 0.00 0.00]
 [0.00 1.00 0.00 0.00 0.00 1.00]
 [1.00 0.00 0.00 0.00 1.00 0.00]]