#1#
[156.00 67.00]
[22.00 96.00]
[164.00 108.00]
[30.00 136.00]
[10.00 37.00]
[145.00 10.00]
#2#
[[156.00 67.00]
 [22.00 96.00]]
[[156.00 67.00]
 [164.00 108.00]]
[[164.00 108.00]
 [30.00 136.00]]
[[22.00 96.00]
 [30.00 136.00]]
[[22.00 96.00]
 [10.00 37.00]]
[[10.00 37.00]
 [145.00 10.00]]
[[156.00 67.00]
 [145.00 10.00]]
#3#
[[0.00 1.00 1.00 0.00 0.00 1.00]
 [1.00 0.00 0.00 1.00 1.00 0.00]
 [1.00 0.00 0.00 1.00 0.00 0.00]
 [0.00 1.00 1.00 0.00 0.00 0.00]
 [0.00 1.00 0.00 0.00 0.00 1.00]
 [1.00 0.00 0.00 0.00 1.00 0.00]]