#1#
[142.00 115.00]
[32.00 61.00]
[165.00 65.00]
[55.00 10.00]
[10.00 102.00]
[121.00 156.00]
#2#
[[142.00 115.00]
 [32.00 61.00]]
[[142.00 115.00]
 [165.00 65.00]]
[[165.00 65.00]
 [55.00 10.00]]
[[32.00 61.00]
 [55.00 10.00]]
[[32.00 61.00]
 [10.00 102.00]]
[[10.00 102.00]
 [121.00 156.00]]
[[142.00 115.00]
 [121.00 156.00]]
#3#
[[0.00 1.00 1.00 0.00 0.00 1.00]
 [1.00 0.00 0.00 1.00 1.00 0.00]
 [1.00 0.00 0.00 1.00 0.00 0.00]
 [0.00 1.00 1.00 0.00 0.00 0.00]
 [0.00 1.00 0.00 0.00 0.00 1.00]
 [1.00 0.00 0.00 0.00 1.00 0.00]]