#1#
[148.00 73.00]
[100.00 116.00]
[196.00 10.00]
[296.00 107.00]
[250.00 165.00]
[159.00 171.00]
[59.00 76.00]
[10.00 136.00]
[113.00 229.00]
[201.00 211.00]
#2#
[[148.00 73.00]
 [100.00 116.00]]
[[148.00 73.00]
 [196.00 10.00]]
[[196.00 10.00]
 [296.00 107.00]]
[[296.00 107.00]
 [250.00 165.00]]
[[100.00 116.00]
 [159.00 171.00]]
[[100.00 116.00]
 [59.00 76.00]]
[[59.00 76.00]
 [10.00 136.00]]
[[113.00 229.00]
 [10.00 136.00]]
[[113.00 229.00]
 [159.00 171.00]]
[[148.00 73.00]
 [250.00 165.00]]
[[201.00 211.00]
 [159.00 171.00]]
[[201.00 211.00]
 [250.00 165.00]]
#3#
[[0.00 1.00 1.00 0.00 1.00 0.00 0.00 0.00 0.00 0.00]
 [1.00 0.00 0.00 0.00 0.00 1.00 1.00 0.00 0.00 0.00]
 [1.00 0.00 0.00 1.00 0.00 0.00 0.00 0.00 0.00 0.00]
 [0.00 0.00 1.00 0.00 1.00 0.00 0.00 0.00 0.00 0.00]
 [1.00 0.00 0.00 1.00 0.00 0.00 0.00 0.00 0.00 1.00]
 [0.00 1.00 0.00 0.00 0.00 0.00 0.00 0.00 1.00 1.00]
 [0.00 1.00 0.00 0.00 0.00 0.00 0.00 1.00 0.00 0.00]
 [0.00 0.00 0.00 0.00 0.00 0.00 1.00 0.00 1.00 0.00]
 [0.00 0.00 0.00 0.00 0.00 1.00 0.00 1.00 0.00 0.00]
 [0.00 0.00 0.00 0.00 1.00 1.00 0.00 0.00 0.00 0.00]]