#1#
[138.00 216.00]
[59.00 164.00]
[86.00 121.00]
[166.00 173.00]
[212.00 176.00]
[263.00 121.00]
[102.00 10.00]
[50.00 65.00]
[10.00 140.00]
[171.00 249.00]
#2#
[[138.00 216.00]
 [59.00 164.00]]
[[59.00 164.00]
 [86.00 121.00]]
[[86.00 121.00]
 [166.00 173.00]]
[[138.00 216.00]
 [166.00 173.00]]
[[212.00 176.00]
 [263.00 121.00]]
[[263.00 121.00]
 [102.00 10.00]]
[[102.00 10.00]
 [50.00 65.00]]
[[212.00 176.00]
 [50.00 65.00]]
[[10.00 140.00]
 [50.00 65.00]]
[[10.00 140.00]
 [171.00 249.00]]
[[171.00 249.00]
 [212.00 176.00]]
#3#
[[0.00 1.00 0.00 1.00 0.00 0.00 0.00 0.00 0.00 0.00]
 [1.00 0.00 1.00 0.00 0.00 0.00 0.00 0.00 0.00 0.00]
 [0.00 1.00 0.00 1.00 0.00 0.00 0.00 0.00 0.00 0.00]
 [1.00 0.00 1.00 0.00 0.00 0.00 0.00 0.00 0.00 0.00]
 [0.00 0.00 0.00 0.00 0.00 1.00 0.00 1.00 0.00 1.00]
 [0.00 0.00 0.00 0.00 1.00 0.00 1.00 0.00 0.00 0.00]
 [0.00 0.00 0.00 0.00 0.00 1.00 0.00 1.00 0.00 0.00]
 [0.00 0.00 0.00 0.00 1.00 0.00 1.00 0.00 1.00 0.00]
 [0.00 0.00 0.00 0.00 0.00 0.00 0.00 1.00 0.00 1.00]
 [0.00 0.00 0.00 0.00 1.00 0.00 0.00 0.00 1.00 0.00]]