#1#
[97.00 10.00]
[42.00 10.00]
[10.00 149.00]
[63.00 151.00]
[118.00 174.00]
[151.00 34.00]
#2#
[[97.00 10.00]
 [42.00 10.00]]
[[42.00 10.00]
 [10.00 149.00]]
[[10.00 149.00]
 [63.00 151.00]]
[[97.00 10.00]
 [63.00 151.00]]
[[63.00 151.00]
 [118.00 174.00]]
[[118.00 174.00]
 [151.00 34.00]]
[[97.00 10.00]
 [151.00 34.00]]
#3#
[[0.00 1.00 0.00 1.00 0.00 1.00]
 [1.00 0.00 1.00 0.00 0.00 0.00]
 [0.00 1.00 0.00 1.00 0.00 0.00]
 [1.00 0.00 1.00 0.00 1.00 0.00]
 [0.00 0.00 0.00 1.00 0.00 1.00]
 [1.00 0.00 0.00 0.00 1.00 0.00]]