#1#
[55.00 31.00]
[47.00 10.00]
[10.00 22.00]
[16.00 45.00]
[36.00 111.00]
[109.00 86.00]
[91.00 19.00]
[55.00 162.00]
[130.00 136.00]
#2#
[[55.00 31.00]
 [47.00 10.00]]
[[47.00 10.00]
 [10.00 22.00]]
[[10.00 22.00]
 [16.00 45.00]]
[[55.00 31.00]
 [16.00 45.00]]
[[16.00 45.00]
 [36.00 111.00]]
[[109.00 86.00]
 [91.00 19.00]]
[[55.00 31.00]
 [91.00 19.00]]
[[36.00 111.00]
 [109.00 86.00]]
[[36.00 111.00]
 [55.00 162.00]]
[[130.00 136.00]
 [55.00 162.00]]
[[130.00 136.00]
 [109.00 86.00]]
#3#
[[0.00 1.00 0.00 1.00 0.00 0.00 1.00 0.00 0.00]
 [1.00 0.00 1.00 0.00 0.00 0.00 0.00 0.00 0.00]
 [0.00 1.00 0.00 1.00 0.00 0.00 0.00 0.00 0.00]
 [1.00 0.00 1.00 0.00 1.00 0.00 0.00 0.00 0.00]
 [0.00 0.00 0.00 1.00 0.00 1.00 0.00 1.00 0.00]
 [0.00 0.00 0.00 0.00 1.00 0.00 1.00 0.00 1.00]
 [1.00 0.00 0.00 0.00 0.00 1.00 0.00 0.00 0.00]
 [0.00 0.00 0.00 0.00 1.00 0.00 0.00 0.00 1.00]
 [0.00 0.00 0.00 0.00 0.00 1.00 0.00 1.00 0.00]]