#1#
[53.00 44.00]
[47.00 65.00]
[10.00 54.00]
[17.00 33.00]
[25.00 10.00]
[61.00 21.00]
#2#
[[53.00 44.00]
 [47.00 65.00]]
[[47.00 65.00]
 [10.00 54.00]]
[[10.00 54.00]
 [17.00 33.00]]
[[53.00 44.00]
 [17.00 33.00]]
[[17.00 33.00]
 [25.00 10.00]]
[[25.00 10.00]
 [61.00 21.00]]
[[53.00 44.00]
 [61.00 21.00]]
#3#
[[0.00 1.00 0.00 1.00 0.00 1.00]
 [1.00 0.00 1.00 0.00 0.00 0.00]
 [0.00 1.00 0.00 1.00 0.00 0.00]
 [1.00 0.00 1.00 0.00 1.00 0.00]
 [0.00 0.00 0.00 1.00 0.00 1.00]
 [1.00 0.00 0.00 0.00 1.00 0.00]]