#1#
[222.00 116.00]
[233.00 68.00]
[33.00 10.00]
[21.00 58.00]
[10.00 96.00]
[209.00 152.00]
#2#
[[222.00 116.00]
 [233.00 68.00]]
[[233.00 68.00]
 [33.00 10.00]]
[[33.00 10.00]
 [21.00 58.00]]
[[21.00 58.00]
 [10.00 96.00]]
[[10.00 96.00]
 [209.00 152.00]]
[[222.00 116.00]
 [209.00 152.00]]
[[222.00 116.00]
 [21.00 58.00]]
#3#
[[0.00 1.00 0.00 1.00 0.00 1.00]
 [1.00 0.00 1.00 0.00 0.00 0.00]
 [0.00 1.00 0.00 1.00 0.00 0.00]
 [1.00 0.00 1.00 0.00 1.00 0.00]
 [0.00 0.00 0.00 1.00 0.00 1.00]
 [1.00 0.00 0.00 0.00 1.00 0.00]]