#1#
[144.00 112.00]
[121.00 163.00]
[10.00 115.00]
[32.00 62.00]
[56.00 10.00]
[167.00 60.00]
#2#
[[144.00 112.00]
 [121.00 163.00]]
[[121.00 163.00]
 [10.00 115.00]]
[[10.00 115.00]
 [32.00 62.00]]
[[32.00 62.00]
 [56.00 10.00]]
[[56.00 10.00]
 [167.00 60.00]]
[[144.00 112.00]
 [167.00 60.00]]
[[144.00 112.00]
 [32.00 62.00]]
#3#
[[0.00 1.00 0.00 1.00 0.00 1.00]
 [1.00 0.00 1.00 0.00 0.00 0.00]
 [0.00 1.00 0.00 1.00 0.00 0.00]
 [1.00 0.00 1.00 0.00 1.00 0.00]
 [0.00 0.00 0.00 1.00 0.00 1.00]
 [1.00 0.00 0.00 0.00 1.00 0.00]]