#1#
[80.00 10.00]
[23.00 14.00]
[10.00 154.00]
[66.00 154.00]
[119.00 165.00]
[135.00 24.00]
#2#
[[80.00 10.00]
 [23.00 14.00]]
[[23.00 14.00]
 [10.00 154.00]]
[[10.00 154.00]
 [66.00 154.00]]
[[80.00 10.00]
 [66.00 154.00]]
[[66.00 154.00]
 [119.00 165.00]]
[[119.00 165.00]
 [135.00 24.00]]
[[80.00 10.00]
 [135.00 24.00]]
#3#
[[0.00 1.00 0.00 1.00 0.00 1.00]
 [1.00 0.00 1.00 0.00 0.00 0.00]
 [0.00 1.00 0.00 1.00 0.00 0.00]
 [1.00 0.00 1.00 0.00 1.00 0.00]
 [0.00 0.00 0.00 1.00 0.00 1.00]
 [1.00 0.00 0.00 0.00 1.00 0.00]]