#1#
[200.00 32.00]
[150.00 10.00]
[10.00 334.00]
[59.00 356.00]
[250.00 52.00]
[108.00 375.00]
#2#
[[200.00 32.00]
 [150.00 10.00]]
[[150.00 10.00]
 [10.00 334.00]]
[[10.00 334.00]
 [59.00 356.00]]
[[200.00 32.00]
 [250.00 52.00]]
[[250.00 52.00]
 [108.00 375.00]]
[[59.00 356.00]
 [108.00 375.00]]
[[200.00 32.00]
 [59.00 356.00]]
#3#
[[0.00 1.00 0.00 1.00 1.00 0.00]
 [1.00 0.00 1.00 0.00 0.00 0.00]
 [0.00 1.00 0.00 1.00 0.00 0.00]
 [1.00 0.00 1.00 0.00 0.00 1.00]
 [1.00 0.00 0.00 0.00 0.00 1.00]
 [0.00 0.00 0.00 1.00 1.00 0.00]]