#1#
[157.00 190.00]
[213.00 171.00]
[238.00 246.00]
[171.00 269.00]
[175.00 281.00]
[111.00 302.00]
[88.00 238.00]
[78.00 243.00]
[10.00 55.00]
[46.00 43.00]
[43.00 30.00]
[99.00 10.00]
[137.00 115.00]
[128.00 120.00]
#2#
[[157.00 190.00]
 [213.00 171.00]]
[[213.00 171.00]
 [238.00 246.00]]
[[238.00 246.00]
 [171.00 269.00]]
[[171.00 269.00]
 [175.00 281.00]]
[[175.00 281.00]
 [111.00 302.00]]
[[111.00 302.00]
 [88.00 238.00]]
[[88.00 238.00]
 [78.00 243.00]]
[[10.00 55.00]
 [78.00 243.00]]
[[10.00 55.00]
 [46.00 43.00]]
[[46.00 43.00]
 [43.00 30.00]]
[[43.00 30.00]
 [99.00 10.00]]
[[99.00 10.00]
 [137.00 115.00]]
[[137.00 115.00]
 [128.00 120.00]]
[[157.00 190.00]
 [128.00 120.00]]
#3#
[[0.00 1.00 0.00 0.00 0.00 0.00 0.00 0.00 0.00 0.00 0.00 0.00 0.00 1.00]
 [1.00 0.00 1.00 0.00 0.00 0.00 0.00 0.00 0.00 0.00 0.00 0.00 0.00 0.00]
 [0.00 1.00 0.00 1.00 0.00 0.00 0.00 0.00 0.00 0.00 0.00 0.00 0.00 0.00]
 [0.00 0.00 1.00 0.00 1.00 0.00 0.00 0.00 0.00 0.00 0.00 0.00 0.00 0.00]
 [0.00 0.00 0.00 1.00 0.00 1.00 0.00 0.00 0.00 0.00 0.00 0.00 0.00 0.00]
 [0.00 0.00 0.00 0.00 1.00 0.00 1.00 0.00 0.00 0.00 0.00 0.00 0.00 0.00]
 [0.00 0.00 0.00 0.00 0.00 1.00 0.00 1.00 0.00 0.00 0.00 0.00 0.00 0.00]
 [0.00 0.00 0.00 0.00 0.00 0.00 1.00 0.00 1.00 0.00 0.00 0.00 0.00 0.00]
 [0.00 0.00 0.00 0.00 0.00 0.00 0.00 1.00 0.00 1.00 0.00 0.00 0.00 0.00]
 [0.00 0.00 0.00 0.00 0.00 0.00 0.00 0.00 1.00 0.00 1.00 0.00 0.00 0.00]
 [0.00 0.00 0.00 0.00 0.00 0.00 0.00 0.00 0.00 1.00 0.00 1.00 0.00 0.00]
 [0.00 0.00 0.00 0.00 0.00 0.00 0.00 0.00 0.00 0.00 1.00 0.00 1.00 0.00]
 [0.00 0.00 0.00 0.00 0.00 0.00 0.00 0.00 0.00 0.00 0.00 1.00 0.00 1.00]
 [1.00 0.00 0.00 0.00 0.00 0.00 0.00 0.00 0.00 0.00 0.00 0.00 1.00 0.00]]