#1#
[50.00 306.00]
[91.00 322.00]
[201.00 41.00]
[161.00 25.00]
[120.00 10.00]
[10.00 291.00]
#2#
[[50.00 306.00]
 [91.00 322.00]]
[[91.00 322.00]
 [201.00 41.00]]
[[201.00 41.00]
 [161.00 25.00]]
[[161.00 25.00]
 [120.00 10.00]]
[[120.00 10.00]
 [10.00 291.00]]
[[50.00 306.00]
 [10.00 291.00]]
[[50.00 306.00]
 [161.00 25.00]]
#3#
[[0.00 1.00 0.00 1.00 0.00 1.00]
 [1.00 0.00 1.00 0.00 0.00 0.00]
 [0.00 1.00 0.00 1.00 0.00 0.00]
 [1.00 0.00 1.00 0.00 1.00 0.00]
 [0.00 0.00 0.00 1.00 0.00 1.00]
 [1.00 0.00 0.00 0.00 1.00 0.00]]