#1#
[83.00 147.00]
[61.00 36.00]
[31.00 142.00]
[10.00 30.00]
[114.00 10.00]
[135.00 124.00]
#2#
[[83.00 147.00]
 [61.00 36.00]]
[[83.00 147.00]
 [31.00 142.00]]
[[31.00 142.00]
 [10.00 30.00]]
[[61.00 36.00]
 [10.00 30.00]]
[[61.00 36.00]
 [114.00 10.00]]
[[114.00 10.00]
 [135.00 124.00]]
[[83.00 147.00]
 [135.00 124.00]]
#3#
[[0.00 1.00 1.00 0.00 0.00 1.00]
 [1.00 0.00 0.00 1.00 1.00 0.00]
 [1.00 0.00 0.00 1.00 0.00 0.00]
 [0.00 1.00 1.00 0.00 0.00 0.00]
 [0.00 1.00 0.00 0.00 0.00 1.00]
 [1.00 0.00 0.00 0.00 1.00 0.00]]