#1#
[70.00 31.00]
[136.00 10.00]
[201.00 216.00]
[135.00 238.00]
[73.00 254.00]
[10.00 48.00]
#2#
[[70.00 31.00]
 [136.00 10.00]]
[[136.00 10.00]
 [201.00 216.00]]
[[201.00 216.00]
 [135.00 238.00]]
[[70.00 31.00]
 [135.00 238.00]]
[[135.00 238.00]
 [73.00 254.00]]
[[73.00 254.00]
 [10.00 48.00]]
[[70.00 31.00]
 [10.00 48.00]]
#3#
[[0.00 1.00 0.00 1.00 0.00 1.00]
 [1.00 0.00 1.00 0.00 0.00 0.00]
 [0.00 1.00 0.00 1.00 0.00 0.00]
 [1.00 0.00 1.00 0.00 1.00 0.00]
 [0.00 0.00 0.00 1.00 0.00 1.00]
 [1.00 0.00 0.00 0.00 1.00 0.00]]