#1#
[18.00 58.00]
[130.00 73.00]
[10.00 129.00]
[120.00 145.00]
[137.00 26.00]
[27.00 10.00]
#2#
[[18.00 58.00]
 [130.00 73.00]]
[[18.00 58.00]
 [10.00 129.00]]
[[10.00 129.00]
 [120.00 145.00]]
[[130.00 73.00]
 [120.00 145.00]]
[[130.00 73.00]
 [137.00 26.00]]
[[137.00 26.00]
 [27.00 10.00]]
[[18.00 58.00]
 [27.00 10.00]]
#3#
[[0.00 1.00 1.00 0.00 0.00 1.00]
 [1.00 0.00 0.00 1.00 1.00 0.00]
 [1.00 0.00 0.00 1.00 0.00 0.00]
 [0.00 1.00 1.00 0.00 0.00 0.00]
 [0.00 1.00 0.00 0.00 0.00 1.00]
 [1.00 0.00 0.00 0.00 1.00 0.00]]