#1#
[57.00 72.00]
[99.00 55.00]
[153.00 94.00]
[120.00 10.00]
[10.00 53.00]
[43.00 137.00]
#2#
[[57.00 72.00]
 [99.00 55.00]]
[[99.00 55.00]
 [153.00 94.00]]
[[153.00 94.00]
 [120.00 10.00]]
[[99.00 55.00]
 [120.00 10.00]]
[[120.00 10.00]
 [10.00 53.00]]
[[57.00 72.00]
 [10.00 53.00]]
[[10.00 53.00]
 [43.00 137.00]]
[[153.00 94.00]
 [43.00 137.00]]
[[57.00 72.00]
 [43.00 137.00]]
#3#
[[0.00 1.00 0.00 0.00 1.00 1.00]
 [1.00 0.00 1.00 1.00 0.00 0.00]
 [0.00 1.00 0.00 1.00 0.00 1.00]
 [0.00 1.00 1.00 0.00 1.00 0.00]
 [1.00 0.00 0.00 1.00 0.00 1.00]
 [1.00 0.00 1.00 0.00 1.00 0.00]]