#1#
[15.00 86.00]
[235.00 63.00]
[229.00 10.00]
[10.00 35.00]
[24.00 149.00]
[242.00 124.00]
#2#
[[15.00 86.00]
 [235.00 63.00]]
[[235.00 63.00]
 [229.00 10.00]]
[[229.00 10.00]
 [10.00 35.00]]
[[15.00 86.00]
 [10.00 35.00]]
[[15.00 86.00]
 [24.00 149.00]]
[[24.00 149.00]
 [242.00 124.00]]
[[235.00 63.00]
 [242.00 124.00]]
#3#
[[0.00 1.00 0.00 1.00 1.00 0.00]
 [1.00 0.00 1.00 0.00 0.00 1.00]
 [0.00 1.00 0.00 1.00 0.00 0.00]
 [1.00 0.00 1.00 0.00 0.00 0.00]
 [1.00 0.00 0.00 0.00 0.00 1.00]
 [0.00 1.00 0.00 0.00 1.00 0.00]]