#1#
[78.00 148.00]
[72.00 23.00]
[10.00 15.00]
[17.00 142.00]
[146.00 137.00]
[140.00 10.00]
#2#
[[78.00 148.00]
 [72.00 23.00]]
[[72.00 23.00]
 [10.00 15.00]]
[[10.00 15.00]
 [17.00 142.00]]
[[78.00 148.00]
 [17.00 142.00]]
[[78.00 148.00]
 [146.00 137.00]]
[[146.00 137.00]
 [140.00 10.00]]
[[72.00 23.00]
 [140.00 10.00]]
#3#
[[0.00 1.00 0.00 1.00 1.00 0.00]
 [1.00 0.00 1.00 0.00 0.00 1.00]
 [0.00 1.00 0.00 1.00 0.00 0.00]
 [1.00 0.00 1.00 0.00 0.00 0.00]
 [1.00 0.00 0.00 0.00 0.00 1.00]
 [0.00 1.00 0.00 0.00 1.00 0.00]]