#1#
[20.00 55.00]
[30.00 10.00]
[138.00 35.00]
[126.00 78.00]
[115.00 129.00]
[10.00 103.00]
[54.00 83.00]
[83.00 91.00]
[78.00 115.00]
[49.00 108.00]
#2#
[[20.00 55.00]
 [30.00 10.00]]
[[30.00 10.00]
 [138.00 35.00]]
[[138.00 35.00]
 [126.00 78.00]]
[[20.00 55.00]
 [126.00 78.00]]
[[126.00 78.00]
 [115.00 129.00]]
[[115.00 129.00]
 [10.00 103.00]]
[[20.00 55.00]
 [10.00 103.00]]
[[54.00 83.00]
 [83.00 91.00]]
[[78.00 115.00]
 [83.00 91.00]]
[[78.00 115.00]
 [49.00 108.00]]
[[49.00 108.00]
 [54.00 83.00]]
#3#
[[0.00 1.00 0.00 1.00 0.00 1.00 0.00 0.00 0.00 0.00]
 [1.00 0.00 1.00 0.00 0.00 0.00 0.00 0.00 0.00 0.00]
 [0.00 1.00 0.00 1.00 0.00 0.00 0.00 0.00 0.00 0.00]
 [1.00 0.00 1.00 0.00 1.00 0.00 0.00 0.00 0.00 0.00]
 [0.00 0.00 0.00 1.00 0.00 1.00 0.00 0.00 0.00 0.00]
 [1.00 0.00 0.00 0.00 1.00 0.00 0.00 0.00 0.00 0.00]
 [0.00 0.00 0.00 0.00 0.00 0.00 0.00 1.00 0.00 1.00]
 [0.00 0.00 0.00 0.00 0.00 0.00 1.00 0.00 1.00 0.00]
 [0.00 0.00 0.00 0.00 0.00 0.00 0.00 1.00 0.00 1.00]
 [0.00 0.00 0.00 0.00 0.00 0.00 1.00 0.00 1.00 0.00]]