#1#
[116.00 127.00]
[158.00 93.00]
[78.00 10.00]
[37.00 44.00]
[10.00 75.00]
[87.00 155.00]
#2#
[[116.00 127.00]
 [158.00 93.00]]
[[158.00 93.00]
 [78.00 10.00]]
[[78.00 10.00]
 [37.00 44.00]]
[[116.00 127.00]
 [37.00 44.00]]
[[37.00 44.00]
 [10.00 75.00]]
[[10.00 75.00]
 [87.00 155.00]]
[[116.00 127.00]
 [87.00 155.00]]
#3#
[[0.00 1.00 0.00 1.00 0.00 1.00]
 [1.00 0.00 1.00 0.00 0.00 0.00]
 [0.00 1.00 0.00 1.00 0.00 0.00]
 [1.00 0.00 1.00 0.00 1.00 0.00]
 [0.00 0.00 0.00 1.00 0.00 1.00]
 [1.00 0.00 0.00 0.00 1.00 0.00]]