#1#
[183.00 57.00]
[182.00 10.00]
[10.00 20.00]
[12.00 65.00]
[16.00 129.00]
[187.00 121.00]
#2#
[[183.00 57.00]
 [182.00 10.00]]
[[182.00 10.00]
 [10.00 20.00]]
[[10.00 20.00]
 [12.00 65.00]]
[[183.00 57.00]
 [12.00 65.00]]
[[12.00 65.00]
 [16.00 129.00]]
[[16.00 129.00]
 [187.00 121.00]]
[[183.00 57.00]
 [187.00 121.00]]
#3#
[[0.00 1.00 0.00 1.00 0.00 1.00]
 [1.00 0.00 1.00 0.00 0.00 0.00]
 [0.00 1.00 0.00 1.00 0.00 0.00]
 [1.00 0.00 1.00 0.00 1.00 0.00]
 [0.00 0.00 0.00 1.00 0.00 1.00]
 [1.00 0.00 0.00 0.00 1.00 0.00]]