#1#
[94.00 174.00]
[44.00 172.00]
[10.00 35.00]
[61.00 33.00]
[116.00 10.00]
[148.00 149.00]
#2#
[[94.00 174.00]
 [44.00 172.00]]
[[44.00 172.00]
 [10.00 35.00]]
[[10.00 35.00]
 [61.00 33.00]]
[[94.00 174.00]
 [61.00 33.00]]
[[61.00 33.00]
 [116.00 10.00]]
[[116.00 10.00]
 [148.00 149.00]]
[[94.00 174.00]
 [148.00 149.00]]
#3#
[[0.00 1.00 0.00 1.00 0.00 1.00]
 [1.00 0.00 1.00 0.00 0.00 0.00]
 [0.00 1.00 0.00 1.00 0.00 0.00]
 [1.00 0.00 1.00 0.00 1.00 0.00]
 [0.00 0.00 0.00 1.00 0.00 1.00]
 [1.00 0.00 0.00 0.00 1.00 0.00]]