#1#
[49.00 15.00]
[40.00 67.00]
[19.00 10.00]
[10.00 62.00]
[79.00 20.00]
[70.00 72.00]
[101.00 77.00]
[108.00 25.00]
#2#
[[49.00 15.00]
 [40.00 67.00]]
[[49.00 15.00]
 [19.00 10.00]]
[[19.00 10.00]
 [10.00 62.00]]
[[40.00 67.00]
 [10.00 62.00]]
[[49.00 15.00]
 [79.00 20.00]]
[[40.00 67.00]
 [70.00 72.00]]
[[79.00 20.00]
 [70.00 72.00]]
[[70.00 72.00]
 [101.00 77.00]]
[[101.00 77.00]
 [108.00 25.00]]
[[79.00 20.00]
 [108.00 25.00]]
#3#
[[0.00 1.00 1.00 0.00 1.00 0.00 0.00 0.00]
 [1.00 0.00 0.00 1.00 0.00 1.00 0.00 0.00]
 [1.00 0.00 0.00 1.00 0.00 0.00 0.00 0.00]
 [0.00 1.00 1.00 0.00 0.00 0.00 0.00 0.00]
 [1.00 0.00 0.00 0.00 0.00 1.00 0.00 1.00]
 [0.00 1.00 0.00 0.00 1.00 0.00 1.00 0.00]
 [0.00 0.00 0.00 0.00 0.00 1.00 0.00 1.00]
 [0.00 0.00 0.00 0.00 1.00 0.00 1.00 0.00]]