#1#
[47.00 15.00]
[60.00 22.00]
[34.00 68.00]
[22.00 59.00]
[10.00 54.00]
[35.00 10.00]
#2#
[[47.00 15.00]
 [60.00 22.00]]
[[60.00 22.00]
 [34.00 68.00]]
[[34.00 68.00]
 [22.00 59.00]]
[[47.00 15.00]
 [22.00 59.00]]
[[22.00 59.00]
 [10.00 54.00]]
[[10.00 54.00]
 [35.00 10.00]]
[[47.00 15.00]
 [35.00 10.00]]
#3#
[[0.00 1.00 0.00 1.00 0.00 1.00]
 [1.00 0.00 1.00 0.00 0.00 0.00]
 [0.00 1.00 0.00 1.00 0.00 0.00]
 [1.00 0.00 1.00 0.00 1.00 0.00]
 [0.00 0.00 0.00 1.00 0.00 1.00]
 [1.00 0.00 0.00 0.00 1.00 0.00]]