#1#
[148.00 79.00]
[19.00 94.00]
[10.00 25.00]
[140.00 10.00]
[154.00 133.00]
[26.00 148.00]
#2#
[[148.00 79.00]
 [19.00 94.00]]
[[19.00 94.00]
 [10.00 25.00]]
[[10.00 25.00]
 [140.00 10.00]]
[[148.00 79.00]
 [140.00 10.00]]
[[148.00 79.00]
 [154.00 133.00]]
[[154.00 133.00]
 [26.00 148.00]]
[[19.00 94.00]
 [26.00 148.00]]
#3#
[[0.00 1.00 0.00 1.00 1.00 0.00]
 [1.00 0.00 1.00 0.00 0.00 1.00]
 [0.00 1.00 0.00 1.00 0.00 0.00]
 [1.00 0.00 1.00 0.00 0.00 0.00]
 [1.00 0.00 0.00 0.00 0.00 1.00]
 [0.00 1.00 0.00 0.00 1.00 0.00]]