#1#
[62.00 18.00]
[10.00 15.00]
[13.00 148.00]
[66.00 152.00]
[112.00 144.00]
[109.00 10.00]
#2#
[[62.00 18.00]
 [10.00 15.00]]
[[10.00 15.00]
 [13.00 148.00]]
[[13.00 148.00]
 [66.00 152.00]]
[[62.00 18.00]
 [66.00 152.00]]
[[66.00 152.00]
 [112.00 144.00]]
[[112.00 144.00]
 [109.00 10.00]]
[[62.00 18.00]
 [109.00 10.00]]
#3#
[[0.00 1.00 0.00 1.00 0.00 1.00]
 [1.00 0.00 1.00 0.00 0.00 0.00]
 [0.00 1.00 0.00 1.00 0.00 0.00]
 [1.00 0.00 1.00 0.00 1.00 0.00]
 [0.00 0.00 0.00 1.00 0.00 1.00]
 [1.00 0.00 0.00 0.00 1.00 0.00]]