#1#
[38.00 10.00]
[166.00 36.00]
[88.00 92.00]
[10.00 135.00]
[138.00 163.00]
#2#
[[38.00 10.00]
 [166.00 36.00]]
[[166.00 36.00]
 [88.00 92.00]]
[[88.00 92.00]
 [10.00 135.00]]
[[88.00 92.00]
 [10.00 135.00]]
[[38.00 10.00]
 [88.00 92.00]]
[[38.00 10.00]
 [10.00 135.00]]
[[10.00 135.00]
 [138.00 163.00]]
[[166.00 36.00]
 [138.00 163.00]]
[[166.00 36.00]
 [88.00 92.00]]
[[88.00 92.00]
 [138.00 163.00]]
#3#
[[0.00 1.00 1.00 1.00 0.00]
 [1.00 0.00 1.00 0.00 1.00]
 [1.00 1.00 0.00 1.00 1.00]
 [1.00 0.00 1.00 0.00 1.00]
 [0.00 1.00 1.00 1.00 0.00]]