#1#
[157.00 106.00]
[140.00 160.00]
[10.00 123.00]
[27.00 68.00]
[172.00 49.00]
[42.00 10.00]
#2#
[[157.00 106.00]
 [140.00 160.00]]
[[140.00 160.00]
 [10.00 123.00]]
[[10.00 123.00]
 [27.00 68.00]]
[[157.00 106.00]
 [27.00 68.00]]
[[157.00 106.00]
 [172.00 49.00]]
[[172.00 49.00]
 [42.00 10.00]]
[[27.00 68.00]
 [42.00 10.00]]
#3#
[[0.00 1.00 0.00 1.00 1.00 0.00]
 [1.00 0.00 1.00 0.00 0.00 0.00]
 [0.00 1.00 0.00 1.00 0.00 0.00]
 [1.00 0.00 1.00 0.00 0.00 1.00]
 [1.00 0.00 0.00 0.00 0.00 1.00]
 [0.00 0.00 0.00 1.00 1.00 0.00]]