#1#
[14.00 84.00]
[146.00 78.00]
[143.00 10.00]
[10.00 16.00]
[15.00 150.00]
[148.00 143.00]
#2#
[[14.00 84.00]
 [146.00 78.00]]
[[146.00 78.00]
 [143.00 10.00]]
[[143.00 10.00]
 [10.00 16.00]]
[[14.00 84.00]
 [10.00 16.00]]
[[14.00 84.00]
 [15.00 150.00]]
[[15.00 150.00]
 [148.00 143.00]]
[[146.00 78.00]
 [148.00 143.00]]
#3#
[[0.00 1.00 0.00 1.00 1.00 0.00]
 [1.00 0.00 1.00 0.00 0.00 1.00]
 [0.00 1.00 0.00 1.00 0.00 0.00]
 [1.00 0.00 1.00 0.00 0.00 0.00]
 [1.00 0.00 0.00 0.00 0.00 1.00]
 [0.00 1.00 0.00 0.00 1.00 0.00]]