#1#
[46.00 58.00]
[81.00 10.00]
[176.00 79.00]
[141.00 129.00]
[107.00 175.00]
[10.00 107.00]
#2#
[[46.00 58.00]
 [81.00 10.00]]
[[81.00 10.00]
 [176.00 79.00]]
[[176.00 79.00]
 [141.00 129.00]]
[[46.00 58.00]
 [141.00 129.00]]
[[141.00 129.00]
 [107.00 175.00]]
[[107.00 175.00]
 [10.00 107.00]]
[[46.00 58.00]
 [10.00 107.00]]
#3#
[[0.00 1.00 0.00 1.00 0.00 1.00]
 [1.00 0.00 1.00 0.00 0.00 0.00]
 [0.00 1.00 0.00 1.00 0.00 0.00]
 [1.00 0.00 1.00 0.00 1.00 0.00]
 [0.00 0.00 0.00 1.00 0.00 1.00]
 [1.00 0.00 0.00 0.00 1.00 0.00]]