#1#
[138.00 50.00]
[83.00 10.00]
[10.00 122.00]
[65.00 159.00]
[122.00 198.00]
[194.00 90.00]
#2#
[[138.00 50.00]
 [83.00 10.00]]
[[83.00 10.00]
 [10.00 122.00]]
[[10.00 122.00]
 [65.00 159.00]]
[[138.00 50.00]
 [65.00 159.00]]
[[65.00 159.00]
 [122.00 198.00]]
[[122.00 198.00]
 [194.00 90.00]]
[[138.00 50.00]
 [194.00 90.00]]
#3#
[[0.00 1.00 0.00 1.00 0.00 1.00]
 [1.00 0.00 1.00 0.00 0.00 0.00]
 [0.00 1.00 0.00 1.00 0.00 0.00]
 [1.00 0.00 1.00 0.00 1.00 0.00]
 [0.00 0.00 0.00 1.00 0.00 1.00]
 [1.00 0.00 0.00 0.00 1.00 0.00]]