#1#
[48.00 50.00]
[100.00 10.00]
[208.00 175.00]
[151.00 217.00]
[117.00 233.00]
[10.00 66.00]
#2#
[[48.00 50.00]
 [100.00 10.00]]
[[100.00 10.00]
 [208.00 175.00]]
[[208.00 175.00]
 [151.00 217.00]]
[[48.00 50.00]
 [151.00 217.00]]
[[151.00 217.00]
 [117.00 233.00]]
[[117.00 233.00]
 [10.00 66.00]]
[[48.00 50.00]
 [10.00 66.00]]
#3#
[[0.00 1.00 0.00 1.00 0.00 1.00]
 [1.00 0.00 1.00 0.00 0.00 0.00]
 [0.00 1.00 0.00 1.00 0.00 0.00]
 [1.00 0.00 1.00 0.00 1.00 0.00]
 [0.00 0.00 0.00 1.00 0.00 1.00]
 [1.00 0.00 0.00 0.00 1.00 0.00]]