#1#
[100.00 14.00]
[137.00 42.00]
[89.00 162.00]
[52.00 134.00]
[10.00 129.00]
[57.00 10.00]
#2#
[[100.00 14.00]
 [137.00 42.00]]
[[137.00 42.00]
 [89.00 162.00]]
[[89.00 162.00]
 [52.00 134.00]]
[[100.00 14.00]
 [52.00 134.00]]
[[52.00 134.00]
 [10.00 129.00]]
[[10.00 129.00]
 [57.00 10.00]]
[[100.00 14.00]
 [57.00 10.00]]
#3#
[[0.00 1.00 0.00 1.00 0.00 1.00]
 [1.00 0.00 1.00 0.00 0.00 0.00]
 [0.00 1.00 0.00 1.00 0.00 0.00]
 [1.00 0.00 1.00 0.00 1.00 0.00]
 [0.00 0.00 0.00 1.00 0.00 1.00]
 [1.00 0.00 0.00 0.00 1.00 0.00]]