#1#
[30.00 136.00]
[10.00 181.00]
[113.00 229.00]
[134.00 182.00]
[180.00 86.00]
[137.00 67.00]
[150.00 39.00]
[89.00 10.00]
#2#
[[30.00 136.00]
 [10.00 181.00]]
[[10.00 181.00]
 [113.00 229.00]]
[[113.00 229.00]
 [134.00 182.00]]
[[134.00 182.00]
 [180.00 86.00]]
[[180.00 86.00]
 [137.00 67.00]]
[[137.00 67.00]
 [150.00 39.00]]
[[150.00 39.00]
 [89.00 10.00]]
[[30.00 136.00]
 [89.00 10.00]]
[[30.00 136.00]
 [134.00 182.00]]
#3#
[[0.00 1.00 0.00 1.00 0.00 0.00 0.00 1.00]
 [1.00 0.00 1.00 0.00 0.00 0.00 0.00 0.00]
 [0.00 1.00 0.00 1.00 0.00 0.00 0.00 0.00]
 [1.00 0.00 1.00 0.00 1.00 0.00 0.00 0.00]
 [0.00 0.00 0.00 1.00 0.00 1.00 0.00 0.00]
 [0.00 0.00 0.00 0.00 1.00 0.00 1.00 0.00]
 [0.00 0.00 0.00 0.00 0.00 1.00 0.00 1.00]
 [1.00 0.00 0.00 0.00 0.00 0.00 1.00 0.00]]