#1#
[106.00 27.00]
[157.00 53.00]
[111.00 156.00]
[64.00 130.00]
[10.00 112.00]
[53.00 10.00]
#2#
[[106.00 27.00]
 [157.00 53.00]]
[[157.00 53.00]
 [111.00 156.00]]
[[111.00 156.00]
 [64.00 130.00]]
[[106.00 27.00]
 [64.00 130.00]]
[[64.00 130.00]
 [10.00 112.00]]
[[10.00 112.00]
 [53.00 10.00]]
[[106.00 27.00]
 [53.00 10.00]]
#3#
[[0.00 1.00 0.00 1.00 0.00 1.00]
 [1.00 0.00 1.00 0.00 0.00 0.00]
 [0.00 1.00 0.00 1.00 0.00 0.00]
 [1.00 0.00 1.00 0.00 1.00 0.00]
 [0.00 0.00 0.00 1.00 0.00 1.00]
 [1.00 0.00 0.00 0.00 1.00 0.00]]