#1#
[50.00 40.00]
[156.00 203.00]
[198.00 170.00]
[95.00 10.00]
[112.00 225.00]
[10.00 70.00]
#2#
[[50.00 40.00]
 [156.00 203.00]]
[[156.00 203.00]
 [198.00 170.00]]
[[198.00 170.00]
 [95.00 10.00]]
[[50.00 40.00]
 [95.00 10.00]]
[[156.00 203.00]
 [112.00 225.00]]
[[112.00 225.00]
 [10.00 70.00]]
[[50.00 40.00]
 [10.00 70.00]]
#3#
[[0.00 1.00 0.00 1.00 0.00 1.00]
 [1.00 0.00 1.00 0.00 1.00 0.00]
 [0.00 1.00 0.00 1.00 0.00 0.00]
 [1.00 0.00 1.00 0.00 0.00 0.00]
 [0.00 1.00 0.00 0.00 0.00 1.00]
 [1.00 0.00 0.00 0.00 1.00 0.00]]