#1#
[13.00 71.00]
[129.00 65.00]
[126.00 10.00]
[10.00 13.00]
[13.00 115.00]
[130.00 112.00]
#2#
[[13.00 71.00]
 [129.00 65.00]]
[[129.00 65.00]
 [126.00 10.00]]
[[126.00 10.00]
 [10.00 13.00]]
[[13.00 71.00]
 [10.00 13.00]]
[[13.00 71.00]
 [13.00 115.00]]
[[13.00 115.00]
 [130.00 112.00]]
[[129.00 65.00]
 [130.00 112.00]]
#3#
[[0.00 1.00 0.00 1.00 1.00 0.00]
 [1.00 0.00 1.00 0.00 0.00 1.00]
 [0.00 1.00 0.00 1.00 0.00 0.00]
 [1.00 0.00 1.00 0.00 0.00 0.00]
 [1.00 0.00 0.00 0.00 0.00 1.00]
 [0.00 1.00 0.00 0.00 1.00 0.00]]