#1#
[121.00 137.00]
[158.00 120.00]
[88.00 10.00]
[51.00 26.00]
[10.00 57.00]
[80.00 167.00]
#2#
[[121.00 137.00]
 [158.00 120.00]]
[[158.00 120.00]
 [88.00 10.00]]
[[88.00 10.00]
 [51.00 26.00]]
[[51.00 26.00]
 [10.00 57.00]]
[[10.00 57.00]
 [80.00 167.00]]
[[121.00 137.00]
 [80.00 167.00]]
[[121.00 137.00]
 [51.00 26.00]]
#3#
[[0.00 1.00 0.00 1.00 0.00 1.00]
 [1.00 0.00 1.00 0.00 0.00 0.00]
 [0.00 1.00 0.00 1.00 0.00 0.00]
 [1.00 0.00 1.00 0.00 1.00 0.00]
 [0.00 0.00 0.00 1.00 0.00 1.00]
 [1.00 0.00 0.00 0.00 1.00 0.00]]