#1#
[33.00 63.00]
[116.00 104.00]
[92.00 150.00]
[10.00 109.00]
[58.00 10.00]
[139.00 51.00]
#2#
[[33.00 63.00]
 [116.00 104.00]]
[[116.00 104.00]
 [92.00 150.00]]
[[92.00 150.00]
 [10.00 109.00]]
[[33.00 63.00]
 [10.00 109.00]]
[[33.00 63.00]
 [58.00 10.00]]
[[58.00 10.00]
 [139.00 51.00]]
[[116.00 104.00]
 [139.00 51.00]]
#3#
[[0.00 1.00 0.00 1.00 1.00 0.00]
 [1.00 0.00 1.00 0.00 0.00 1.00]
 [0.00 1.00 0.00 1.00 0.00 0.00]
 [1.00 0.00 1.00 0.00 0.00 0.00]
 [1.00 0.00 0.00 0.00 0.00 1.00]
 [0.00 1.00 0.00 0.00 1.00 0.00]]