#1#
[55.00 129.00]
[101.00 142.00]
[127.00 31.00]
[81.00 19.00]
[10.00 120.00]
[36.00 10.00]
#2#
[[55.00 129.00]
 [101.00 142.00]]
[[101.00 142.00]
 [127.00 31.00]]
[[127.00 31.00]
 [81.00 19.00]]
[[55.00 129.00]
 [81.00 19.00]]
[[55.00 129.00]
 [10.00 120.00]]
[[10.00 120.00]
 [36.00 10.00]]
[[81.00 19.00]
 [36.00 10.00]]
#3#
[[0.00 1.00 0.00 1.00 1.00 0.00]
 [1.00 0.00 1.00 0.00 0.00 0.00]
 [0.00 1.00 0.00 1.00 0.00 0.00]
 [1.00 0.00 1.00 0.00 0.00 1.00]
 [1.00 0.00 0.00 0.00 0.00 1.00]
 [0.00 0.00 0.00 1.00 1.00 0.00]]