#1#
[29.00 62.00]
[52.00 10.00]
[158.00 54.00]
[137.00 109.00]
[10.00 106.00]
[28.00 114.00]
[42.00 84.00]
[79.00 99.00]
[64.00 129.00]
[117.00 151.00]
#2#
[[29.00 62.00]
 [52.00 10.00]]
[[52.00 10.00]
 [158.00 54.00]]
[[158.00 54.00]
 [137.00 109.00]]
[[29.00 62.00]
 [10.00 106.00]]
[[10.00 106.00]
 [28.00 114.00]]
[[29.00 62.00]
 [137.00 109.00]]
[[28.00 114.00]
 [42.00 84.00]]
[[42.00 84.00]
 [79.00 99.00]]
[[64.00 129.00]
 [79.00 99.00]]
[[64.00 129.00]
 [28.00 114.00]]
[[64.00 129.00]
 [117.00 151.00]]
[[117.00 151.00]
 [137.00 109.00]]
#3#
[[0.00 1.00 0.00 1.00 1.00 0.00 0.00 0.00 0.00 0.00]
 [1.00 0.00 1.00 0.00 0.00 0.00 0.00 0.00 0.00 0.00]
 [0.00 1.00 0.00 1.00 0.00 0.00 0.00 0.00 0.00 0.00]
 [1.00 0.00 1.00 0.00 0.00 0.00 0.00 0.00 0.00 1.00]
 [1.00 0.00 0.00 0.00 0.00 1.00 0.00 0.00 0.00 0.00]
 [0.00 0.00 0.00 0.00 1.00 0.00 1.00 0.00 1.00 0.00]
 [0.00 0.00 0.00 0.00 0.00 1.00 0.00 1.00 0.00 0.00]
 [0.00 0.00 0.00 0.00 0.00 0.00 1.00 0.00 1.00 0.00]
 [0.00 0.00 0.00 0.00 0.00 1.00 0.00 1.00 0.00 1.00]
 [0.00 0.00 0.00 1.00 0.00 0.00 0.00 0.00 1.00 0.00]]