#1#
[55.00 136.00]
[10.00 103.00]
[61.00 10.00]
[106.00 41.00]
[152.00 59.00]
[102.00 156.00]
#2#
[[55.00 136.00]
 [10.00 103.00]]
[[10.00 103.00]
 [61.00 10.00]]
[[61.00 10.00]
 [106.00 41.00]]
[[55.00 136.00]
 [106.00 41.00]]
[[106.00 41.00]
 [152.00 59.00]]
[[152.00 59.00]
 [102.00 156.00]]
[[55.00 136.00]
 [102.00 156.00]]
#3#
[[0.00 1.00 0.00 1.00 0.00 1.00]
 [1.00 0.00 1.00 0.00 0.00 0.00]
 [0.00 1.00 0.00 1.00 0.00 0.00]
 [1.00 0.00 1.00 0.00 1.00 0.00]
 [0.00 0.00 0.00 1.00 0.00 1.00]
 [1.00 0.00 0.00 0.00 1.00 0.00]]