#1#
[62.00 19.00]
[119.00 15.00]
[117.00 115.00]
[60.00 121.00]
[10.00 110.00]
[14.00 10.00]
#2#
[[62.00 19.00]
 [119.00 15.00]]
[[119.00 15.00]
 [117.00 115.00]]
[[117.00 115.00]
 [60.00 121.00]]
[[62.00 19.00]
 [60.00 121.00]]
[[60.00 121.00]
 [10.00 110.00]]
[[10.00 110.00]
 [14.00 10.00]]
[[62.00 19.00]
 [14.00 10.00]]
#3#
[[0.00 1.00 0.00 1.00 0.00 1.00]
 [1.00 0.00 1.00 0.00 0.00 0.00]
 [0.00 1.00 0.00 1.00 0.00 0.00]
 [1.00 0.00 1.00 0.00 1.00 0.00]
 [0.00 0.00 0.00 1.00 0.00 1.00]
 [1.00 0.00 0.00 0.00 1.00 0.00]]