#1#
[18.00 67.00]
[152.00 96.00]
[10.00 108.00]
[144.00 136.00]
[164.00 37.00]
[29.00 10.00]
#2#
[[18.00 67.00]
 [152.00 96.00]]
[[18.00 67.00]
 [10.00 108.00]]
[[10.00 108.00]
 [144.00 136.00]]
[[152.00 96.00]
 [144.00 136.00]]
[[152.00 96.00]
 [164.00 37.00]]
[[164.00 37.00]
 [29.00 10.00]]
[[18.00 67.00]
 [29.00 10.00]]
#3#
[[0.00 1.00 1.00 0.00 0.00 1.00]
 [1.00 0.00 0.00 1.00 1.00 0.00]
 [1.00 0.00 0.00 1.00 0.00 0.00]
 [0.00 1.00 1.00 0.00 0.00 0.00]
 [0.00 1.00 0.00 0.00 0.00 1.00]
 [1.00 0.00 0.00 0.00 1.00 0.00]]