#1#
[277.00 39.00]
[226.00 10.00]
[10.00 439.00]
[61.00 470.00]
[331.00 62.00]
[114.00 491.00]
#2#
[[277.00 39.00]
 [226.00 10.00]]
[[226.00 10.00]
 [10.00 439.00]]
[[10.00 439.00]
 [61.00 470.00]]
[[277.00 39.00]
 [331.00 62.00]]
[[331.00 62.00]
 [114.00 491.00]]
[[61.00 470.00]
 [114.00 491.00]]
[[277.00 39.00]
 [61.00 470.00]]
#3#
[[0.00 1.00 0.00 1.00 1.00 0.00]
 [1.00 0.00 1.00 0.00 0.00 0.00]
 [0.00 1.00 0.00 1.00 0.00 0.00]
 [1.00 0.00 1.00 0.00 0.00 1.00]
 [1.00 0.00 0.00 0.00 0.00 1.00]
 [0.00 0.00 0.00 1.00 1.00 0.00]]