#1#
[120.00 44.00]
[57.00 150.00]
[10.00 118.00]
[77.00 10.00]
[125.00 182.00]
[190.00 77.00]
#2#
[[120.00 44.00]
 [57.00 150.00]]
[[57.00 150.00]
 [10.00 118.00]]
[[10.00 118.00]
 [77.00 10.00]]
[[120.00 44.00]
 [77.00 10.00]]
[[57.00 150.00]
 [125.00 182.00]]
[[125.00 182.00]
 [190.00 77.00]]
[[120.00 44.00]
 [190.00 77.00]]
#3#
[[0.00 1.00 0.00 1.00 0.00 1.00]
 [1.00 0.00 1.00 0.00 1.00 0.00]
 [0.00 1.00 0.00 1.00 0.00 0.00]
 [1.00 0.00 1.00 0.00 0.00 0.00]
 [0.00 1.00 0.00 0.00 0.00 1.00]
 [1.00 0.00 0.00 0.00 1.00 0.00]]