#1#
[40.00 64.00]
[10.00 135.00]
[123.00 179.00]
[151.00 109.00]
[173.00 54.00]
[62.00 10.00]
#2#
[[40.00 64.00]
 [10.00 135.00]]
[[10.00 135.00]
 [123.00 179.00]]
[[123.00 179.00]
 [151.00 109.00]]
[[151.00 109.00]
 [173.00 54.00]]
[[173.00 54.00]
 [62.00 10.00]]
[[40.00 64.00]
 [62.00 10.00]]
[[40.00 64.00]
 [151.00 109.00]]
#3#
[[0.00 1.00 0.00 1.00 0.00 1.00]
 [1.00 0.00 1.00 0.00 0.00 0.00]
 [0.00 1.00 0.00 1.00 0.00 0.00]
 [1.00 0.00 1.00 0.00 1.00 0.00]
 [0.00 0.00 0.00 1.00 0.00 1.00]
 [1.00 0.00 0.00 0.00 1.00 0.00]]