#1#
[72.00 15.00]
[121.00 17.00]
[109.00 136.00]
[60.00 132.00]
[10.00 128.00]
[24.00 10.00]
#2#
[[72.00 15.00]
 [121.00 17.00]]
[[121.00 17.00]
 [109.00 136.00]]
[[109.00 136.00]
 [60.00 132.00]]
[[72.00 15.00]
 [60.00 132.00]]
[[60.00 132.00]
 [10.00 128.00]]
[[10.00 128.00]
 [24.00 10.00]]
[[72.00 15.00]
 [24.00 10.00]]
#3#
[[0.00 1.00 0.00 1.00 0.00 1.00]
 [1.00 0.00 1.00 0.00 0.00 0.00]
 [0.00 1.00 0.00 1.00 0.00 0.00]
 [1.00 0.00 1.00 0.00 1.00 0.00]
 [0.00 0.00 0.00 1.00 0.00 1.00]
 [1.00 0.00 0.00 0.00 1.00 0.00]]