#1#
[136.00 26.00]
[87.00 10.00]
[10.00 258.00]
[60.00 274.00]
[113.00 289.00]
[188.00 42.00]
#2#
[[136.00 26.00]
 [87.00 10.00]]
[[87.00 10.00]
 [10.00 258.00]]
[[10.00 258.00]
 [60.00 274.00]]
[[136.00 26.00]
 [60.00 274.00]]
[[60.00 274.00]
 [113.00 289.00]]
[[113.00 289.00]
 [188.00 42.00]]
[[136.00 26.00]
 [188.00 42.00]]
#3#
[[0.00 1.00 0.00 1.00 0.00 1.00]
 [1.00 0.00 1.00 0.00 0.00 0.00]
 [0.00 1.00 0.00 1.00 0.00 0.00]
 [1.00 0.00 1.00 0.00 1.00 0.00]
 [0.00 0.00 0.00 1.00 0.00 1.00]
 [1.00 0.00 0.00 0.00 1.00 0.00]]