#1#
[16.00 85.00]
[141.00 68.00]
[148.00 108.00]
[23.00 126.00]
[10.00 25.00]
[137.00 10.00]
#2#
[[16.00 85.00]
 [141.00 68.00]]
[[141.00 68.00]
 [148.00 108.00]]
[[148.00 108.00]
 [23.00 126.00]]
[[16.00 85.00]
 [23.00 126.00]]
[[16.00 85.00]
 [10.00 25.00]]
[[10.00 25.00]
 [137.00 10.00]]
[[141.00 68.00]
 [137.00 10.00]]
#3#
[[0.00 1.00 0.00 1.00 1.00 0.00]
 [1.00 0.00 1.00 0.00 0.00 1.00]
 [0.00 1.00 0.00 1.00 0.00 0.00]
 [1.00 0.00 1.00 0.00 0.00 0.00]
 [1.00 0.00 0.00 0.00 0.00 1.00]
 [0.00 1.00 0.00 0.00 1.00 0.00]]