#1#
[111.00 34.00]
[52.00 116.00]
[148.00 66.00]
[89.00 148.00]
[10.00 93.00]
[70.00 10.00]
#2#
[[111.00 34.00]
 [52.00 116.00]]
[[111.00 34.00]
 [148.00 66.00]]
[[148.00 66.00]
 [89.00 148.00]]
[[52.00 116.00]
 [89.00 148.00]]
[[52.00 116.00]
 [10.00 93.00]]
[[10.00 93.00]
 [70.00 10.00]]
[[111.00 34.00]
 [70.00 10.00]]
#3#
[[0.00 1.00 1.00 0.00 0.00 1.00]
 [1.00 0.00 0.00 1.00 1.00 0.00]
 [1.00 0.00 0.00 1.00 0.00 0.00]
 [0.00 1.00 1.00 0.00 0.00 0.00]
 [0.00 1.00 0.00 0.00 0.00 1.00]
 [1.00 0.00 0.00 0.00 1.00 0.00]]