#1#
[49.00 10.00]
[88.00 14.00]
[114.00 125.00]
[74.00 123.00]
[36.00 142.00]
[10.00 29.00]
#2#
[[49.00 10.00]
 [88.00 14.00]]
[[88.00 14.00]
 [114.00 125.00]]
[[114.00 125.00]
 [74.00 123.00]]
[[49.00 10.00]
 [74.00 123.00]]
[[74.00 123.00]
 [36.00 142.00]]
[[36.00 142.00]
 [10.00 29.00]]
[[49.00 10.00]
 [10.00 29.00]]
#3#
[[0.00 1.00 0.00 1.00 0.00 1.00]
 [1.00 0.00 1.00 0.00 0.00 0.00]
 [0.00 1.00 0.00 1.00 0.00 0.00]
 [1.00 0.00 1.00 0.00 1.00 0.00]
 [0.00 0.00 0.00 1.00 0.00 1.00]
 [1.00 0.00 0.00 0.00 1.00 0.00]]