#1#
[168.00 37.00]
[221.00 58.00]
[113.00 284.00]
[60.00 266.00]
[10.00 237.00]
[117.00 10.00]
#2#
[[168.00 37.00]
 [221.00 58.00]]
[[221.00 58.00]
 [113.00 284.00]]
[[113.00 284.00]
 [60.00 266.00]]
[[168.00 37.00]
 [60.00 266.00]]
[[60.00 266.00]
 [10.00 237.00]]
[[10.00 237.00]
 [117.00 10.00]]
[[168.00 37.00]
 [117.00 10.00]]
#3#
[[0.00 1.00 0.00 1.00 0.00 1.00]
 [1.00 0.00 1.00 0.00 0.00 0.00]
 [0.00 1.00 0.00 1.00 0.00 0.00]
 [1.00 0.00 1.00 0.00 1.00 0.00]
 [0.00 0.00 0.00 1.00 0.00 1.00]
 [1.00 0.00 0.00 0.00 1.00 0.00]]