#1#
[95.00 27.00]
[156.00 53.00]
[119.00 147.00]
[59.00 123.00]
[10.00 103.00]
[44.00 10.00]
#2#
[[95.00 27.00]
 [156.00 53.00]]
[[156.00 53.00]
 [119.00 147.00]]
[[119.00 147.00]
 [59.00 123.00]]
[[95.00 27.00]
 [59.00 123.00]]
[[59.00 123.00]
 [10.00 103.00]]
[[10.00 103.00]
 [44.00 10.00]]
[[95.00 27.00]
 [44.00 10.00]]
#3#
[[0.00 1.00 0.00 1.00 0.00 1.00]
 [1.00 0.00 1.00 0.00 0.00 0.00]
 [0.00 1.00 0.00 1.00 0.00 0.00]
 [1.00 0.00 1.00 0.00 1.00 0.00]
 [0.00 0.00 0.00 1.00 0.00 1.00]
 [1.00 0.00 0.00 0.00 1.00 0.00]]