#1#
[112.00 99.00]
[137.00 55.00]
[53.00 10.00]
[27.00 55.00]
[10.00 93.00]
[95.00 136.00]
#2#
[[112.00 99.00]
 [137.00 55.00]]
[[137.00 55.00]
 [53.00 10.00]]
[[53.00 10.00]
 [27.00 55.00]]
[[27.00 55.00]
 [10.00 93.00]]
[[10.00 93.00]
 [95.00 136.00]]
[[112.00 99.00]
 [95.00 136.00]]
[[112.00 99.00]
 [27.00 55.00]]
#3#
[[0.00 1.00 0.00 1.00 0.00 1.00]
 [1.00 0.00 1.00 0.00 0.00 0.00]
 [0.00 1.00 0.00 1.00 0.00 0.00]
 [1.00 0.00 1.00 0.00 1.00 0.00]
 [0.00 0.00 0.00 1.00 0.00 1.00]
 [1.00 0.00 0.00 0.00 1.00 0.00]]