#1#
[71.00 10.00]
[10.00 92.00]
[81.00 48.00]
[124.00 48.00]
[51.00 88.00]
[61.00 127.00]
#2#
[[71.00 10.00]
 [10.00 92.00]]
[[71.00 10.00]
 [81.00 48.00]]
[[71.00 10.00]
 [124.00 48.00]]
[[81.00 48.00]
 [124.00 48.00]]
[[81.00 48.00]
 [51.00 88.00]]
[[51.00 88.00]
 [61.00 127.00]]
[[10.00 92.00]
 [51.00 88.00]]
[[124.00 48.00]
 [61.00 127.00]]
[[10.00 92.00]
 [61.00 127.00]]
#3#
[[0.00 1.00 1.00 1.00 0.00 0.00]
 [1.00 0.00 0.00 0.00 1.00 1.00]
 [1.00 0.00 0.00 1.00 1.00 0.00]
 [1.00 0.00 1.00 0.00 0.00 1.00]
 [0.00 1.00 1.00 0.00 0.00 1.00]
 [0.00 1.00 0.00 1.00 1.00 0.00]]