#1#
[27.00 61.00]
[10.00 110.00]
[116.00 149.00]
[134.00 100.00]
[152.00 53.00]
[44.00 10.00]
#2#
[[27.00 61.00]
 [10.00 110.00]]
[[10.00 110.00]
 [116.00 149.00]]
[[116.00 149.00]
 [134.00 100.00]]
[[27.00 61.00]
 [134.00 100.00]]
[[134.00 100.00]
 [152.00 53.00]]
[[152.00 53.00]
 [44.00 10.00]]
[[27.00 61.00]
 [44.00 10.00]]
#3#
[[0.00 1.00 0.00 1.00 0.00 1.00]
 [1.00 0.00 1.00 0.00 0.00 0.00]
 [0.00 1.00 0.00 1.00 0.00 0.00]
 [1.00 0.00 1.00 0.00 1.00 0.00]
 [0.00 0.00 0.00 1.00 0.00 1.00]
 [1.00 0.00 0.00 0.00 1.00 0.00]]