#1#
[62.00 24.00]
[119.00 10.00]
[169.00 138.00]
[113.00 154.00]
[61.00 181.00]
[10.00 52.00]
#2#
[[62.00 24.00]
 [119.00 10.00]]
[[119.00 10.00]
 [169.00 138.00]]
[[169.00 138.00]
 [113.00 154.00]]
[[62.00 24.00]
 [113.00 154.00]]
[[113.00 154.00]
 [61.00 181.00]]
[[61.00 181.00]
 [10.00 52.00]]
[[62.00 24.00]
 [10.00 52.00]]
#3#
[[0.00 1.00 0.00 1.00 0.00 1.00]
 [1.00 0.00 1.00 0.00 0.00 0.00]
 [0.00 1.00 0.00 1.00 0.00 0.00]
 [1.00 0.00 1.00 0.00 1.00 0.00]
 [0.00 0.00 0.00 1.00 0.00 1.00]
 [1.00 0.00 0.00 0.00 1.00 0.00]]