#1#
[147.00 64.00]
[170.00 133.00]
[59.00 178.00]
[33.00 107.00]
[10.00 55.00]
[123.00 10.00]
#2#
[[147.00 64.00]
 [170.00 133.00]]
[[170.00 133.00]
 [59.00 178.00]]
[[59.00 178.00]
 [33.00 107.00]]
[[33.00 107.00]
 [10.00 55.00]]
[[10.00 55.00]
 [123.00 10.00]]
[[147.00 64.00]
 [123.00 10.00]]
[[147.00 64.00]
 [33.00 107.00]]
#3#
[[0.00 1.00 0.00 1.00 0.00 1.00]
 [1.00 0.00 1.00 0.00 0.00 0.00]
 [0.00 1.00 0.00 1.00 0.00 0.00]
 [1.00 0.00 1.00 0.00 1.00 0.00]
 [0.00 0.00 0.00 1.00 0.00 1.00]
 [1.00 0.00 0.00 0.00 1.00 0.00]]