#1#
[70.00 10.00]
[122.00 25.00]
[130.00 133.00]
[76.00 121.00]
[17.00 137.00]
[10.00 30.00]
#2#
[[70.00 10.00]
 [122.00 25.00]]
[[122.00 25.00]
 [130.00 133.00]]
[[130.00 133.00]
 [76.00 121.00]]
[[70.00 10.00]
 [76.00 121.00]]
[[76.00 121.00]
 [17.00 137.00]]
[[17.00 137.00]
 [10.00 30.00]]
[[70.00 10.00]
 [10.00 30.00]]
#3#
[[0.00 1.00 0.00 1.00 0.00 1.00]
 [1.00 0.00 1.00 0.00 0.00 0.00]
 [0.00 1.00 0.00 1.00 0.00 0.00]
 [1.00 0.00 1.00 0.00 1.00 0.00]
 [0.00 0.00 0.00 1.00 0.00 1.00]
 [1.00 0.00 0.00 0.00 1.00 0.00]]