#1#
[39.00 64.00]
[10.00 93.00]
[110.00 162.00]
[138.00 131.00]
[165.00 80.00]
[64.00 10.00]
#2#
[[39.00 64.00]
 [10.00 93.00]]
[[10.00 93.00]
 [110.00 162.00]]
[[110.00 162.00]
 [138.00 131.00]]
[[138.00 131.00]
 [165.00 80.00]]
[[165.00 80.00]
 [64.00 10.00]]
[[39.00 64.00]
 [64.00 10.00]]
[[39.00 64.00]
 [138.00 131.00]]
#3#
[[0.00 1.00 0.00 1.00 0.00 1.00]
 [1.00 0.00 1.00 0.00 0.00 0.00]
 [0.00 1.00 0.00 1.00 0.00 0.00]
 [1.00 0.00 1.00 0.00 1.00 0.00]
 [0.00 0.00 0.00 1.00 0.00 1.00]
 [1.00 0.00 0.00 0.00 1.00 0.00]]