#1#
[159.00 60.00]
[181.00 110.00]
[61.00 169.00]
[34.00 120.00]
[10.00 73.00]
[133.00 10.00]
#2#
[[159.00 60.00]
 [181.00 110.00]]
[[181.00 110.00]
 [61.00 169.00]]
[[61.00 169.00]
 [34.00 120.00]]
[[34.00 120.00]
 [10.00 73.00]]
[[10.00 73.00]
 [133.00 10.00]]
[[159.00 60.00]
 [133.00 10.00]]
[[159.00 60.00]
 [34.00 120.00]]
#3#
[[0.00 1.00 0.00 1.00 0.00 1.00]
 [1.00 0.00 1.00 0.00 0.00 0.00]
 [0.00 1.00 0.00 1.00 0.00 0.00]
 [1.00 0.00 1.00 0.00 1.00 0.00]
 [0.00 0.00 0.00 1.00 0.00 1.00]
 [1.00 0.00 0.00 0.00 1.00 0.00]]