#1#
[85.00 140.00]
[36.00 148.00]
[10.00 30.00]
[63.00 20.00]
[111.00 10.00]
[135.00 130.00]
#2#
[[85.00 140.00]
 [36.00 148.00]]
[[36.00 148.00]
 [10.00 30.00]]
[[10.00 30.00]
 [63.00 20.00]]
[[63.00 20.00]
 [111.00 10.00]]
[[111.00 10.00]
 [135.00 130.00]]
[[85.00 140.00]
 [135.00 130.00]]
[[85.00 140.00]
 [63.00 20.00]]
#3#
[[0.00 1.00 0.00 1.00 0.00 1.00]
 [1.00 0.00 1.00 0.00 0.00 0.00]
 [0.00 1.00 0.00 1.00 0.00 0.00]
 [1.00 0.00 1.00 0.00 1.00 0.00]
 [0.00 0.00 0.00 1.00 0.00 1.00]
 [1.00 0.00 0.00 0.00 1.00 0.00]]