#1#
[36.00 47.00]
[10.00 74.00]
[110.00 161.00]
[137.00 134.00]
[166.00 97.00]
[66.00 10.00]
#2#
[[36.00 47.00]
 [10.00 74.00]]
[[10.00 74.00]
 [110.00 161.00]]
[[110.00 161.00]
 [137.00 134.00]]
[[137.00 134.00]
 [166.00 97.00]]
[[166.00 97.00]
 [66.00 10.00]]
[[36.00 47.00]
 [66.00 10.00]]
[[36.00 47.00]
 [137.00 134.00]]
#3#
[[0.00 1.00 0.00 1.00 0.00 1.00]
 [1.00 0.00 1.00 0.00 0.00 0.00]
 [0.00 1.00 0.00 1.00 0.00 0.00]
 [1.00 0.00 1.00 0.00 1.00 0.00]
 [0.00 0.00 0.00 1.00 0.00 1.00]
 [1.00 0.00 0.00 0.00 1.00 0.00]]