#1#
[10.00 42.00]
[42.00 193.00]
[101.00 106.00]
[157.00 10.00]
[191.00 157.00]
#2#
[[10.00 42.00]
 [42.00 193.00]]
[[42.00 193.00]
 [101.00 106.00]]
[[101.00 106.00]
 [157.00 10.00]]
[[10.00 42.00]
 [157.00 10.00]]
[[10.00 42.00]
 [101.00 106.00]]
[[42.00 193.00]
 [101.00 106.00]]
[[42.00 193.00]
 [191.00 157.00]]
[[101.00 106.00]
 [191.00 157.00]]
[[101.00 106.00]
 [191.00 157.00]]
[[157.00 10.00]
 [191.00 157.00]]
#3#
[[0.00 1.00 1.00 1.00 0.00]
 [1.00 0.00 1.00 0.00 1.00]
 [1.00 1.00 0.00 1.00 1.00]
 [1.00 0.00 1.00 0.00 1.00]
 [0.00 1.00 1.00 1.00 0.00]]