#1#
[130.00 10.00]
[68.00 23.00]
[10.00 17.00]
[14.00 143.00]
[72.00 152.00]
[135.00 138.00]
#2#
[[130.00 10.00]
 [68.00 23.00]]
[[68.00 23.00]
 [10.00 17.00]]
[[10.00 17.00]
 [14.00 143.00]]
[[14.00 143.00]
 [72.00 152.00]]
[[68.00 23.00]
 [72.00 152.00]]
[[72.00 152.00]
 [135.00 138.00]]
[[130.00 10.00]
 [135.00 138.00]]
#3#
[[0.00 1.00 0.00 0.00 0.00 1.00]
 [1.00 0.00 1.00 0.00 1.00 0.00]
 [0.00 1.00 0.00 1.00 0.00 0.00]
 [0.00 0.00 1.00 0.00 1.00 0.00]
 [0.00 1.00 0.00 1.00 0.00 1.00]
 [1.00 0.00 0.00 0.00 1.00 0.00]]