#1#
[120.00 96.00]
[89.00 140.00]
[10.00 72.00]
[42.00 29.00]
[67.00 10.00]
[86.00 28.00]
[99.00 17.00]
[135.00 50.00]
[124.00 61.00]
[142.00 77.00]
#2#
[[120.00 96.00]
 [89.00 140.00]]
[[89.00 140.00]
 [10.00 72.00]]
[[10.00 72.00]
 [42.00 29.00]]
[[120.00 96.00]
 [42.00 29.00]]
[[42.00 29.00]
 [67.00 10.00]]
[[67.00 10.00]
 [86.00 28.00]]
[[86.00 28.00]
 [99.00 17.00]]
[[99.00 17.00]
 [135.00 50.00]]
[[124.00 61.00]
 [135.00 50.00]]
[[124.00 61.00]
 [142.00 77.00]]
[[120.00 96.00]
 [142.00 77.00]]
#3#
[[0.00 1.00 0.00 1.00 0.00 0.00 0.00 0.00 0.00 1.00]
 [1.00 0.00 1.00 0.00 0.00 0.00 0.00 0.00 0.00 0.00]
 [0.00 1.00 0.00 1.00 0.00 0.00 0.00 0.00 0.00 0.00]
 [1.00 0.00 1.00 0.00 1.00 0.00 0.00 0.00 0.00 0.00]
 [0.00 0.00 0.00 1.00 0.00 1.00 0.00 0.00 0.00 0.00]
 [0.00 0.00 0.00 0.00 1.00 0.00 1.00 0.00 0.00 0.00]
 [0.00 0.00 0.00 0.00 0.00 1.00 0.00 1.00 0.00 0.00]
 [0.00 0.00 0.00 0.00 0.00 0.00 1.00 0.00 1.00 0.00]
 [0.00 0.00 0.00 0.00 0.00 0.00 0.00 1.00 0.00 1.00]
 [1.00 0.00 0.00 0.00 0.00 0.00 0.00 0.00 1.00 0.00]]