#1#
[137.00 104.00]
[137.00 10.00]
[12.00 103.00]
[10.00 11.00]
[49.00 50.00]
[102.00 46.00]
#2#
[[137.00 104.00]
 [137.00 10.00]]
[[137.00 104.00]
 [12.00 103.00]]
[[12.00 103.00]
 [10.00 11.00]]
[[12.00 103.00]
 [49.00 50.00]]
[[10.00 11.00]
 [49.00 50.00]]
[[49.00 50.00]
 [102.00 46.00]]
[[137.00 104.00]
 [102.00 46.00]]
[[137.00 10.00]
 [10.00 11.00]]
[[137.00 10.00]
 [102.00 46.00]]
#3#
[[0.00 1.00 1.00 0.00 0.00 1.00]
 [1.00 0.00 0.00 1.00 0.00 1.00]
 [1.00 0.00 0.00 1.00 1.00 0.00]
 [0.00 1.00 1.00 0.00 1.00 0.00]
 [0.00 0.00 1.00 1.00 0.00 1.00]
 [1.00 1.00 0.00 0.00 1.00 0.00]]