#1#
[322.00 233.00]
[351.00 195.00]
[233.00 119.00]
[244.00 102.00]
[96.00 10.00]
[54.00 63.00]
[10.00 142.00]
[279.00 311.00]
#2#
[[322.00 233.00]
 [351.00 195.00]]
[[351.00 195.00]
 [233.00 119.00]]
[[233.00 119.00]
 [244.00 102.00]]
[[244.00 102.00]
 [96.00 10.00]]
[[96.00 10.00]
 [54.00 63.00]]
[[54.00 63.00]
 [10.00 142.00]]
[[10.00 142.00]
 [279.00 311.00]]
[[322.00 233.00]
 [279.00 311.00]]
[[322.00 233.00]
 [54.00 63.00]]
#3#
[[0.00 1.00 0.00 0.00 0.00 1.00 0.00 1.00]
 [1.00 0.00 1.00 0.00 0.00 0.00 0.00 0.00]
 [0.00 1.00 0.00 1.00 0.00 0.00 0.00 0.00]
 [0.00 0.00 1.00 0.00 1.00 0.00 0.00 0.00]
 [0.00 0.00 0.00 1.00 0.00 1.00 0.00 0.00]
 [1.00 0.00 0.00 0.00 1.00 0.00 1.00 0.00]
 [0.00 0.00 0.00 0.00 0.00 1.00 0.00 1.00]
 [1.00 0.00 0.00 0.00 0.00 0.00 1.00 0.00]]