#1#
[56.00 126.00]
[108.00 45.00]
[151.00 66.00]
[98.00 150.00]
[10.00 96.00]
[64.00 10.00]
#2#
[[56.00 126.00]
 [108.00 45.00]]
[[108.00 45.00]
 [151.00 66.00]]
[[151.00 66.00]
 [98.00 150.00]]
[[56.00 126.00]
 [98.00 150.00]]
[[56.00 126.00]
 [10.00 96.00]]
[[10.00 96.00]
 [64.00 10.00]]
[[108.00 45.00]
 [64.00 10.00]]
#3#
[[0.00 1.00 0.00 1.00 1.00 0.00]
 [1.00 0.00 1.00 0.00 0.00 1.00]
 [0.00 1.00 0.00 1.00 0.00 0.00]
 [1.00 0.00 1.00 0.00 0.00 0.00]
 [1.00 0.00 0.00 0.00 0.00 1.00]
 [0.00 1.00 0.00 0.00 1.00 0.00]]