#1#
[136.00 175.00]
[82.00 196.00]
[65.00 156.00]
[43.00 162.00]
[10.00 64.00]
[85.00 38.00]
[161.00 10.00]
[210.00 146.00]
#2#
[[136.00 175.00]
 [82.00 196.00]]
[[82.00 196.00]
 [65.00 156.00]]
[[65.00 156.00]
 [43.00 162.00]]
[[43.00 162.00]
 [10.00 64.00]]
[[10.00 64.00]
 [85.00 38.00]]
[[136.00 175.00]
 [85.00 38.00]]
[[85.00 38.00]
 [161.00 10.00]]
[[161.00 10.00]
 [210.00 146.00]]
[[136.00 175.00]
 [210.00 146.00]]
#3#
[[0.00 1.00 0.00 0.00 0.00 1.00 0.00 1.00]
 [1.00 0.00 1.00 0.00 0.00 0.00 0.00 0.00]
 [0.00 1.00 0.00 1.00 0.00 0.00 0.00 0.00]
 [0.00 0.00 1.00 0.00 1.00 0.00 0.00 0.00]
 [0.00 0.00 0.00 1.00 0.00 1.00 0.00 0.00]
 [1.00 0.00 0.00 0.00 1.00 0.00 1.00 0.00]
 [0.00 0.00 0.00 0.00 0.00 1.00 0.00 1.00]
 [1.00 0.00 0.00 0.00 0.00 0.00 1.00 0.00]]