#1#
[101.00 24.00]
[39.00 10.00]
[10.00 141.00]
[71.00 158.00]
[158.00 36.00]
[129.00 167.00]
#2#
[[101.00 24.00]
 [39.00 10.00]]
[[39.00 10.00]
 [10.00 141.00]]
[[10.00 141.00]
 [71.00 158.00]]
[[101.00 24.00]
 [71.00 158.00]]
[[101.00 24.00]
 [158.00 36.00]]
[[158.00 36.00]
 [129.00 167.00]]
[[71.00 158.00]
 [129.00 167.00]]
#3#
[[0.00 1.00 0.00 1.00 1.00 0.00]
 [1.00 0.00 1.00 0.00 0.00 0.00]
 [0.00 1.00 0.00 1.00 0.00 0.00]
 [1.00 0.00 1.00 0.00 0.00 1.00]
 [1.00 0.00 0.00 0.00 0.00 1.00]
 [0.00 0.00 0.00 1.00 1.00 0.00]]