#1#
[104.00 119.00]
[104.00 99.00]
[181.00 100.00]
[179.00 14.00]
[100.00 10.00]
[100.00 16.00]
[13.00 12.00]
[10.00 120.00]
[18.00 121.00]
[17.00 219.00]
[114.00 218.00]
[116.00 119.00]
#2#
[[104.00 119.00]
 [104.00 99.00]]
[[104.00 99.00]
 [181.00 100.00]]
[[181.00 100.00]
 [179.00 14.00]]
[[179.00 14.00]
 [100.00 10.00]]
[[100.00 10.00]
 [100.00 16.00]]
[[100.00 16.00]
 [13.00 12.00]]
[[13.00 12.00]
 [10.00 120.00]]
[[18.00 121.00]
 [10.00 120.00]]
[[18.00 121.00]
 [17.00 219.00]]
[[17.00 219.00]
 [114.00 218.00]]
[[114.00 218.00]
 [116.00 119.00]]
[[104.00 119.00]
 [116.00 119.00]]
#3#
[[0.00 1.00 0.00 0.00 0.00 0.00 0.00 0.00 0.00 0.00 0.00 1.00]
 [1.00 0.00 1.00 0.00 0.00 0.00 0.00 0.00 0.00 0.00 0.00 0.00]
 [0.00 1.00 0.00 1.00 0.00 0.00 0.00 0.00 0.00 0.00 0.00 0.00]
 [0.00 0.00 1.00 0.00 1.00 0.00 0.00 0.00 0.00 0.00 0.00 0.00]
 [0.00 0.00 0.00 1.00 0.00 1.00 0.00 0.00 0.00 0.00 0.00 0.00]
 [0.00 0.00 0.00 0.00 1.00 0.00 1.00 0.00 0.00 0.00 0.00 0.00]
 [0.00 0.00 0.00 0.00 0.00 1.00 0.00 1.00 0.00 0.00 0.00 0.00]
 [0.00 0.00 0.00 0.00 0.00 0.00 1.00 0.00 1.00 0.00 0.00 0.00]
 [0.00 0.00 0.00 0.00 0.00 0.00 0.00 1.00 0.00 1.00 0.00 0.00]
 [0.00 0.00 0.00 0.00 0.00 0.00 0.00 0.00 1.00 0.00 1.00 0.00]
 [0.00 0.00 0.00 0.00 0.00 0.00 0.00 0.00 0.00 1.00 0.00 1.00]
 [1.00 0.00 0.00 0.00 0.00 0.00 0.00 0.00 0.00 0.00 1.00 0.00]]