#1#
[67.00 10.00]
[10.00 20.00]
[17.00 141.00]
[74.00 131.00]
[126.00 135.00]
[123.00 13.00]
#2#
[[67.00 10.00]
 [10.00 20.00]]
[[10.00 20.00]
 [17.00 141.00]]
[[17.00 141.00]
 [74.00 131.00]]
[[67.00 10.00]
 [74.00 131.00]]
[[74.00 131.00]
 [126.00 135.00]]
[[126.00 135.00]
 [123.00 13.00]]
[[67.00 10.00]
 [123.00 13.00]]
#3#
[[0.00 1.00 0.00 1.00 0.00 1.00]
 [1.00 0.00 1.00 0.00 0.00 0.00]
 [0.00 1.00 0.00 1.00 0.00 0.00]
 [1.00 0.00 1.00 0.00 1.00 0.00]
 [0.00 0.00 0.00 1.00 0.00 1.00]
 [1.00 0.00 0.00 0.00 1.00 0.00]]