#1#
[10.00 66.00]
[10.00 11.00]
[117.00 10.00]
[117.00 64.00]
[117.00 119.00]
[10.00 121.00]
#2#
[[10.00 66.00]
 [10.00 11.00]]
[[10.00 11.00]
 [117.00 10.00]]
[[117.00 10.00]
 [117.00 64.00]]
[[117.00 64.00]
 [117.00 119.00]]
[[117.00 119.00]
 [10.00 121.00]]
[[10.00 66.00]
 [10.00 121.00]]
[[10.00 66.00]
 [117.00 64.00]]
#3#
[[0.00 1.00 0.00 1.00 0.00 1.00]
 [1.00 0.00 1.00 0.00 0.00 0.00]
 [0.00 1.00 0.00 1.00 0.00 0.00]
 [1.00 0.00 1.00 0.00 1.00 0.00]
 [0.00 0.00 0.00 1.00 0.00 1.00]
 [1.00 0.00 0.00 0.00 1.00 0.00]]