#1#
[85.00 31.00]
[93.00 10.00]
[130.00 22.00]
[124.00 45.00]
[104.00 111.00]
[31.00 86.00]
[49.00 19.00]
[85.00 162.00]
[10.00 136.00]
#2#
[[85.00 31.00]
 [93.00 10.00]]
[[93.00 10.00]
 [130.00 22.00]]
[[130.00 22.00]
 [124.00 45.00]]
[[85.00 31.00]
 [124.00 45.00]]
[[124.00 45.00]
 [104.00 111.00]]
[[31.00 86.00]
 [49.00 19.00]]
[[85.00 31.00]
 [49.00 19.00]]
[[104.00 111.00]
 [31.00 86.00]]
[[104.00 111.00]
 [85.00 162.00]]
[[10.00 136.00]
 [85.00 162.00]]
[[10.00 136.00]
 [31.00 86.00]]
#3#
[[0.00 1.00 0.00 1.00 0.00 0.00 1.00 0.00 0.00]
 [1.00 0.00 1.00 0.00 0.00 0.00 0.00 0.00 0.00]
 [0.00 1.00 0.00 1.00 0.00 0.00 0.00 0.00 0.00]
 [1.00 0.00 1.00 0.00 1.00 0.00 0.00 0.00 0.00]
 [0.00 0.00 0.00 1.00 0.00 1.00 0.00 1.00 0.00]
 [0.00 0.00 0.00 0.00 1.00 0.00 1.00 0.00 1.00]
 [1.00 0.00 0.00 0.00 0.00 1.00 0.00 0.00 0.00]
 [0.00 0.00 0.00 0.00 1.00 0.00 0.00 0.00 1.00]
 [0.00 0.00 0.00 0.00 0.00 1.00 0.00 1.00 0.00]]