#1#
[122.00 139.00]
[172.00 108.00]
[106.00 10.00]
[58.00 41.00]
[10.00 73.00]
[76.00 169.00]
#2#
[[122.00 139.00]
 [172.00 108.00]]
[[172.00 108.00]
 [106.00 10.00]]
[[106.00 10.00]
 [58.00 41.00]]
[[58.00 41.00]
 [10.00 73.00]]
[[10.00 73.00]
 [76.00 169.00]]
[[122.00 139.00]
 [76.00 169.00]]
[[122.00 139.00]
 [58.00 41.00]]
#3#
[[0.00 1.00 0.00 1.00 0.00 1.00]
 [1.00 0.00 1.00 0.00 0.00 0.00]
 [0.00 1.00 0.00 1.00 0.00 0.00]
 [1.00 0.00 1.00 0.00 1.00 0.00]
 [0.00 0.00 0.00 1.00 0.00 1.00]
 [1.00 0.00 0.00 0.00 1.00 0.00]]