#1#
[66.00 376.00]
[10.00 349.00]
[162.00 10.00]
[217.00 38.00]
[274.00 60.00]
[122.00 398.00]
#2#
[[66.00 376.00]
 [10.00 349.00]]
[[10.00 349.00]
 [162.00 10.00]]
[[162.00 10.00]
 [217.00 38.00]]
[[66.00 376.00]
 [217.00 38.00]]
[[217.00 38.00]
 [274.00 60.00]]
[[274.00 60.00]
 [122.00 398.00]]
[[66.00 376.00]
 [122.00 398.00]]
#3#
[[0.00 1.00 0.00 1.00 0.00 1.00]
 [1.00 0.00 1.00 0.00 0.00 0.00]
 [0.00 1.00 0.00 1.00 0.00 0.00]
 [1.00 0.00 1.00 0.00 1.00 0.00]
 [0.00 0.00 0.00 1.00 0.00 1.00]
 [1.00 0.00 0.00 0.00 1.00 0.00]]