#1#
[50.00 41.00]
[73.00 10.00]
[196.00 95.00]
[174.00 127.00]
[10.00 103.00]
[132.00 185.00]
#2#
[[50.00 41.00]
 [73.00 10.00]]
[[73.00 10.00]
 [196.00 95.00]]
[[196.00 95.00]
 [174.00 127.00]]
[[50.00 41.00]
 [174.00 127.00]]
[[50.00 41.00]
 [10.00 103.00]]
[[10.00 103.00]
 [132.00 185.00]]
[[174.00 127.00]
 [132.00 185.00]]
#3#
[[0.00 1.00 0.00 1.00 1.00 0.00]
 [1.00 0.00 1.00 0.00 0.00 0.00]
 [0.00 1.00 0.00 1.00 0.00 0.00]
 [1.00 0.00 1.00 0.00 0.00 1.00]
 [1.00 0.00 0.00 0.00 0.00 1.00]
 [0.00 0.00 0.00 1.00 1.00 0.00]]