#1#
[66.00 11.00]
[95.00 168.00]
[10.00 30.00]
[39.00 185.00]
[148.00 166.00]
[120.00 10.00]
[137.00 401.00]
[82.00 417.00]
[191.00 399.00]
#2#
[[66.00 11.00]
 [95.00 168.00]]
[[66.00 11.00]
 [10.00 30.00]]
[[10.00 30.00]
 [39.00 185.00]]
[[148.00 166.00]
 [120.00 10.00]]
[[66.00 11.00]
 [120.00 10.00]]
[[95.00 168.00]
 [148.00 166.00]]
[[95.00 168.00]
 [39.00 185.00]]
[[95.00 168.00]
 [137.00 401.00]]
[[39.00 185.00]
 [82.00 417.00]]
[[137.00 401.00]
 [82.00 417.00]]
[[191.00 399.00]
 [137.00 401.00]]
[[191.00 399.00]
 [148.00 166.00]]
#3#
[[0.00 1.00 1.00 0.00 0.00 1.00 0.00 0.00 0.00]
 [1.00 0.00 0.00 1.00 1.00 0.00 1.00 0.00 0.00]
 [1.00 0.00 0.00 1.00 0.00 0.00 0.00 0.00 0.00]
 [0.00 1.00 1.00 0.00 0.00 0.00 0.00 1.00 0.00]
 [0.00 1.00 0.00 0.00 0.00 1.00 0.00 0.00 1.00]
 [1.00 0.00 0.00 0.00 1.00 0.00 0.00 0.00 0.00]
 [0.00 1.00 0.00 0.00 0.00 0.00 0.00 1.00 1.00]
 [0.00 0.00 0.00 1.00 0.00 0.00 1.00 0.00 0.00]
 [0.00 0.00 0.00 0.00 1.00 0.00 1.00 0.00 0.00]]