#1#
[16.00 66.00]
[10.00 118.00]
[265.00 150.00]
[273.00 97.00]
[280.00 43.00]
[24.00 10.00]
#2#
[[16.00 66.00]
 [10.00 118.00]]
[[10.00 118.00]
 [265.00 150.00]]
[[265.00 150.00]
 [273.00 97.00]]
[[273.00 97.00]
 [280.00 43.00]]
[[280.00 43.00]
 [24.00 10.00]]
[[16.00 66.00]
 [24.00 10.00]]
[[16.00 66.00]
 [273.00 97.00]]
#3#
[[0.00 1.00 0.00 1.00 0.00 1.00]
 [1.00 0.00 1.00 0.00 0.00 0.00]
 [0.00 1.00 0.00 1.00 0.00 0.00]
 [1.00 0.00 1.00 0.00 1.00 0.00]
 [0.00 0.00 0.00 1.00 0.00 1.00]
 [1.00 0.00 0.00 0.00 1.00 0.00]]