#1#
[61.00 21.00]
[10.00 37.00]
[46.00 162.00]
[93.00 147.00]
[146.00 136.00]
[113.00 10.00]
#2#
[[61.00 21.00]
 [10.00 37.00]]
[[10.00 37.00]
 [46.00 162.00]]
[[46.00 162.00]
 [93.00 147.00]]
[[61.00 21.00]
 [93.00 147.00]]
[[93.00 147.00]
 [146.00 136.00]]
[[146.00 136.00]
 [113.00 10.00]]
[[61.00 21.00]
 [113.00 10.00]]
#3#
[[0.00 1.00 0.00 1.00 0.00 1.00]
 [1.00 0.00 1.00 0.00 0.00 0.00]
 [0.00 1.00 0.00 1.00 0.00 0.00]
 [1.00 0.00 1.00 0.00 1.00 0.00]
 [0.00 0.00 0.00 1.00 0.00 1.00]
 [1.00 0.00 0.00 0.00 1.00 0.00]]