#1#
[164.00 120.00]
[142.00 179.00]
[10.00 126.00]
[33.00 67.00]
[189.00 63.00]
[58.00 10.00]
#2#
[[164.00 120.00]
 [142.00 179.00]]
[[142.00 179.00]
 [10.00 126.00]]
[[10.00 126.00]
 [33.00 67.00]]
[[164.00 120.00]
 [33.00 67.00]]
[[164.00 120.00]
 [189.00 63.00]]
[[189.00 63.00]
 [58.00 10.00]]
[[33.00 67.00]
 [58.00 10.00]]
#3#
[[0.00 1.00 0.00 1.00 1.00 0.00]
 [1.00 0.00 1.00 0.00 0.00 0.00]
 [0.00 1.00 0.00 1.00 0.00 0.00]
 [1.00 0.00 1.00 0.00 0.00 1.00]
 [1.00 0.00 0.00 0.00 0.00 1.00]
 [0.00 0.00 0.00 1.00 1.00 0.00]]