#1#
[55.00 44.00]
[10.00 67.00]
[78.00 164.00]
[120.00 141.00]
[165.00 107.00]
[98.00 10.00]
#2#
[[55.00 44.00]
 [10.00 67.00]]
[[10.00 67.00]
 [78.00 164.00]]
[[78.00 164.00]
 [120.00 141.00]]
[[55.00 44.00]
 [120.00 141.00]]
[[120.00 141.00]
 [165.00 107.00]]
[[165.00 107.00]
 [98.00 10.00]]
[[55.00 44.00]
 [98.00 10.00]]
#3#
[[0.00 1.00 0.00 1.00 0.00 1.00]
 [1.00 0.00 1.00 0.00 0.00 0.00]
 [0.00 1.00 0.00 1.00 0.00 0.00]
 [1.00 0.00 1.00 0.00 1.00 0.00]
 [0.00 0.00 0.00 1.00 0.00 1.00]
 [1.00 0.00 0.00 0.00 1.00 0.00]]