#1#
[47.00 125.00]
[84.00 157.00]
[158.00 77.00]
[122.00 44.00]
[84.00 10.00]
[10.00 90.00]
#2#
[[47.00 125.00]
 [84.00 157.00]]
[[84.00 157.00]
 [158.00 77.00]]
[[158.00 77.00]
 [122.00 44.00]]
[[122.00 44.00]
 [84.00 10.00]]
[[84.00 10.00]
 [10.00 90.00]]
[[47.00 125.00]
 [10.00 90.00]]
[[47.00 125.00]
 [122.00 44.00]]
#3#
[[0.00 1.00 0.00 1.00 0.00 1.00]
 [1.00 0.00 1.00 0.00 0.00 0.00]
 [0.00 1.00 0.00 1.00 0.00 0.00]
 [1.00 0.00 1.00 0.00 1.00 0.00]
 [0.00 0.00 0.00 1.00 0.00 1.00]
 [1.00 0.00 0.00 0.00 1.00 0.00]]