#1#
[61.00 279.00]
[184.00 45.00]
[233.00 71.00]
[113.00 300.00]
[10.00 245.00]
[62.00 148.00]
[49.00 141.00]
[118.00 10.00]
#2#
[[61.00 279.00]
 [184.00 45.00]]
[[184.00 45.00]
 [233.00 71.00]]
[[233.00 71.00]
 [113.00 300.00]]
[[61.00 279.00]
 [113.00 300.00]]
[[61.00 279.00]
 [10.00 245.00]]
[[10.00 245.00]
 [62.00 148.00]]
[[62.00 148.00]
 [49.00 141.00]]
[[49.00 141.00]
 [118.00 10.00]]
[[184.00 45.00]
 [118.00 10.00]]
#3#
[[0.00 1.00 0.00 1.00 1.00 0.00 0.00 0.00]
 [1.00 0.00 1.00 0.00 0.00 0.00 0.00 1.00]
 [0.00 1.00 0.00 1.00 0.00 0.00 0.00 0.00]
 [1.00 0.00 1.00 0.00 0.00 0.00 0.00 0.00]
 [1.00 0.00 0.00 0.00 0.00 1.00 0.00 0.00]
 [0.00 0.00 0.00 0.00 1.00 0.00 1.00 0.00]
 [0.00 0.00 0.00 0.00 0.00 1.00 0.00 1.00]
 [0.00 1.00 0.00 0.00 0.00 0.00 1.00 0.00]]