#1#
[130.00 65.00]
[112.00 10.00]
[10.00 47.00]
[31.00 101.00]
[151.00 121.00]
[51.00 155.00]
#2#
[[130.00 65.00]
 [112.00 10.00]]
[[112.00 10.00]
 [10.00 47.00]]
[[10.00 47.00]
 [31.00 101.00]]
[[130.00 65.00]
 [31.00 101.00]]
[[130.00 65.00]
 [151.00 121.00]]
[[151.00 121.00]
 [51.00 155.00]]
[[31.00 101.00]
 [51.00 155.00]]
#3#
[[0.00 1.00 0.00 1.00 1.00 0.00]
 [1.00 0.00 1.00 0.00 0.00 0.00]
 [0.00 1.00 0.00 1.00 0.00 0.00]
 [1.00 0.00 1.00 0.00 0.00 1.00]
 [1.00 0.00 0.00 0.00 0.00 1.00]
 [0.00 0.00 0.00 1.00 1.00 0.00]]