#1#
[59.00 20.00]
[10.00 37.00]
[43.00 151.00]
[90.00 136.00]
[142.00 126.00]
[112.00 10.00]
#2#
[[59.00 20.00]
 [10.00 37.00]]
[[10.00 37.00]
 [43.00 151.00]]
[[43.00 151.00]
 [90.00 136.00]]
[[59.00 20.00]
 [90.00 136.00]]
[[90.00 136.00]
 [142.00 126.00]]
[[142.00 126.00]
 [112.00 10.00]]
[[59.00 20.00]
 [112.00 10.00]]
#3#
[[0.00 1.00 0.00 1.00 0.00 1.00]
 [1.00 0.00 1.00 0.00 0.00 0.00]
 [0.00 1.00 0.00 1.00 0.00 0.00]
 [1.00 0.00 1.00 0.00 1.00 0.00]
 [0.00 0.00 0.00 1.00 0.00 1.00]
 [1.00 0.00 0.00 0.00 1.00 0.00]]