#1#
[13.00 63.00]
[123.00 54.00]
[129.00 111.00]
[20.00 121.00]
[10.00 19.00]
[121.00 10.00]
#2#
[[13.00 63.00]
 [123.00 54.00]]
[[123.00 54.00]
 [129.00 111.00]]
[[129.00 111.00]
 [20.00 121.00]]
[[13.00 63.00]
 [20.00 121.00]]
[[13.00 63.00]
 [10.00 19.00]]
[[10.00 19.00]
 [121.00 10.00]]
[[123.00 54.00]
 [121.00 10.00]]
#3#
[[0.00 1.00 0.00 1.00 1.00 0.00]
 [1.00 0.00 1.00 0.00 0.00 1.00]
 [0.00 1.00 0.00 1.00 0.00 0.00]
 [1.00 0.00 1.00 0.00 0.00 0.00]
 [1.00 0.00 0.00 0.00 0.00 1.00]
 [0.00 1.00 0.00 0.00 1.00 0.00]]