#1#
[59.00 24.00]
[10.00 43.00]
[39.00 142.00]
[89.00 126.00]
[146.00 111.00]
[118.00 10.00]
#2#
[[59.00 24.00]
 [10.00 43.00]]
[[10.00 43.00]
 [39.00 142.00]]
[[39.00 142.00]
 [89.00 126.00]]
[[59.00 24.00]
 [89.00 126.00]]
[[89.00 126.00]
 [146.00 111.00]]
[[146.00 111.00]
 [118.00 10.00]]
[[59.00 24.00]
 [118.00 10.00]]
#3#
[[0.00 1.00 0.00 1.00 0.00 1.00]
 [1.00 0.00 1.00 0.00 0.00 0.00]
 [0.00 1.00 0.00 1.00 0.00 0.00]
 [1.00 0.00 1.00 0.00 1.00 0.00]
 [0.00 0.00 0.00 1.00 0.00 1.00]
 [1.00 0.00 0.00 0.00 1.00 0.00]]