#1#
[14.00 65.00]
[156.00 55.00]
[159.00 122.00]
[19.00 136.00]
[10.00 21.00]
[153.00 10.00]
#2#
[[14.00 65.00]
 [156.00 55.00]]
[[156.00 55.00]
 [159.00 122.00]]
[[159.00 122.00]
 [19.00 136.00]]
[[14.00 65.00]
 [19.00 136.00]]
[[14.00 65.00]
 [10.00 21.00]]
[[10.00 21.00]
 [153.00 10.00]]
[[156.00 55.00]
 [153.00 10.00]]
#3#
[[0.00 1.00 0.00 1.00 1.00 0.00]
 [1.00 0.00 1.00 0.00 0.00 1.00]
 [0.00 1.00 0.00 1.00 0.00 0.00]
 [1.00 0.00 1.00 0.00 0.00 0.00]
 [1.00 0.00 0.00 0.00 0.00 1.00]
 [0.00 1.00 0.00 0.00 1.00 0.00]]