#1#
[10.00 71.00]
[16.00 10.00]
[144.00 18.00]
[141.00 77.00]
[138.00 129.00]
[11.00 125.00]
#2#
[[10.00 71.00]
 [16.00 10.00]]
[[16.00 10.00]
 [144.00 18.00]]
[[144.00 18.00]
 [141.00 77.00]]
[[10.00 71.00]
 [141.00 77.00]]
[[141.00 77.00]
 [138.00 129.00]]
[[138.00 129.00]
 [11.00 125.00]]
[[10.00 71.00]
 [11.00 125.00]]
#3#
[[0.00 1.00 0.00 1.00 0.00 1.00]
 [1.00 0.00 1.00 0.00 0.00 0.00]
 [0.00 1.00 0.00 1.00 0.00 0.00]
 [1.00 0.00 1.00 0.00 1.00 0.00]
 [0.00 0.00 0.00 1.00 0.00 1.00]
 [1.00 0.00 0.00 0.00 1.00 0.00]]