#1#
[140.00 55.00]
[151.00 75.00]
[166.00 104.00]
[252.00 59.00]
[227.00 10.00]
[175.00 120.00]
[57.00 183.00]
[32.00 136.00]
[10.00 96.00]
[130.00 34.00]
#2#
[[140.00 55.00]
 [151.00 75.00]]
[[151.00 75.00]
 [166.00 104.00]]
[[166.00 104.00]
 [252.00 59.00]]
[[252.00 59.00]
 [227.00 10.00]]
[[140.00 55.00]
 [227.00 10.00]]
[[166.00 104.00]
 [175.00 120.00]]
[[175.00 120.00]
 [57.00 183.00]]
[[57.00 183.00]
 [32.00 136.00]]
[[10.00 96.00]
 [32.00 136.00]]
[[10.00 96.00]
 [130.00 34.00]]
[[140.00 55.00]
 [130.00 34.00]]
[[151.00 75.00]
 [32.00 136.00]]
#3#
[[0.00 1.00 0.00 0.00 1.00 0.00 0.00 0.00 0.00 1.00]
 [1.00 0.00 1.00 0.00 0.00 0.00 0.00 1.00 0.00 0.00]
 [0.00 1.00 0.00 1.00 0.00 1.00 0.00 0.00 0.00 0.00]
 [0.00 0.00 1.00 0.00 1.00 0.00 0.00 0.00 0.00 0.00]
 [1.00 0.00 0.00 1.00 0.00 0.00 0.00 0.00 0.00 0.00]
 [0.00 0.00 1.00 0.00 0.00 0.00 1.00 0.00 0.00 0.00]
 [0.00 0.00 0.00 0.00 0.00 1.00 0.00 1.00 0.00 0.00]
 [0.00 1.00 0.00 0.00 0.00 0.00 1.00 0.00 1.00 0.00]
 [0.00 0.00 0.00 0.00 0.00 0.00 0.00 1.00 0.00 1.00]
 [1.00 0.00 0.00 0.00 0.00 0.00 0.00 0.00 1.00 0.00]]