#1#
[23.00 63.00]
[10.00 56.00]
[36.00 10.00]
[48.00 19.00]
[60.00 24.00]
[35.00 68.00]
#2#
[[23.00 63.00]
 [10.00 56.00]]
[[10.00 56.00]
 [36.00 10.00]]
[[36.00 10.00]
 [48.00 19.00]]
[[23.00 63.00]
 [48.00 19.00]]
[[48.00 19.00]
 [60.00 24.00]]
[[60.00 24.00]
 [35.00 68.00]]
[[23.00 63.00]
 [35.00 68.00]]
#3#
[[0.00 1.00 0.00 1.00 0.00 1.00]
 [1.00 0.00 1.00 0.00 0.00 0.00]
 [0.00 1.00 0.00 1.00 0.00 0.00]
 [1.00 0.00 1.00 0.00 1.00 0.00]
 [0.00 0.00 0.00 1.00 0.00 1.00]
 [1.00 0.00 0.00 0.00 1.00 0.00]]