#1#
[10.00 113.00]
[123.00 114.00]
[124.00 51.00]
[11.00 47.00]
[12.00 10.00]
[127.00 11.00]
#2#
[[10.00 113.00]
 [123.00 114.00]]
[[123.00 114.00]
 [124.00 51.00]]
[[124.00 51.00]
 [11.00 47.00]]
[[10.00 113.00]
 [11.00 47.00]]
[[11.00 47.00]
 [12.00 10.00]]
[[12.00 10.00]
 [127.00 11.00]]
[[124.00 51.00]
 [127.00 11.00]]
#3#
[[0.00 1.00 0.00 1.00 0.00 0.00]
 [1.00 0.00 1.00 0.00 0.00 0.00]
 [0.00 1.00 0.00 1.00 0.00 1.00]
 [1.00 0.00 1.00 0.00 1.00 0.00]
 [0.00 0.00 0.00 1.00 0.00 1.00]
 [0.00 0.00 1.00 0.00 1.00 0.00]]