#1#
[75.00 40.00]
[51.00 58.00]
[58.00 70.00]
[75.00 68.00]
[83.00 54.00]
[141.00 66.00]
[168.00 91.00]
[66.00 161.00]
[40.00 133.00]
[10.00 77.00]
[112.00 10.00]
#2#
[[75.00 40.00]
 [51.00 58.00]]
[[51.00 58.00]
 [58.00 70.00]]
[[58.00 70.00]
 [75.00 68.00]]
[[75.00 68.00]
 [83.00 54.00]]
[[75.00 40.00]
 [83.00 54.00]]
[[141.00 66.00]
 [168.00 91.00]]
[[168.00 91.00]
 [66.00 161.00]]
[[40.00 133.00]
 [66.00 161.00]]
[[40.00 133.00]
 [10.00 77.00]]
[[10.00 77.00]
 [112.00 10.00]]
[[112.00 10.00]
 [141.00 66.00]]
[[40.00 133.00]
 [141.00 66.00]]
#3#
[[0.00 1.00 0.00 0.00 1.00 0.00 0.00 0.00 0.00 0.00 0.00]
 [1.00 0.00 1.00 0.00 0.00 0.00 0.00 0.00 0.00 0.00 0.00]
 [0.00 1.00 0.00 1.00 0.00 0.00 0.00 0.00 0.00 0.00 0.00]
 [0.00 0.00 1.00 0.00 1.00 0.00 0.00 0.00 0.00 0.00 0.00]
 [1.00 0.00 0.00 1.00 0.00 0.00 0.00 0.00 0.00 0.00 0.00]
 [0.00 0.00 0.00 0.00 0.00 0.00 1.00 0.00 1.00 0.00 1.00]
 [0.00 0.00 0.00 0.00 0.00 1.00 0.00 1.00 0.00 0.00 0.00]
 [0.00 0.00 0.00 0.00 0.00 0.00 1.00 0.00 1.00 0.00 0.00]
 [0.00 0.00 0.00 0.00 0.00 1.00 0.00 1.00 0.00 1.00 0.00]
 [0.00 0.00 0.00 0.00 0.00 0.00 0.00 0.00 1.00 0.00 1.00]
 [0.00 0.00 0.00 0.00 0.00 1.00 0.00 0.00 0.00 1.00 0.00]]