#1#
[81.00 23.00]
[130.00 26.00]
[110.00 137.00]
[78.00 134.00]
[61.00 132.00]
[45.00 128.00]
[43.00 144.00]
[10.00 136.00]
[33.00 10.00]
[76.00 148.00]
#2#
[[81.00 23.00]
 [130.00 26.00]]
[[130.00 26.00]
 [110.00 137.00]]
[[110.00 137.00]
 [78.00 134.00]]
[[81.00 23.00]
 [61.00 132.00]]
[[61.00 132.00]
 [45.00 128.00]]
[[45.00 128.00]
 [43.00 144.00]]
[[78.00 134.00]
 [61.00 132.00]]
[[43.00 144.00]
 [10.00 136.00]]
[[33.00 10.00]
 [10.00 136.00]]
[[33.00 10.00]
 [81.00 23.00]]
[[76.00 148.00]
 [43.00 144.00]]
[[76.00 148.00]
 [78.00 134.00]]
#3#
[[0.00 1.00 0.00 0.00 1.00 0.00 0.00 0.00 1.00 0.00]
 [1.00 0.00 1.00 0.00 0.00 0.00 0.00 0.00 0.00 0.00]
 [0.00 1.00 0.00 1.00 0.00 0.00 0.00 0.00 0.00 0.00]
 [0.00 0.00 1.00 0.00 1.00 0.00 0.00 0.00 0.00 1.00]
 [1.00 0.00 0.00 1.00 0.00 1.00 0.00 0.00 0.00 0.00]
 [0.00 0.00 0.00 0.00 1.00 0.00 1.00 0.00 0.00 0.00]
 [0.00 0.00 0.00 0.00 0.00 1.00 0.00 1.00 0.00 1.00]
 [0.00 0.00 0.00 0.00 0.00 0.00 1.00 0.00 1.00 0.00]
 [1.00 0.00 0.00 0.00 0.00 0.00 0.00 1.00 0.00 0.00]
 [0.00 0.00 0.00 1.00 0.00 0.00 1.00 0.00 0.00 0.00]]