#1#
[68.00 160.00]
[10.00 149.00]
[45.00 10.00]
[103.00 25.00]
[161.00 39.00]
[128.00 173.00]
#2#
[[68.00 160.00]
 [10.00 149.00]]
[[10.00 149.00]
 [45.00 10.00]]
[[45.00 10.00]
 [103.00 25.00]]
[[68.00 160.00]
 [103.00 25.00]]
[[103.00 25.00]
 [161.00 39.00]]
[[161.00 39.00]
 [128.00 173.00]]
[[68.00 160.00]
 [128.00 173.00]]
#3#
[[0.00 1.00 0.00 1.00 0.00 1.00]
 [1.00 0.00 1.00 0.00 0.00 0.00]
 [0.00 1.00 0.00 1.00 0.00 0.00]
 [1.00 0.00 1.00 0.00 1.00 0.00]
 [0.00 0.00 0.00 1.00 0.00 1.00]
 [1.00 0.00 0.00 0.00 1.00 0.00]]