#1#
[130.00 118.00]
[92.00 159.00]
[65.00 126.00]
[49.00 143.00]
[10.00 98.00]
[62.00 38.00]
[166.00 96.00]
[136.00 67.00]
[151.00 56.00]
[114.00 10.00]
#2#
[[130.00 118.00]
 [92.00 159.00]]
[[92.00 159.00]
 [65.00 126.00]]
[[65.00 126.00]
 [49.00 143.00]]
[[49.00 143.00]
 [10.00 98.00]]
[[10.00 98.00]
 [62.00 38.00]]
[[130.00 118.00]
 [166.00 96.00]]
[[166.00 96.00]
 [136.00 67.00]]
[[151.00 56.00]
 [136.00 67.00]]
[[151.00 56.00]
 [114.00 10.00]]
[[114.00 10.00]
 [62.00 38.00]]
[[130.00 118.00]
 [62.00 38.00]]
#3#
[[0.00 1.00 0.00 0.00 0.00 1.00 1.00 0.00 0.00 0.00]
 [1.00 0.00 1.00 0.00 0.00 0.00 0.00 0.00 0.00 0.00]
 [0.00 1.00 0.00 1.00 0.00 0.00 0.00 0.00 0.00 0.00]
 [0.00 0.00 1.00 0.00 1.00 0.00 0.00 0.00 0.00 0.00]
 [0.00 0.00 0.00 1.00 0.00 1.00 0.00 0.00 0.00 0.00]
 [1.00 0.00 0.00 0.00 1.00 0.00 0.00 0.00 0.00 1.00]
 [1.00 0.00 0.00 0.00 0.00 0.00 0.00 1.00 0.00 0.00]
 [0.00 0.00 0.00 0.00 0.00 0.00 1.00 0.00 1.00 0.00]
 [0.00 0.00 0.00 0.00 0.00 0.00 0.00 1.00 0.00 1.00]
 [0.00 0.00 0.00 0.00 0.00 1.00 0.00 0.00 1.00 0.00]]