#1#
[52.00 38.00]
[10.00 72.00]
[90.00 155.00]
[131.00 121.00]
[158.00 90.00]
[81.00 10.00]
#2#
[[52.00 38.00]
 [10.00 72.00]]
[[10.00 72.00]
 [90.00 155.00]]
[[90.00 155.00]
 [131.00 121.00]]
[[52.00 38.00]
 [131.00 121.00]]
[[131.00 121.00]
 [158.00 90.00]]
[[158.00 90.00]
 [81.00 10.00]]
[[52.00 38.00]
 [81.00 10.00]]
#3#
[[0.00 1.00 0.00 1.00 0.00 1.00]
 [1.00 0.00 1.00 0.00 0.00 0.00]
 [0.00 1.00 0.00 1.00 0.00 0.00]
 [1.00 0.00 1.00 0.00 1.00 0.00]
 [0.00 0.00 0.00 1.00 0.00 1.00]
 [1.00 0.00 0.00 0.00 1.00 0.00]]