#1#
[16.00 123.00]
[161.00 117.00]
[157.00 75.00]
[12.00 83.00]
[10.00 18.00]
[156.00 10.00]
#2#
[[16.00 123.00]
 [161.00 117.00]]
[[161.00 117.00]
 [157.00 75.00]]
[[157.00 75.00]
 [12.00 83.00]]
[[16.00 123.00]
 [12.00 83.00]]
[[12.00 83.00]
 [10.00 18.00]]
[[10.00 18.00]
 [156.00 10.00]]
[[157.00 75.00]
 [156.00 10.00]]
#3#
[[0.00 1.00 0.00 1.00 0.00 0.00]
 [1.00 0.00 1.00 0.00 0.00 0.00]
 [0.00 1.00 0.00 1.00 0.00 1.00]
 [1.00 0.00 1.00 0.00 1.00 0.00]
 [0.00 0.00 0.00 1.00 0.00 1.00]
 [0.00 0.00 1.00 0.00 1.00 0.00]]