#1#
[125.00 161.00]
[10.00 99.00]
[174.00 74.00]
[62.00 62.00]
[124.00 96.00]
[59.00 10.00]
#2#
[[125.00 161.00]
 [10.00 99.00]]
[[125.00 161.00]
 [174.00 74.00]]
[[10.00 99.00]
 [62.00 62.00]]
[[125.00 161.00]
 [124.00 96.00]]
[[174.00 74.00]
 [124.00 96.00]]
[[174.00 74.00]
 [59.00 10.00]]
[[62.00 62.00]
 [124.00 96.00]]
[[10.00 99.00]
 [59.00 10.00]]
[[62.00 62.00]
 [59.00 10.00]]
#3#
[[0.00 1.00 1.00 0.00 1.00 0.00]
 [1.00 0.00 0.00 1.00 0.00 1.00]
 [1.00 0.00 0.00 0.00 1.00 1.00]
 [0.00 1.00 0.00 0.00 1.00 1.00]
 [1.00 0.00 1.00 1.00 0.00 0.00]
 [0.00 1.00 1.00 1.00 0.00 0.00]]