#1#
[134.00 77.00]
[167.00 111.00]
[77.00 169.00]
[45.00 138.00]
[10.00 72.00]
[99.00 10.00]
#2#
[[134.00 77.00]
 [167.00 111.00]]
[[167.00 111.00]
 [77.00 169.00]]
[[77.00 169.00]
 [45.00 138.00]]
[[134.00 77.00]
 [45.00 138.00]]
[[45.00 138.00]
 [10.00 72.00]]
[[10.00 72.00]
 [99.00 10.00]]
[[134.00 77.00]
 [99.00 10.00]]
#3#
[[0.00 1.00 0.00 1.00 0.00 1.00]
 [1.00 0.00 1.00 0.00 0.00 0.00]
 [0.00 1.00 0.00 1.00 0.00 0.00]
 [1.00 0.00 1.00 0.00 1.00 0.00]
 [0.00 0.00 0.00 1.00 0.00 1.00]
 [1.00 0.00 0.00 0.00 1.00 0.00]]