#1#
[16.00 55.00]
[14.00 10.00]
[170.00 17.00]
[172.00 64.00]
[10.00 92.00]
[166.00 102.00]
#2#
[[16.00 55.00]
 [14.00 10.00]]
[[14.00 10.00]
 [170.00 17.00]]
[[170.00 17.00]
 [172.00 64.00]]
[[16.00 55.00]
 [10.00 92.00]]
[[10.00 92.00]
 [166.00 102.00]]
[[172.00 64.00]
 [166.00 102.00]]
[[16.00 55.00]
 [172.00 64.00]]
#3#
[[0.00 1.00 0.00 1.00 1.00 0.00]
 [1.00 0.00 1.00 0.00 0.00 0.00]
 [0.00 1.00 0.00 1.00 0.00 0.00]
 [1.00 0.00 1.00 0.00 0.00 1.00]
 [1.00 0.00 0.00 0.00 0.00 1.00]
 [0.00 0.00 0.00 1.00 1.00 0.00]]