#1#
[121.00 139.00]
[165.00 108.00]
[99.00 10.00]
[55.00 41.00]
[10.00 71.00]
[76.00 171.00]
#2#
[[121.00 139.00]
 [165.00 108.00]]
[[165.00 108.00]
 [99.00 10.00]]
[[99.00 10.00]
 [55.00 41.00]]
[[121.00 139.00]
 [55.00 41.00]]
[[55.00 41.00]
 [10.00 71.00]]
[[10.00 71.00]
 [76.00 171.00]]
[[121.00 139.00]
 [76.00 171.00]]
#3#
[[0.00 1.00 0.00 1.00 0.00 1.00]
 [1.00 0.00 1.00 0.00 0.00 0.00]
 [0.00 1.00 0.00 1.00 0.00 0.00]
 [1.00 0.00 1.00 0.00 1.00 0.00]
 [0.00 0.00 0.00 1.00 0.00 1.00]
 [1.00 0.00 0.00 0.00 1.00 0.00]]