#1#
[163.00 132.00]
[138.00 174.00]
[112.00 158.00]
[101.00 159.00]
[10.00 104.00]
[35.00 64.00]
[63.00 10.00]
[189.00 77.00]
#2#
[[163.00 132.00]
 [138.00 174.00]]
[[138.00 174.00]
 [112.00 158.00]]
[[112.00 158.00]
 [101.00 159.00]]
[[101.00 159.00]
 [10.00 104.00]]
[[10.00 104.00]
 [35.00 64.00]]
[[163.00 132.00]
 [35.00 64.00]]
[[35.00 64.00]
 [63.00 10.00]]
[[63.00 10.00]
 [189.00 77.00]]
[[163.00 132.00]
 [189.00 77.00]]
#3#
[[0.00 1.00 0.00 0.00 0.00 1.00 0.00 1.00]
 [1.00 0.00 1.00 0.00 0.00 0.00 0.00 0.00]
 [0.00 1.00 0.00 1.00 0.00 0.00 0.00 0.00]
 [0.00 0.00 1.00 0.00 1.00 0.00 0.00 0.00]
 [0.00 0.00 0.00 1.00 0.00 1.00 0.00 0.00]
 [1.00 0.00 0.00 0.00 1.00 0.00 1.00 0.00]
 [0.00 0.00 0.00 0.00 0.00 1.00 0.00 1.00]
 [1.00 0.00 0.00 0.00 0.00 0.00 1.00 0.00]]