#1#
[36.00 108.00]
[10.00 94.00]
[48.00 10.00]
[98.00 32.50]
[73.00 88.00]
[49.00 77.00]
[138.00 116.00]
[109.00 183.00]
[20.00 144.00]
#2#
[[36.00 108.00]
 [10.00 94.00]]
[[10.00 94.00]
 [48.00 10.00]]
[[48.00 10.00]
 [98.00 32.50]]
[[98.00 32.50]
 [73.00 88.00]]
[[36.00 108.00]
 [49.00 77.00]]
[[73.00 88.00]
 [49.00 77.00]]
[[73.00 88.00]
 [138.00 116.00]]
[[138.00 116.00]
 [109.00 183.00]]
[[20.00 144.00]
 [109.00 183.00]]
[[20.00 144.00]
 [36.00 108.00]]
#3#
[[0.00 1.00 0.00 0.00 0.00 1.00 0.00 0.00 1.00]
 [1.00 0.00 1.00 0.00 0.00 0.00 0.00 0.00 0.00]
 [0.00 1.00 0.00 1.00 0.00 0.00 0.00 0.00 0.00]
 [0.00 0.00 1.00 0.00 1.00 0.00 0.00 0.00 0.00]
 [0.00 0.00 0.00 1.00 0.00 1.00 1.00 0.00 0.00]
 [1.00 0.00 0.00 0.00 1.00 0.00 0.00 0.00 0.00]
 [0.00 0.00 0.00 0.00 1.00 0.00 0.00 1.00 0.00]
 [0.00 0.00 0.00 0.00 0.00 0.00 1.00 0.00 1.00]
 [1.00 0.00 0.00 0.00 0.00 0.00 0.00 1.00 0.00]]