#1#
[66.00 10.00]
[124.00 17.00]
[131.00 134.00]
[73.00 127.00]
[15.00 141.00]
[10.00 24.00]
#2#
[[66.00 10.00]
 [124.00 17.00]]
[[124.00 17.00]
 [131.00 134.00]]
[[131.00 134.00]
 [73.00 127.00]]
[[66.00 10.00]
 [73.00 127.00]]
[[73.00 127.00]
 [15.00 141.00]]
[[15.00 141.00]
 [10.00 24.00]]
[[66.00 10.00]
 [10.00 24.00]]
#3#
[[0.00 1.00 0.00 1.00 0.00 1.00]
 [1.00 0.00 1.00 0.00 0.00 0.00]
 [0.00 1.00 0.00 1.00 0.00 0.00]
 [1.00 0.00 1.00 0.00 1.00 0.00]
 [0.00 0.00 0.00 1.00 0.00 1.00]
 [1.00 0.00 0.00 0.00 1.00 0.00]]