#1#
[106.00 16.00]
[65.00 10.00]
[10.00 126.00]
[49.00 134.00]
[83.00 160.00]
[140.00 46.00]
#2#
[[106.00 16.00]
 [65.00 10.00]]
[[65.00 10.00]
 [10.00 126.00]]
[[10.00 126.00]
 [49.00 134.00]]
[[106.00 16.00]
 [49.00 134.00]]
[[49.00 134.00]
 [83.00 160.00]]
[[83.00 160.00]
 [140.00 46.00]]
[[106.00 16.00]
 [140.00 46.00]]
#3#
[[0.00 1.00 0.00 1.00 0.00 1.00]
 [1.00 0.00 1.00 0.00 0.00 0.00]
 [0.00 1.00 0.00 1.00 0.00 0.00]
 [1.00 0.00 1.00 0.00 1.00 0.00]
 [0.00 0.00 0.00 1.00 0.00 1.00]
 [1.00 0.00 0.00 0.00 1.00 0.00]]