#1#
[49.00 150.00]
[58.00 23.00]
[18.00 10.00]
[10.00 137.00]
[94.00 143.00]
[101.00 16.00]
#2#
[[49.00 150.00]
 [58.00 23.00]]
[[58.00 23.00]
 [18.00 10.00]]
[[18.00 10.00]
 [10.00 137.00]]
[[49.00 150.00]
 [10.00 137.00]]
[[49.00 150.00]
 [94.00 143.00]]
[[94.00 143.00]
 [101.00 16.00]]
[[58.00 23.00]
 [101.00 16.00]]
#3#
[[0.00 1.00 0.00 1.00 1.00 0.00]
 [1.00 0.00 1.00 0.00 0.00 1.00]
 [0.00 1.00 0.00 1.00 0.00 0.00]
 [1.00 0.00 1.00 0.00 0.00 0.00]
 [1.00 0.00 0.00 0.00 0.00 1.00]
 [0.00 1.00 0.00 0.00 1.00 0.00]]