#1#
[61.00 12.00]
[68.00 139.00]
[10.00 15.00]
[13.00 143.00]
[118.00 133.00]
[110.00 10.00]
#2#
[[61.00 12.00]
 [68.00 139.00]]
[[61.00 12.00]
 [10.00 15.00]]
[[10.00 15.00]
 [13.00 143.00]]
[[68.00 139.00]
 [13.00 143.00]]
[[68.00 139.00]
 [118.00 133.00]]
[[118.00 133.00]
 [110.00 10.00]]
[[61.00 12.00]
 [110.00 10.00]]
#3#
[[0.00 1.00 1.00 0.00 0.00 1.00]
 [1.00 0.00 0.00 1.00 1.00 0.00]
 [1.00 0.00 0.00 1.00 0.00 0.00]
 [0.00 1.00 1.00 0.00 0.00 0.00]
 [0.00 1.00 0.00 0.00 0.00 1.00]
 [1.00 0.00 0.00 0.00 1.00 0.00]]