#1#
[85.00 218.00]
[143.00 207.00]
[130.00 10.00]
[71.00 21.00]
[16.00 19.00]
[18.00 46.00]
[10.00 46.00]
[13.00 88.00]
[17.00 132.00]
[25.00 132.00]
[30.00 215.00]
#2#
[[85.00 218.00]
 [143.00 207.00]]
[[143.00 207.00]
 [130.00 10.00]]
[[130.00 10.00]
 [71.00 21.00]]
[[85.00 218.00]
 [71.00 21.00]]
[[71.00 21.00]
 [16.00 19.00]]
[[16.00 19.00]
 [18.00 46.00]]
[[18.00 46.00]
 [10.00 46.00]]
[[10.00 46.00]
 [13.00 88.00]]
[[17.00 132.00]
 [13.00 88.00]]
[[17.00 132.00]
 [25.00 132.00]]
[[25.00 132.00]
 [30.00 215.00]]
[[85.00 218.00]
 [30.00 215.00]]
#3#
[[0.00 1.00 0.00 1.00 0.00 0.00 0.00 0.00 0.00 0.00 1.00]
 [1.00 0.00 1.00 0.00 0.00 0.00 0.00 0.00 0.00 0.00 0.00]
 [0.00 1.00 0.00 1.00 0.00 0.00 0.00 0.00 0.00 0.00 0.00]
 [1.00 0.00 1.00 0.00 1.00 0.00 0.00 0.00 0.00 0.00 0.00]
 [0.00 0.00 0.00 1.00 0.00 1.00 0.00 0.00 0.00 0.00 0.00]
 [0.00 0.00 0.00 0.00 1.00 0.00 1.00 0.00 0.00 0.00 0.00]
 [0.00 0.00 0.00 0.00 0.00 1.00 0.00 1.00 0.00 0.00 0.00]
 [0.00 0.00 0.00 0.00 0.00 0.00 1.00 0.00 1.00 0.00 0.00]
 [0.00 0.00 0.00 0.00 0.00 0.00 0.00 1.00 0.00 1.00 0.00]
 [0.00 0.00 0.00 0.00 0.00 0.00 0.00 0.00 1.00 0.00 1.00]
 [1.00 0.00 0.00 0.00 0.00 0.00 0.00 0.00 0.00 1.00 0.00]]