#1#
[19.00 59.00]
[139.00 84.00]
[10.00 108.00]
[129.00 132.00]
[149.00 31.00]
[29.00 10.00]
#2#
[[19.00 59.00]
 [139.00 84.00]]
[[19.00 59.00]
 [10.00 108.00]]
[[10.00 108.00]
 [129.00 132.00]]
[[139.00 84.00]
 [129.00 132.00]]
[[139.00 84.00]
 [149.00 31.00]]
[[149.00 31.00]
 [29.00 10.00]]
[[19.00 59.00]
 [29.00 10.00]]
#3#
[[0.00 1.00 1.00 0.00 0.00 1.00]
 [1.00 0.00 0.00 1.00 1.00 0.00]
 [1.00 0.00 0.00 1.00 0.00 0.00]
 [0.00 1.00 1.00 0.00 0.00 0.00]
 [0.00 1.00 0.00 0.00 0.00 1.00]
 [1.00 0.00 0.00 0.00 1.00 0.00]]