#1#
[75.00 27.00]
[145.00 10.00]
[196.00 144.00]
[130.00 164.00]
[10.00 63.00]
[65.00 196.00]
#2#
[[75.00 27.00]
 [145.00 10.00]]
[[145.00 10.00]
 [196.00 144.00]]
[[196.00 144.00]
 [130.00 164.00]]
[[75.00 27.00]
 [130.00 164.00]]
[[75.00 27.00]
 [10.00 63.00]]
[[10.00 63.00]
 [65.00 196.00]]
[[130.00 164.00]
 [65.00 196.00]]
#3#
[[0.00 1.00 0.00 1.00 1.00 0.00]
 [1.00 0.00 1.00 0.00 0.00 0.00]
 [0.00 1.00 0.00 1.00 0.00 0.00]
 [1.00 0.00 1.00 0.00 0.00 1.00]
 [1.00 0.00 0.00 0.00 0.00 1.00]
 [0.00 0.00 0.00 1.00 1.00 0.00]]