#1#
[74.00 139.00]
[10.00 145.00]
[16.00 14.00]
[80.00 10.00]
[140.00 21.00]
[131.00 152.00]
#2#
[[74.00 139.00]
 [10.00 145.00]]
[[10.00 145.00]
 [16.00 14.00]]
[[16.00 14.00]
 [80.00 10.00]]
[[74.00 139.00]
 [80.00 10.00]]
[[80.00 10.00]
 [140.00 21.00]]
[[140.00 21.00]
 [131.00 152.00]]
[[74.00 139.00]
 [131.00 152.00]]
#3#
[[0.00 1.00 0.00 1.00 0.00 1.00]
 [1.00 0.00 1.00 0.00 0.00 0.00]
 [0.00 1.00 0.00 1.00 0.00 0.00]
 [1.00 0.00 1.00 0.00 1.00 0.00]
 [0.00 0.00 0.00 1.00 0.00 1.00]
 [1.00 0.00 0.00 0.00 1.00 0.00]]