#1#
[69.00 140.00]
[153.00 63.00]
[114.00 179.00]
[218.00 83.00]
[173.00 44.00]
[112.00 10.00]
[10.00 104.00]
[49.00 158.00]
#2#
[[69.00 140.00]
 [153.00 63.00]]
[[69.00 140.00]
 [114.00 179.00]]
[[114.00 179.00]
 [218.00 83.00]]
[[218.00 83.00]
 [173.00 44.00]]
[[153.00 63.00]
 [173.00 44.00]]
[[153.00 63.00]
 [112.00 10.00]]
[[112.00 10.00]
 [10.00 104.00]]
[[10.00 104.00]
 [49.00 158.00]]
[[69.00 140.00]
 [49.00 158.00]]
#3#
[[0.00 1.00 1.00 0.00 0.00 0.00 0.00 1.00]
 [1.00 0.00 0.00 0.00 1.00 1.00 0.00 0.00]
 [1.00 0.00 0.00 1.00 0.00 0.00 0.00 0.00]
 [0.00 0.00 1.00 0.00 1.00 0.00 0.00 0.00]
 [0.00 1.00 0.00 1.00 0.00 0.00 0.00 0.00]
 [0.00 1.00 0.00 0.00 0.00 0.00 1.00 0.00]
 [0.00 0.00 0.00 0.00 0.00 1.00 0.00 1.00]
 [1.00 0.00 0.00 0.00 0.00 0.00 1.00 0.00]]