#1#
[14.00 72.00]
[20.00 131.00]
[136.00 125.00]
[134.00 64.00]
[128.00 10.00]
[10.00 17.00]
#2#
[[14.00 72.00]
 [20.00 131.00]]
[[20.00 131.00]
 [136.00 125.00]]
[[136.00 125.00]
 [134.00 64.00]]
[[134.00 64.00]
 [128.00 10.00]]
[[128.00 10.00]
 [10.00 17.00]]
[[14.00 72.00]
 [10.00 17.00]]
[[14.00 72.00]
 [134.00 64.00]]
#3#
[[0.00 1.00 0.00 1.00 0.00 1.00]
 [1.00 0.00 1.00 0.00 0.00 0.00]
 [0.00 1.00 0.00 1.00 0.00 0.00]
 [1.00 0.00 1.00 0.00 1.00 0.00]
 [0.00 0.00 0.00 1.00 0.00 1.00]
 [1.00 0.00 0.00 0.00 1.00 0.00]]