#1#
[74.00 23.00]
[10.00 17.00]
[16.00 148.00]
[80.00 152.00]
[140.00 141.00]
[131.00 10.00]
#2#
[[74.00 23.00]
 [10.00 17.00]]
[[10.00 17.00]
 [16.00 148.00]]
[[16.00 148.00]
 [80.00 152.00]]
[[74.00 23.00]
 [80.00 152.00]]
[[80.00 152.00]
 [140.00 141.00]]
[[140.00 141.00]
 [131.00 10.00]]
[[74.00 23.00]
 [131.00 10.00]]
#3#
[[0.00 1.00 0.00 1.00 0.00 1.00]
 [1.00 0.00 1.00 0.00 0.00 0.00]
 [0.00 1.00 0.00 1.00 0.00 0.00]
 [1.00 0.00 1.00 0.00 1.00 0.00]
 [0.00 0.00 0.00 1.00 0.00 1.00]
 [1.00 0.00 0.00 0.00 1.00 0.00]]