#1#
[73.00 126.00]
[63.00 10.00]
[10.00 21.00]
[22.00 137.00]
[123.00 128.00]
[117.00 11.00]
#2#
[[73.00 126.00]
 [63.00 10.00]]
[[63.00 10.00]
 [10.00 21.00]]
[[10.00 21.00]
 [22.00 137.00]]
[[73.00 126.00]
 [22.00 137.00]]
[[73.00 126.00]
 [123.00 128.00]]
[[123.00 128.00]
 [117.00 11.00]]
[[63.00 10.00]
 [117.00 11.00]]
#3#
[[0.00 1.00 0.00 1.00 1.00 0.00]
 [1.00 0.00 1.00 0.00 0.00 1.00]
 [0.00 1.00 0.00 1.00 0.00 0.00]
 [1.00 0.00 1.00 0.00 0.00 0.00]
 [1.00 0.00 0.00 0.00 0.00 1.00]
 [0.00 1.00 0.00 0.00 1.00 0.00]]