#1#
[22.00 39.00]
[125.00 74.00]
[10.00 111.00]
[109.00 143.00]
[141.00 43.00]
[36.00 10.00]
#2#
[[22.00 39.00]
 [125.00 74.00]]
[[22.00 39.00]
 [10.00 111.00]]
[[10.00 111.00]
 [109.00 143.00]]
[[125.00 74.00]
 [109.00 143.00]]
[[125.00 74.00]
 [141.00 43.00]]
[[141.00 43.00]
 [36.00 10.00]]
[[22.00 39.00]
 [36.00 10.00]]
#3#
[[0.00 1.00 1.00 0.00 0.00 1.00]
 [1.00 0.00 0.00 1.00 1.00 0.00]
 [1.00 0.00 0.00 1.00 0.00 0.00]
 [0.00 1.00 1.00 0.00 0.00 0.00]
 [0.00 1.00 0.00 0.00 0.00 1.00]
 [1.00 0.00 0.00 0.00 1.00 0.00]]