#1#
[41.00 10.00]
[74.00 69.00]
[10.00 108.00]
[209.00 62.00]
[150.00 92.00]
[180.00 160.00]
#2#
[[41.00 10.00]
 [74.00 69.00]]
[[41.00 10.00]
 [10.00 108.00]]
[[41.00 10.00]
 [209.00 62.00]]
[[74.00 69.00]
 [150.00 92.00]]
[[74.00 69.00]
 [10.00 108.00]]
[[209.00 62.00]
 [150.00 92.00]]
[[150.00 92.00]
 [180.00 160.00]]
[[10.00 108.00]
 [180.00 160.00]]
[[209.00 62.00]
 [180.00 160.00]]
#3#
[[0.00 1.00 1.00 1.00 0.00 0.00]
 [1.00 0.00 1.00 0.00 1.00 0.00]
 [1.00 1.00 0.00 0.00 0.00 1.00]
 [1.00 0.00 0.00 0.00 1.00 1.00]
 [0.00 1.00 0.00 1.00 0.00 1.00]
 [0.00 0.00 1.00 1.00 1.00 0.00]]