#1#
[17.00 70.00]
[10.00 21.00]
[232.00 10.00]
[236.00 64.00]
[15.00 141.00]
[237.00 129.00]
#2#
[[17.00 70.00]
 [10.00 21.00]]
[[10.00 21.00]
 [232.00 10.00]]
[[232.00 10.00]
 [236.00 64.00]]
[[17.00 70.00]
 [15.00 141.00]]
[[15.00 141.00]
 [237.00 129.00]]
[[236.00 64.00]
 [237.00 129.00]]
[[17.00 70.00]
 [236.00 64.00]]
#3#
[[0.00 1.00 0.00 1.00 1.00 0.00]
 [1.00 0.00 1.00 0.00 0.00 0.00]
 [0.00 1.00 0.00 1.00 0.00 0.00]
 [1.00 0.00 1.00 0.00 0.00 1.00]
 [1.00 0.00 0.00 0.00 0.00 1.00]
 [0.00 0.00 0.00 1.00 1.00 0.00]]