#1#
[134.00 123.00]
[105.00 162.00]
[10.00 91.00]
[40.00 51.00]
[70.00 10.00]
[165.00 82.00]
#2#
[[134.00 123.00]
 [105.00 162.00]]
[[105.00 162.00]
 [10.00 91.00]]
[[10.00 91.00]
 [40.00 51.00]]
[[40.00 51.00]
 [70.00 10.00]]
[[70.00 10.00]
 [165.00 82.00]]
[[134.00 123.00]
 [165.00 82.00]]
[[134.00 123.00]
 [40.00 51.00]]
#3#
[[0.00 1.00 0.00 1.00 0.00 1.00]
 [1.00 0.00 1.00 0.00 0.00 0.00]
 [0.00 1.00 0.00 1.00 0.00 0.00]
 [1.00 0.00 1.00 0.00 1.00 0.00]
 [0.00 0.00 0.00 1.00 0.00 1.00]
 [1.00 0.00 0.00 0.00 1.00 0.00]]