#1#
[93.00 20.00]
[142.00 37.00]
[109.00 151.00]
[62.00 136.00]
[10.00 126.00]
[40.00 10.00]
#2#
[[93.00 20.00]
 [142.00 37.00]]
[[142.00 37.00]
 [109.00 151.00]]
[[109.00 151.00]
 [62.00 136.00]]
[[93.00 20.00]
 [62.00 136.00]]
[[62.00 136.00]
 [10.00 126.00]]
[[10.00 126.00]
 [40.00 10.00]]
[[93.00 20.00]
 [40.00 10.00]]
#3#
[[0.00 1.00 0.00 1.00 0.00 1.00]
 [1.00 0.00 1.00 0.00 0.00 0.00]
 [0.00 1.00 0.00 1.00 0.00 0.00]
 [1.00 0.00 1.00 0.00 1.00 0.00]
 [0.00 0.00 0.00 1.00 0.00 1.00]
 [1.00 0.00 0.00 0.00 1.00 0.00]]