#1#
[66.00 146.00]
[10.00 134.00]
[17.00 10.00]
[73.00 23.00]
[134.00 17.00]
[127.00 140.00]
#2#
[[66.00 146.00]
 [10.00 134.00]]
[[10.00 134.00]
 [17.00 10.00]]
[[17.00 10.00]
 [73.00 23.00]]
[[66.00 146.00]
 [73.00 23.00]]
[[73.00 23.00]
 [134.00 17.00]]
[[134.00 17.00]
 [127.00 140.00]]
[[66.00 146.00]
 [127.00 140.00]]
#3#
[[0.00 1.00 0.00 1.00 0.00 1.00]
 [1.00 0.00 1.00 0.00 0.00 0.00]
 [0.00 1.00 0.00 1.00 0.00 0.00]
 [1.00 0.00 1.00 0.00 1.00 0.00]
 [0.00 0.00 0.00 1.00 0.00 1.00]
 [1.00 0.00 0.00 0.00 1.00 0.00]]