#1#
[102.00 32.00]
[64.00 139.00]
[10.00 119.00]
[48.00 10.00]
[154.00 52.00]
[116.00 158.00]
#2#
[[102.00 32.00]
 [64.00 139.00]]
[[64.00 139.00]
 [10.00 119.00]]
[[10.00 119.00]
 [48.00 10.00]]
[[102.00 32.00]
 [48.00 10.00]]
[[102.00 32.00]
 [154.00 52.00]]
[[154.00 52.00]
 [116.00 158.00]]
[[64.00 139.00]
 [116.00 158.00]]
#3#
[[0.00 1.00 0.00 1.00 1.00 0.00]
 [1.00 0.00 1.00 0.00 0.00 1.00]
 [0.00 1.00 0.00 1.00 0.00 0.00]
 [1.00 0.00 1.00 0.00 0.00 0.00]
 [1.00 0.00 0.00 0.00 0.00 1.00]
 [0.00 1.00 0.00 0.00 1.00 0.00]]