#1#
[67.00 134.00]
[10.00 125.00]
[37.00 10.00]
[94.00 18.00]
[146.00 34.00]
[119.00 150.00]
#2#
[[67.00 134.00]
 [10.00 125.00]]
[[10.00 125.00]
 [37.00 10.00]]
[[37.00 10.00]
 [94.00 18.00]]
[[67.00 134.00]
 [94.00 18.00]]
[[94.00 18.00]
 [146.00 34.00]]
[[146.00 34.00]
 [119.00 150.00]]
[[67.00 134.00]
 [119.00 150.00]]
#3#
[[0.00 1.00 0.00 1.00 0.00 1.00]
 [1.00 0.00 1.00 0.00 0.00 0.00]
 [0.00 1.00 0.00 1.00 0.00 0.00]
 [1.00 0.00 1.00 0.00 1.00 0.00]
 [0.00 0.00 0.00 1.00 0.00 1.00]
 [1.00 0.00 0.00 0.00 1.00 0.00]]