#1#
[90.00 18.00]
[148.00 29.00]
[128.00 149.00]
[71.00 139.00]
[30.00 10.00]
[10.00 129.00]
#2#
[[90.00 18.00]
 [148.00 29.00]]
[[148.00 29.00]
 [128.00 149.00]]
[[128.00 149.00]
 [71.00 139.00]]
[[90.00 18.00]
 [71.00 139.00]]
[[90.00 18.00]
 [30.00 10.00]]
[[30.00 10.00]
 [10.00 129.00]]
[[71.00 139.00]
 [10.00 129.00]]
#3#
[[0.00 1.00 0.00 1.00 1.00 0.00]
 [1.00 0.00 1.00 0.00 0.00 0.00]
 [0.00 1.00 0.00 1.00 0.00 0.00]
 [1.00 0.00 1.00 0.00 0.00 1.00]
 [1.00 0.00 0.00 0.00 0.00 1.00]
 [0.00 0.00 0.00 1.00 1.00 0.00]]