#1#
[77.00 10.00]
[24.00 15.00]
[10.00 201.00]
[63.00 196.00]
[118.00 207.00]
[132.00 22.00]
#2#
[[77.00 10.00]
 [24.00 15.00]]
[[24.00 15.00]
 [10.00 201.00]]
[[10.00 201.00]
 [63.00 196.00]]
[[77.00 10.00]
 [63.00 196.00]]
[[63.00 196.00]
 [118.00 207.00]]
[[118.00 207.00]
 [132.00 22.00]]
[[77.00 10.00]
 [132.00 22.00]]
#3#
[[0.00 1.00 0.00 1.00 0.00 1.00]
 [1.00 0.00 1.00 0.00 0.00 0.00]
 [0.00 1.00 0.00 1.00 0.00 0.00]
 [1.00 0.00 1.00 0.00 1.00 0.00]
 [0.00 0.00 0.00 1.00 0.00 1.00]
 [1.00 0.00 0.00 0.00 1.00 0.00]]