#1#
[31.00 60.00]
[50.00 10.00]
[173.00 57.00]
[154.00 108.00]
[134.00 161.00]
[10.00 113.00]
#2#
[[31.00 60.00]
 [50.00 10.00]]
[[50.00 10.00]
 [173.00 57.00]]
[[173.00 57.00]
 [154.00 108.00]]
[[31.00 60.00]
 [154.00 108.00]]
[[154.00 108.00]
 [134.00 161.00]]
[[134.00 161.00]
 [10.00 113.00]]
[[31.00 60.00]
 [10.00 113.00]]
#3#
[[0.00 1.00 0.00 1.00 0.00 1.00]
 [1.00 0.00 1.00 0.00 0.00 0.00]
 [0.00 1.00 0.00 1.00 0.00 0.00]
 [1.00 0.00 1.00 0.00 1.00 0.00]
 [0.00 0.00 0.00 1.00 0.00 1.00]
 [1.00 0.00 0.00 0.00 1.00 0.00]]