#1#
[142.00 127.00]
[174.00 54.00]
[76.00 10.00]
[43.00 81.00]
[10.00 154.00]
[76.00 184.00]
[125.00 166.00]
#2#
[[142.00 127.00]
 [174.00 54.00]]
[[174.00 54.00]
 [76.00 10.00]]
[[76.00 10.00]
 [43.00 81.00]]
[[43.00 81.00]
 [10.00 154.00]]
[[10.00 154.00]
 [76.00 184.00]]
[[76.00 184.00]
 [125.00 166.00]]
[[142.00 127.00]
 [125.00 166.00]]
[[142.00 127.00]
 [43.00 81.00]]
#3#
[[0.00 1.00 0.00 1.00 0.00 0.00 1.00]
 [1.00 0.00 1.00 0.00 0.00 0.00 0.00]
 [0.00 1.00 0.00 1.00 0.00 0.00 0.00]
 [1.00 0.00 1.00 0.00 1.00 0.00 0.00]
 [0.00 0.00 0.00 1.00 0.00 1.00 0.00]
 [0.00 0.00 0.00 0.00 1.00 0.00 1.00]
 [1.00 0.00 0.00 0.00 0.00 1.00 0.00]]