#1#
[55.00 84.00]
[53.00 29.00]
[104.00 28.00]
[104.00 81.00]
[10.00 95.00]
[137.00 95.00]
[136.00 11.00]
[10.00 10.00]
[135.00 146.00]
[10.00 144.00]
#2#
[[55.00 84.00]
 [53.00 29.00]]
[[53.00 29.00]
 [104.00 28.00]]
[[104.00 28.00]
 [104.00 81.00]]
[[55.00 84.00]
 [104.00 81.00]]
[[10.00 95.00]
 [137.00 95.00]]
[[137.00 95.00]
 [136.00 11.00]]
[[136.00 11.00]
 [10.00 10.00]]
[[10.00 95.00]
 [10.00 10.00]]
[[135.00 146.00]
 [137.00 95.00]]
[[135.00 146.00]
 [10.00 144.00]]
[[10.00 144.00]
 [10.00 95.00]]
#3#
[[0.00 1.00 0.00 1.00 0.00 0.00 0.00 0.00 0.00 0.00]
 [1.00 0.00 1.00 0.00 0.00 0.00 0.00 0.00 0.00 0.00]
 [0.00 1.00 0.00 1.00 0.00 0.00 0.00 0.00 0.00 0.00]
 [1.00 0.00 1.00 0.00 0.00 0.00 0.00 0.00 0.00 0.00]
 [0.00 0.00 0.00 0.00 0.00 1.00 0.00 1.00 0.00 1.00]
 [0.00 0.00 0.00 0.00 1.00 0.00 1.00 0.00 1.00 0.00]
 [0.00 0.00 0.00 0.00 0.00 1.00 0.00 1.00 0.00 0.00]
 [0.00 0.00 0.00 0.00 1.00 0.00 1.00 0.00 0.00 0.00]
 [0.00 0.00 0.00 0.00 0.00 1.00 0.00 0.00 0.00 1.00]
 [0.00 0.00 0.00 0.00 1.00 0.00 0.00 0.00 1.00 0.00]]