#1#
[59.00 122.00]
[106.00 128.00]
[121.00 26.00]
[74.00 17.00]
[25.00 10.00]
[10.00 115.00]
#2#
[[59.00 122.00]
 [106.00 128.00]]
[[106.00 128.00]
 [121.00 26.00]]
[[121.00 26.00]
 [74.00 17.00]]
[[74.00 17.00]
 [25.00 10.00]]
[[25.00 10.00]
 [10.00 115.00]]
[[59.00 122.00]
 [10.00 115.00]]
[[59.00 122.00]
 [74.00 17.00]]
#3#
[[0.00 1.00 0.00 1.00 0.00 1.00]
 [1.00 0.00 1.00 0.00 0.00 0.00]
 [0.00 1.00 0.00 1.00 0.00 0.00]
 [1.00 0.00 1.00 0.00 1.00 0.00]
 [0.00 0.00 0.00 1.00 0.00 1.00]
 [1.00 0.00 0.00 0.00 1.00 0.00]]