#1#
[30.00 71.00]
[10.00 61.00]
[32.00 10.00]
[53.00 21.00]
[88.00 36.00]
[71.00 72.00]
[56.00 66.00]
[51.00 78.00]
#2#
[[30.00 71.00]
 [10.00 61.00]]
[[10.00 61.00]
 [32.00 10.00]]
[[32.00 10.00]
 [53.00 21.00]]
[[30.00 71.00]
 [53.00 21.00]]
[[53.00 21.00]
 [88.00 36.00]]
[[88.00 36.00]
 [71.00 72.00]]
[[71.00 72.00]
 [56.00 66.00]]
[[56.00 66.00]
 [51.00 78.00]]
[[30.00 71.00]
 [51.00 78.00]]
#3#
[[0.00 1.00 0.00 1.00 0.00 0.00 0.00 1.00]
 [1.00 0.00 1.00 0.00 0.00 0.00 0.00 0.00]
 [0.00 1.00 0.00 1.00 0.00 0.00 0.00 0.00]
 [1.00 0.00 1.00 0.00 1.00 0.00 0.00 0.00]
 [0.00 0.00 0.00 1.00 0.00 1.00 0.00 0.00]
 [0.00 0.00 0.00 0.00 1.00 0.00 1.00 0.00]
 [0.00 0.00 0.00 0.00 0.00 1.00 0.00 1.00]
 [1.00 0.00 0.00 0.00 0.00 0.00 1.00 0.00]]