#1#
[130.00 52.00]
[94.00 10.00]
[10.00 83.00]
[46.00 125.00]
[77.00 161.00]
[161.00 88.00]
#2#
[[130.00 52.00]
 [94.00 10.00]]
[[94.00 10.00]
 [10.00 83.00]]
[[10.00 83.00]
 [46.00 125.00]]
[[130.00 52.00]
 [46.00 125.00]]
[[46.00 125.00]
 [77.00 161.00]]
[[77.00 161.00]
 [161.00 88.00]]
[[130.00 52.00]
 [161.00 88.00]]
#3#
[[0.00 1.00 0.00 1.00 0.00 1.00]
 [1.00 0.00 1.00 0.00 0.00 0.00]
 [0.00 1.00 0.00 1.00 0.00 0.00]
 [1.00 0.00 1.00 0.00 1.00 0.00]
 [0.00 0.00 0.00 1.00 0.00 1.00]
 [1.00 0.00 0.00 0.00 1.00 0.00]]