#1#
[31.00 63.00]
[55.00 10.00]
[589.00 228.00]
[568.00 282.00]
[10.00 115.00]
[546.00 333.00]
#2#
[[31.00 63.00]
 [55.00 10.00]]
[[55.00 10.00]
 [589.00 228.00]]
[[589.00 228.00]
 [568.00 282.00]]
[[31.00 63.00]
 [568.00 282.00]]
[[31.00 63.00]
 [10.00 115.00]]
[[10.00 115.00]
 [546.00 333.00]]
[[568.00 282.00]
 [546.00 333.00]]
#3#
[[0.00 1.00 0.00 1.00 1.00 0.00]
 [1.00 0.00 1.00 0.00 0.00 0.00]
 [0.00 1.00 0.00 1.00 0.00 0.00]
 [1.00 0.00 1.00 0.00 0.00 1.00]
 [1.00 0.00 0.00 0.00 0.00 1.00]
 [0.00 0.00 0.00 1.00 1.00 0.00]]