#1#
[57.00 138.00]
[10.00 111.00]
[56.00 10.00]
[86.00 25.00]
[82.00 35.00]
[98.00 46.00]
[153.00 61.00]
[111.00 155.00]
#2#
[[57.00 138.00]
 [10.00 111.00]]
[[10.00 111.00]
 [56.00 10.00]]
[[56.00 10.00]
 [86.00 25.00]]
[[86.00 25.00]
 [82.00 35.00]]
[[82.00 35.00]
 [98.00 46.00]]
[[57.00 138.00]
 [98.00 46.00]]
[[98.00 46.00]
 [153.00 61.00]]
[[153.00 61.00]
 [111.00 155.00]]
[[57.00 138.00]
 [111.00 155.00]]
#3#
[[0.00 1.00 0.00 0.00 0.00 1.00 0.00 1.00]
 [1.00 0.00 1.00 0.00 0.00 0.00 0.00 0.00]
 [0.00 1.00 0.00 1.00 0.00 0.00 0.00 0.00]
 [0.00 0.00 1.00 0.00 1.00 0.00 0.00 0.00]
 [0.00 0.00 0.00 1.00 0.00 1.00 0.00 0.00]
 [1.00 0.00 0.00 0.00 1.00 0.00 1.00 0.00]
 [0.00 0.00 0.00 0.00 0.00 1.00 0.00 1.00]
 [1.00 0.00 0.00 0.00 0.00 0.00 1.00 0.00]]