#1#
[69.00 10.00]
[13.00 21.00]
[10.00 144.00]
[64.00 133.00]
[131.00 147.00]
[133.00 26.00]
#2#
[[69.00 10.00]
 [13.00 21.00]]
[[13.00 21.00]
 [10.00 144.00]]
[[10.00 144.00]
 [64.00 133.00]]
[[69.00 10.00]
 [64.00 133.00]]
[[64.00 133.00]
 [131.00 147.00]]
[[131.00 147.00]
 [133.00 26.00]]
[[69.00 10.00]
 [133.00 26.00]]
#3#
[[0.00 1.00 0.00 1.00 0.00 1.00]
 [1.00 0.00 1.00 0.00 0.00 0.00]
 [0.00 1.00 0.00 1.00 0.00 0.00]
 [1.00 0.00 1.00 0.00 1.00 0.00]
 [0.00 0.00 0.00 1.00 0.00 1.00]
 [1.00 0.00 0.00 0.00 1.00 0.00]]