#1#
[22.00 101.00]
[144.00 72.00]
[10.00 37.00]
[127.00 10.00]
[155.00 120.00]
[33.00 148.00]
#2#
[[22.00 101.00]
 [144.00 72.00]]
[[22.00 101.00]
 [10.00 37.00]]
[[10.00 37.00]
 [127.00 10.00]]
[[144.00 72.00]
 [127.00 10.00]]
[[144.00 72.00]
 [155.00 120.00]]
[[155.00 120.00]
 [33.00 148.00]]
[[22.00 101.00]
 [33.00 148.00]]
#3#
[[0.00 1.00 1.00 0.00 0.00 1.00]
 [1.00 0.00 0.00 1.00 1.00 0.00]
 [1.00 0.00 0.00 1.00 0.00 0.00]
 [0.00 1.00 1.00 0.00 0.00 0.00]
 [0.00 1.00 0.00 0.00 0.00 1.00]
 [1.00 0.00 0.00 0.00 1.00 0.00]]