#1#
[191.00 52.00]
[153.00 10.00]
[10.00 147.00]
[47.00 187.00]
[86.00 228.00]
[229.00 95.00]
#2#
[[191.00 52.00]
 [153.00 10.00]]
[[153.00 10.00]
 [10.00 147.00]]
[[10.00 147.00]
 [47.00 187.00]]
[[47.00 187.00]
 [86.00 228.00]]
[[86.00 228.00]
 [229.00 95.00]]
[[191.00 52.00]
 [229.00 95.00]]
[[191.00 52.00]
 [47.00 187.00]]
#3#
[[0.00 1.00 0.00 1.00 0.00 1.00]
 [1.00 0.00 1.00 0.00 0.00 0.00]
 [0.00 1.00 0.00 1.00 0.00 0.00]
 [1.00 0.00 1.00 0.00 1.00 0.00]
 [0.00 0.00 0.00 1.00 0.00 1.00]
 [1.00 0.00 0.00 0.00 1.00 0.00]]