#1#
[117.00 35.00]
[81.00 10.00]
[10.00 94.00]
[43.00 120.00]
[78.00 155.00]
[151.00 70.00]
#2#
[[117.00 35.00]
 [81.00 10.00]]
[[81.00 10.00]
 [10.00 94.00]]
[[10.00 94.00]
 [43.00 120.00]]
[[117.00 35.00]
 [43.00 120.00]]
[[43.00 120.00]
 [78.00 155.00]]
[[78.00 155.00]
 [151.00 70.00]]
[[117.00 35.00]
 [151.00 70.00]]
#3#
[[0.00 1.00 0.00 1.00 0.00 1.00]
 [1.00 0.00 1.00 0.00 0.00 0.00]
 [0.00 1.00 0.00 1.00 0.00 0.00]
 [1.00 0.00 1.00 0.00 1.00 0.00]
 [0.00 0.00 0.00 1.00 0.00 1.00]
 [1.00 0.00 0.00 0.00 1.00 0.00]]