#1#
[43.00 60.00]
[77.00 10.00]
[193.00 94.00]
[164.00 139.00]
[132.00 189.00]
[10.00 109.00]
#2#
[[43.00 60.00]
 [77.00 10.00]]
[[77.00 10.00]
 [193.00 94.00]]
[[193.00 94.00]
 [164.00 139.00]]
[[43.00 60.00]
 [164.00 139.00]]
[[164.00 139.00]
 [132.00 189.00]]
[[132.00 189.00]
 [10.00 109.00]]
[[43.00 60.00]
 [10.00 109.00]]
#3#
[[0.00 1.00 0.00 1.00 0.00 1.00]
 [1.00 0.00 1.00 0.00 0.00 0.00]
 [0.00 1.00 0.00 1.00 0.00 0.00]
 [1.00 0.00 1.00 0.00 1.00 0.00]
 [0.00 0.00 0.00 1.00 0.00 1.00]
 [1.00 0.00 0.00 0.00 1.00 0.00]]