#1#
[32.00 60.00]
[153.00 103.00]
[10.00 122.00]
[130.00 169.00]
[172.00 54.00]
[51.00 10.00]
#2#
[[32.00 60.00]
 [153.00 103.00]]
[[32.00 60.00]
 [10.00 122.00]]
[[10.00 122.00]
 [130.00 169.00]]
[[153.00 103.00]
 [130.00 169.00]]
[[153.00 103.00]
 [172.00 54.00]]
[[172.00 54.00]
 [51.00 10.00]]
[[32.00 60.00]
 [51.00 10.00]]
#3#
[[0.00 1.00 1.00 0.00 0.00 1.00]
 [1.00 0.00 0.00 1.00 1.00 0.00]
 [1.00 0.00 0.00 1.00 0.00 0.00]
 [0.00 1.00 1.00 0.00 0.00 0.00]
 [0.00 1.00 0.00 0.00 0.00 1.00]
 [1.00 0.00 0.00 0.00 1.00 0.00]]