#1#
[107.00 10.00]
[103.00 63.00]
[10.00 68.00]
[157.00 91.00]
[62.00 87.00]
[60.00 149.00]
#2#
[[107.00 10.00]
 [103.00 63.00]]
[[107.00 10.00]
 [10.00 68.00]]
[[103.00 63.00]
 [157.00 91.00]]
[[10.00 68.00]
 [62.00 87.00]]
[[10.00 68.00]
 [60.00 149.00]]
[[103.00 63.00]
 [62.00 87.00]]
[[62.00 87.00]
 [60.00 149.00]]
[[107.00 10.00]
 [157.00 91.00]]
[[157.00 91.00]
 [60.00 149.00]]
#3#
[[0.00 1.00 1.00 1.00 0.00 0.00]
 [1.00 0.00 0.00 1.00 1.00 0.00]
 [1.00 0.00 0.00 0.00 1.00 1.00]
 [1.00 1.00 0.00 0.00 0.00 1.00]
 [0.00 1.00 1.00 0.00 0.00 1.00]
 [0.00 0.00 1.00 1.00 1.00 0.00]]