#1#
[106.00 36.00]
[164.00 54.00]
[129.00 160.00]
[67.00 148.00]
[10.00 121.00]
[50.00 10.00]
#2#
[[106.00 36.00]
 [164.00 54.00]]
[[164.00 54.00]
 [129.00 160.00]]
[[129.00 160.00]
 [67.00 148.00]]
[[106.00 36.00]
 [67.00 148.00]]
[[67.00 148.00]
 [10.00 121.00]]
[[10.00 121.00]
 [50.00 10.00]]
[[106.00 36.00]
 [50.00 10.00]]
#3#
[[0.00 1.00 0.00 1.00 0.00 1.00]
 [1.00 0.00 1.00 0.00 0.00 0.00]
 [0.00 1.00 0.00 1.00 0.00 0.00]
 [1.00 0.00 1.00 0.00 1.00 0.00]
 [0.00 0.00 0.00 1.00 0.00 1.00]
 [1.00 0.00 0.00 0.00 1.00 0.00]]