#1#
[75.00 11.00]
[142.00 10.00]
[143.00 155.00]
[77.00 152.00]
[10.00 10.00]
[15.00 151.00]
#2#
[[75.00 11.00]
 [142.00 10.00]]
[[142.00 10.00]
 [143.00 155.00]]
[[143.00 155.00]
 [77.00 152.00]]
[[75.00 11.00]
 [77.00 152.00]]
[[75.00 11.00]
 [10.00 10.00]]
[[10.00 10.00]
 [15.00 151.00]]
[[77.00 152.00]
 [15.00 151.00]]
#3#
[[0.00 1.00 0.00 1.00 1.00 0.00]
 [1.00 0.00 1.00 0.00 0.00 0.00]
 [0.00 1.00 0.00 1.00 0.00 0.00]
 [1.00 0.00 1.00 0.00 0.00 1.00]
 [1.00 0.00 0.00 0.00 0.00 1.00]
 [0.00 0.00 0.00 1.00 1.00 0.00]]