#1#
[247.00 66.00]
[232.00 10.00]
[10.00 79.00]
[24.00 132.00]
[44.00 194.00]
[265.00 128.00]
#2#
[[247.00 66.00]
 [232.00 10.00]]
[[232.00 10.00]
 [10.00 79.00]]
[[10.00 79.00]
 [24.00 132.00]]
[[247.00 66.00]
 [24.00 132.00]]
[[24.00 132.00]
 [44.00 194.00]]
[[44.00 194.00]
 [265.00 128.00]]
[[247.00 66.00]
 [265.00 128.00]]
#3#
[[0.00 1.00 0.00 1.00 0.00 1.00]
 [1.00 0.00 1.00 0.00 0.00 0.00]
 [0.00 1.00 0.00 1.00 0.00 0.00]
 [1.00 0.00 1.00 0.00 1.00 0.00]
 [0.00 0.00 0.00 1.00 0.00 1.00]
 [1.00 0.00 0.00 0.00 1.00 0.00]]