#1#
[70.00 10.00]
[18.00 17.00]
[10.00 144.00]
[62.00 139.00]
[110.00 150.00]
[119.00 25.00]
#2#
[[70.00 10.00]
 [18.00 17.00]]
[[18.00 17.00]
 [10.00 144.00]]
[[10.00 144.00]
 [62.00 139.00]]
[[70.00 10.00]
 [62.00 139.00]]
[[62.00 139.00]
 [110.00 150.00]]
[[110.00 150.00]
 [119.00 25.00]]
[[70.00 10.00]
 [119.00 25.00]]
#3#
[[0.00 1.00 0.00 1.00 0.00 1.00]
 [1.00 0.00 1.00 0.00 0.00 0.00]
 [0.00 1.00 0.00 1.00 0.00 0.00]
 [1.00 0.00 1.00 0.00 1.00 0.00]
 [0.00 0.00 0.00 1.00 0.00 1.00]
 [1.00 0.00 0.00 0.00 1.00 0.00]]