#1#
[130.00 48.00]
[166.00 89.00]
[79.00 164.00]
[44.00 124.00]
[10.00 83.00]
[93.00 10.00]
#2#
[[130.00 48.00]
 [166.00 89.00]]
[[166.00 89.00]
 [79.00 164.00]]
[[79.00 164.00]
 [44.00 124.00]]
[[44.00 124.00]
 [10.00 83.00]]
[[10.00 83.00]
 [93.00 10.00]]
[[130.00 48.00]
 [93.00 10.00]]
[[130.00 48.00]
 [44.00 124.00]]
#3#
[[0.00 1.00 0.00 1.00 0.00 1.00]
 [1.00 0.00 1.00 0.00 0.00 0.00]
 [0.00 1.00 0.00 1.00 0.00 0.00]
 [1.00 0.00 1.00 0.00 1.00 0.00]
 [0.00 0.00 0.00 1.00 0.00 1.00]
 [1.00 0.00 0.00 0.00 1.00 0.00]]