#1#
[130.00 10.00]
[136.00 90.00]
[10.00 72.00]
[69.00 177.00]
[70.00 125.00]
[191.00 111.00]
#2#
[[130.00 10.00]
 [136.00 90.00]]
[[130.00 10.00]
 [10.00 72.00]]
[[10.00 72.00]
 [69.00 177.00]]
[[136.00 90.00]
 [70.00 125.00]]
[[136.00 90.00]
 [191.00 111.00]]
[[130.00 10.00]
 [191.00 111.00]]
[[10.00 72.00]
 [70.00 125.00]]
[[69.00 177.00]
 [70.00 125.00]]
[[69.00 177.00]
 [191.00 111.00]]
#3#
[[0.00 1.00 1.00 0.00 0.00 1.00]
 [1.00 0.00 0.00 0.00 1.00 1.00]
 [1.00 0.00 0.00 1.00 1.00 0.00]
 [0.00 0.00 1.00 0.00 1.00 1.00]
 [0.00 1.00 1.00 1.00 0.00 0.00]
 [1.00 1.00 0.00 1.00 0.00 0.00]]