#1#
[116.00 47.00]
[110.00 113.00]
[10.00 101.00]
[15.00 36.00]
[123.00 19.00]
[22.00 10.00]
#2#
[[116.00 47.00]
 [110.00 113.00]]
[[110.00 113.00]
 [10.00 101.00]]
[[10.00 101.00]
 [15.00 36.00]]
[[116.00 47.00]
 [123.00 19.00]]
[[123.00 19.00]
 [22.00 10.00]]
[[15.00 36.00]
 [22.00 10.00]]
[[116.00 47.00]
 [15.00 36.00]]
#3#
[[0.00 1.00 0.00 1.00 1.00 0.00]
 [1.00 0.00 1.00 0.00 0.00 0.00]
 [0.00 1.00 0.00 1.00 0.00 0.00]
 [1.00 0.00 1.00 0.00 0.00 1.00]
 [1.00 0.00 0.00 0.00 0.00 1.00]
 [0.00 0.00 0.00 1.00 1.00 0.00]]