#1#
[15.00 52.00]
[10.00 101.00]
[205.00 127.00]
[210.00 78.00]
[217.00 36.00]
[23.00 10.00]
#2#
[[15.00 52.00]
 [10.00 101.00]]
[[10.00 101.00]
 [205.00 127.00]]
[[205.00 127.00]
 [210.00 78.00]]
[[210.00 78.00]
 [217.00 36.00]]
[[217.00 36.00]
 [23.00 10.00]]
[[15.00 52.00]
 [23.00 10.00]]
[[15.00 52.00]
 [210.00 78.00]]
#3#
[[0.00 1.00 0.00 1.00 0.00 1.00]
 [1.00 0.00 1.00 0.00 0.00 0.00]
 [0.00 1.00 0.00 1.00 0.00 0.00]
 [1.00 0.00 1.00 0.00 1.00 0.00]
 [0.00 0.00 0.00 1.00 0.00 1.00]
 [1.00 0.00 0.00 0.00 1.00 0.00]]