#1#
[43.00 70.00]
[75.00 68.00]
[71.00 11.00]
[104.00 66.00]
[99.00 10.00]
[41.00 13.00]
[10.00 15.00]
[13.00 71.00]
#2#
[[43.00 70.00]
 [75.00 68.00]]
[[75.00 68.00]
 [71.00 11.00]]
[[75.00 68.00]
 [104.00 66.00]]
[[104.00 66.00]
 [99.00 10.00]]
[[71.00 11.00]
 [99.00 10.00]]
[[41.00 13.00]
 [10.00 15.00]]
[[10.00 15.00]
 [13.00 71.00]]
[[43.00 70.00]
 [13.00 71.00]]
[[43.00 70.00]
 [41.00 13.00]]
[[71.00 11.00]
 [41.00 13.00]]
#3#
[[0.00 1.00 0.00 0.00 0.00 1.00 0.00 1.00]
 [1.00 0.00 1.00 1.00 0.00 0.00 0.00 0.00]
 [0.00 1.00 0.00 0.00 1.00 1.00 0.00 0.00]
 [0.00 1.00 0.00 0.00 1.00 0.00 0.00 0.00]
 [0.00 0.00 1.00 1.00 0.00 0.00 0.00 0.00]
 [1.00 0.00 1.00 0.00 0.00 0.00 1.00 0.00]
 [0.00 0.00 0.00 0.00 0.00 1.00 0.00 1.00]
 [1.00 0.00 0.00 0.00 0.00 0.00 1.00 0.00]]