#1#
[27.00 100.00]
[10.00 49.00]
[127.00 10.00]
[142.00 59.00]
[157.00 109.00]
[42.00 147.00]
#2#
[[27.00 100.00]
 [10.00 49.00]]
[[10.00 49.00]
 [127.00 10.00]]
[[127.00 10.00]
 [142.00 59.00]]
[[27.00 100.00]
 [142.00 59.00]]
[[142.00 59.00]
 [157.00 109.00]]
[[157.00 109.00]
 [42.00 147.00]]
[[27.00 100.00]
 [42.00 147.00]]
#3#
[[0.00 1.00 0.00 1.00 0.00 1.00]
 [1.00 0.00 1.00 0.00 0.00 0.00]
 [0.00 1.00 0.00 1.00 0.00 0.00]
 [1.00 0.00 1.00 0.00 1.00 0.00]
 [0.00 0.00 0.00 1.00 0.00 1.00]
 [1.00 0.00 0.00 0.00 1.00 0.00]]