#1#
[105.00 28.00]
[165.00 37.00]
[137.00 183.00]
[74.00 176.00]
[10.00 159.00]
[40.00 10.00]
#2#
[[105.00 28.00]
 [165.00 37.00]]
[[165.00 37.00]
 [137.00 183.00]]
[[137.00 183.00]
 [74.00 176.00]]
[[105.00 28.00]
 [74.00 176.00]]
[[74.00 176.00]
 [10.00 159.00]]
[[10.00 159.00]
 [40.00 10.00]]
[[105.00 28.00]
 [40.00 10.00]]
#3#
[[0.00 1.00 0.00 1.00 0.00 1.00]
 [1.00 0.00 1.00 0.00 0.00 0.00]
 [0.00 1.00 0.00 1.00 0.00 0.00]
 [1.00 0.00 1.00 0.00 1.00 0.00]
 [0.00 0.00 0.00 1.00 0.00 1.00]
 [1.00 0.00 0.00 0.00 1.00 0.00]]