#1#
[16.00 68.00]
[25.00 10.00]
[153.00 28.00]
[144.00 85.00]
[137.00 149.00]
[10.00 132.00]
#2#
[[16.00 68.00]
 [25.00 10.00]]
[[25.00 10.00]
 [153.00 28.00]]
[[153.00 28.00]
 [144.00 85.00]]
[[144.00 85.00]
 [137.00 149.00]]
[[137.00 149.00]
 [10.00 132.00]]
[[16.00 68.00]
 [10.00 132.00]]
[[16.00 68.00]
 [144.00 85.00]]
#3#
[[0.00 1.00 0.00 1.00 0.00 1.00]
 [1.00 0.00 1.00 0.00 0.00 0.00]
 [0.00 1.00 0.00 1.00 0.00 0.00]
 [1.00 0.00 1.00 0.00 1.00 0.00]
 [0.00 0.00 0.00 1.00 0.00 1.00]
 [1.00 0.00 0.00 0.00 1.00 0.00]]