#1#
[77.00 23.00]
[82.00 171.00]
[143.00 10.00]
[149.00 159.00]
[14.00 166.00]
[10.00 16.00]
#2#
[[77.00 23.00]
 [82.00 171.00]]
[[77.00 23.00]
 [143.00 10.00]]
[[143.00 10.00]
 [149.00 159.00]]
[[82.00 171.00]
 [149.00 159.00]]
[[82.00 171.00]
 [14.00 166.00]]
[[14.00 166.00]
 [10.00 16.00]]
[[77.00 23.00]
 [10.00 16.00]]
#3#
[[0.00 1.00 1.00 0.00 0.00 1.00]
 [1.00 0.00 0.00 1.00 1.00 0.00]
 [1.00 0.00 0.00 1.00 0.00 0.00]
 [0.00 1.00 1.00 0.00 0.00 0.00]
 [0.00 1.00 0.00 0.00 0.00 1.00]
 [1.00 0.00 0.00 0.00 1.00 0.00]]