#1#
[24.00 39.00]
[38.00 10.00]
[107.00 47.00]
[93.00 75.00]
[76.00 103.00]
[10.00 67.00]
#2#
[[24.00 39.00]
 [38.00 10.00]]
[[38.00 10.00]
 [107.00 47.00]]
[[107.00 47.00]
 [93.00 75.00]]
[[24.00 39.00]
 [93.00 75.00]]
[[93.00 75.00]
 [76.00 103.00]]
[[76.00 103.00]
 [10.00 67.00]]
[[24.00 39.00]
 [10.00 67.00]]
#3#
[[0.00 1.00 0.00 1.00 0.00 1.00]
 [1.00 0.00 1.00 0.00 0.00 0.00]
 [0.00 1.00 0.00 1.00 0.00 0.00]
 [1.00 0.00 1.00 0.00 1.00 0.00]
 [0.00 0.00 0.00 1.00 0.00 1.00]
 [1.00 0.00 0.00 0.00 1.00 0.00]]