#1#
[98.00 24.00]
[150.00 57.00]
[108.00 144.00]
[57.00 114.00]
[10.00 100.00]
[50.00 10.00]
#2#
[[98.00 24.00]
 [150.00 57.00]]
[[150.00 57.00]
 [108.00 144.00]]
[[108.00 144.00]
 [57.00 114.00]]
[[98.00 24.00]
 [57.00 114.00]]
[[57.00 114.00]
 [10.00 100.00]]
[[10.00 100.00]
 [50.00 10.00]]
[[98.00 24.00]
 [50.00 10.00]]
#3#
[[0.00 1.00 0.00 1.00 0.00 1.00]
 [1.00 0.00 1.00 0.00 0.00 0.00]
 [0.00 1.00 0.00 1.00 0.00 0.00]
 [1.00 0.00 1.00 0.00 1.00 0.00]
 [0.00 0.00 0.00 1.00 0.00 1.00]
 [1.00 0.00 0.00 0.00 1.00 0.00]]