#1#
[135.00 44.00]
[150.00 74.00]
[64.00 128.00]
[51.00 101.00]
[192.00 69.00]
[164.00 10.00]
[10.00 112.00]
[38.00 172.00]
[225.00 99.00]
[70.00 199.00]
#2#
[[135.00 44.00]
 [150.00 74.00]]
[[150.00 74.00]
 [64.00 128.00]]
[[64.00 128.00]
 [51.00 101.00]]
[[135.00 44.00]
 [51.00 101.00]]
[[192.00 69.00]
 [164.00 10.00]]
[[164.00 10.00]
 [10.00 112.00]]
[[10.00 112.00]
 [38.00 172.00]]
[[225.00 99.00]
 [192.00 69.00]]
[[225.00 99.00]
 [70.00 199.00]]
[[70.00 199.00]
 [38.00 172.00]]
[[192.00 69.00]
 [38.00 172.00]]
#3#
[[0.00 1.00 0.00 1.00 0.00 0.00 0.00 0.00 0.00 0.00]
 [1.00 0.00 1.00 0.00 0.00 0.00 0.00 0.00 0.00 0.00]
 [0.00 1.00 0.00 1.00 0.00 0.00 0.00 0.00 0.00 0.00]
 [1.00 0.00 1.00 0.00 0.00 0.00 0.00 0.00 0.00 0.00]
 [0.00 0.00 0.00 0.00 0.00 1.00 0.00 1.00 1.00 0.00]
 [0.00 0.00 0.00 0.00 1.00 0.00 1.00 0.00 0.00 0.00]
 [0.00 0.00 0.00 0.00 0.00 1.00 0.00 1.00 0.00 0.00]
 [0.00 0.00 0.00 0.00 1.00 0.00 1.00 0.00 0.00 1.00]
 [0.00 0.00 0.00 0.00 1.00 0.00 0.00 0.00 0.00 1.00]
 [0.00 0.00 0.00 0.00 0.00 0.00 0.00 1.00 1.00 0.00]]