#1#
[19.00 57.00]
[26.00 10.00]
[147.00 28.00]
[142.00 75.00]
[129.00 142.00]
[10.00 124.00]
#2#
[[19.00 57.00]
 [26.00 10.00]]
[[26.00 10.00]
 [147.00 28.00]]
[[147.00 28.00]
 [142.00 75.00]]
[[19.00 57.00]
 [142.00 75.00]]
[[142.00 75.00]
 [129.00 142.00]]
[[129.00 142.00]
 [10.00 124.00]]
[[19.00 57.00]
 [10.00 124.00]]
#3#
[[0.00 1.00 0.00 1.00 0.00 1.00]
 [1.00 0.00 1.00 0.00 0.00 0.00]
 [0.00 1.00 0.00 1.00 0.00 0.00]
 [1.00 0.00 1.00 0.00 1.00 0.00]
 [0.00 0.00 0.00 1.00 0.00 1.00]
 [1.00 0.00 0.00 0.00 1.00 0.00]]