#1#
[61.00 26.00]
[112.00 10.00]
[146.00 116.00]
[95.00 132.00]
[43.00 148.00]
[10.00 42.00]
#2#
[[61.00 26.00]
 [112.00 10.00]]
[[112.00 10.00]
 [146.00 116.00]]
[[146.00 116.00]
 [95.00 132.00]]
[[95.00 132.00]
 [43.00 148.00]]
[[43.00 148.00]
 [10.00 42.00]]
[[61.00 26.00]
 [10.00 42.00]]
[[61.00 26.00]
 [95.00 132.00]]
#3#
[[0.00 1.00 0.00 1.00 0.00 1.00]
 [1.00 0.00 1.00 0.00 0.00 0.00]
 [0.00 1.00 0.00 1.00 0.00 0.00]
 [1.00 0.00 1.00 0.00 1.00 0.00]
 [0.00 0.00 0.00 1.00 0.00 1.00]
 [1.00 0.00 0.00 0.00 1.00 0.00]]