#1#
[97.00 27.00]
[47.00 109.00]
[59.00 10.00]
[10.00 91.00]
[89.00 140.00]
[139.00 59.00]
#2#
[[97.00 27.00]
 [47.00 109.00]]
[[97.00 27.00]
 [59.00 10.00]]
[[59.00 10.00]
 [10.00 91.00]]
[[47.00 109.00]
 [10.00 91.00]]
[[47.00 109.00]
 [89.00 140.00]]
[[89.00 140.00]
 [139.00 59.00]]
[[97.00 27.00]
 [139.00 59.00]]
#3#
[[0.00 1.00 1.00 0.00 0.00 1.00]
 [1.00 0.00 0.00 1.00 1.00 0.00]
 [1.00 0.00 0.00 1.00 0.00 0.00]
 [0.00 1.00 1.00 0.00 0.00 0.00]
 [0.00 1.00 0.00 0.00 0.00 1.00]
 [1.00 0.00 0.00 0.00 1.00 0.00]]