#1#
[123.00 18.00]
[77.00 6.00]
[10.00 217.00]
[56.00 231.00]
[106.00 248.00]
[173.00 36.00]
#2#
[[123.00 18.00]
 [77.00 6.00]]
[[77.00 6.00]
 [10.00 217.00]]
[[10.00 217.00]
 [56.00 231.00]]
[[123.00 18.00]
 [56.00 231.00]]
[[56.00 231.00]
 [106.00 248.00]]
[[106.00 248.00]
 [173.00 36.00]]
[[123.00 18.00]
 [173.00 36.00]]
#3#
[[0.00 1.00 0.00 1.00 0.00 1.00]
 [1.00 0.00 1.00 0.00 0.00 0.00]
 [0.00 1.00 0.00 1.00 0.00 0.00]
 [1.00 0.00 1.00 0.00 1.00 0.00]
 [0.00 0.00 0.00 1.00 0.00 1.00]
 [1.00 0.00 0.00 0.00 1.00 0.00]]