#1#
[140.00 138.00]
[151.00 118.00]
[166.00 89.00]
[252.00 134.00]
[227.00 183.00]
[175.00 73.00]
[57.00 10.00]
[32.00 57.00]
[10.00 97.00]
[130.00 159.00]
#2#
[[140.00 138.00]
 [151.00 118.00]]
[[151.00 118.00]
 [166.00 89.00]]
[[166.00 89.00]
 [252.00 134.00]]
[[252.00 134.00]
 [227.00 183.00]]
[[140.00 138.00]
 [227.00 183.00]]
[[166.00 89.00]
 [175.00 73.00]]
[[175.00 73.00]
 [57.00 10.00]]
[[57.00 10.00]
 [32.00 57.00]]
[[10.00 97.00]
 [32.00 57.00]]
[[10.00 97.00]
 [130.00 159.00]]
[[140.00 138.00]
 [130.00 159.00]]
[[151.00 118.00]
 [32.00 57.00]]
#3#
[[0.00 1.00 0.00 0.00 1.00 0.00 0.00 0.00 0.00 1.00]
 [1.00 0.00 1.00 0.00 0.00 0.00 0.00 1.00 0.00 0.00]
 [0.00 1.00 0.00 1.00 0.00 1.00 0.00 0.00 0.00 0.00]
 [0.00 0.00 1.00 0.00 1.00 0.00 0.00 0.00 0.00 0.00]
 [1.00 0.00 0.00 1.00 0.00 0.00 0.00 0.00 0.00 0.00]
 [0.00 0.00 1.00 0.00 0.00 0.00 1.00 0.00 0.00 0.00]
 [0.00 0.00 0.00 0.00 0.00 1.00 0.00 1.00 0.00 0.00]
 [0.00 1.00 0.00 0.00 0.00 0.00 1.00 0.00 1.00 0.00]
 [0.00 0.00 0.00 0.00 0.00 0.00 0.00 1.00 0.00 1.00]
 [1.00 0.00 0.00 0.00 0.00 0.00 0.00 0.00 1.00 0.00]]