#1#
[122.00 99.00]
[98.00 140.00]
[10.00 82.00]
[33.00 41.00]
[57.00 10.00]
[144.00 65.00]
#2#
[[122.00 99.00]
 [98.00 140.00]]
[[98.00 140.00]
 [10.00 82.00]]
[[10.00 82.00]
 [33.00 41.00]]
[[122.00 99.00]
 [33.00 41.00]]
[[33.00 41.00]
 [57.00 10.00]]
[[57.00 10.00]
 [144.00 65.00]]
[[122.00 99.00]
 [144.00 65.00]]
#3#
[[0.00 1.00 0.00 1.00 0.00 1.00]
 [1.00 0.00 1.00 0.00 0.00 0.00]
 [0.00 1.00 0.00 1.00 0.00 0.00]
 [1.00 0.00 1.00 0.00 1.00 0.00]
 [0.00 0.00 0.00 1.00 0.00 1.00]
 [1.00 0.00 0.00 0.00 1.00 0.00]]