#1#
[136.00 47.00]
[121.00 10.00]
[10.00 62.00]
[27.00 98.00]
[156.00 90.00]
[48.00 140.00]
#2#
[[136.00 47.00]
 [121.00 10.00]]
[[121.00 10.00]
 [10.00 62.00]]
[[10.00 62.00]
 [27.00 98.00]]
[[136.00 47.00]
 [156.00 90.00]]
[[156.00 90.00]
 [48.00 140.00]]
[[27.00 98.00]
 [48.00 140.00]]
[[136.00 47.00]
 [27.00 98.00]]
#3#
[[0.00 1.00 0.00 1.00 1.00 0.00]
 [1.00 0.00 1.00 0.00 0.00 0.00]
 [0.00 1.00 0.00 1.00 0.00 0.00]
 [1.00 0.00 1.00 0.00 0.00 1.00]
 [1.00 0.00 0.00 0.00 0.00 1.00]
 [0.00 0.00 0.00 1.00 1.00 0.00]]