#1#
[25.00 62.00]
[160.00 95.00]
[10.00 141.00]
[141.00 173.00]
[173.00 42.00]
[38.00 10.00]
#2#
[[25.00 62.00]
 [160.00 95.00]]
[[25.00 62.00]
 [10.00 141.00]]
[[10.00 141.00]
 [141.00 173.00]]
[[160.00 95.00]
 [141.00 173.00]]
[[160.00 95.00]
 [173.00 42.00]]
[[173.00 42.00]
 [38.00 10.00]]
[[25.00 62.00]
 [38.00 10.00]]
#3#
[[0.00 1.00 1.00 0.00 0.00 1.00]
 [1.00 0.00 0.00 1.00 1.00 0.00]
 [1.00 0.00 0.00 1.00 0.00 0.00]
 [0.00 1.00 1.00 0.00 0.00 0.00]
 [0.00 1.00 0.00 0.00 0.00 1.00]
 [1.00 0.00 0.00 0.00 1.00 0.00]]