#1#
[67.00 24.00]
[129.00 10.00]
[158.00 141.00]
[97.00 158.00]
[10.00 36.00]
[39.00 167.00]
#2#
[[67.00 24.00]
 [129.00 10.00]]
[[129.00 10.00]
 [158.00 141.00]]
[[158.00 141.00]
 [97.00 158.00]]
[[67.00 24.00]
 [97.00 158.00]]
[[67.00 24.00]
 [10.00 36.00]]
[[10.00 36.00]
 [39.00 167.00]]
[[97.00 158.00]
 [39.00 167.00]]
#3#
[[0.00 1.00 0.00 1.00 1.00 0.00]
 [1.00 0.00 1.00 0.00 0.00 0.00]
 [0.00 1.00 0.00 1.00 0.00 0.00]
 [1.00 0.00 1.00 0.00 0.00 1.00]
 [1.00 0.00 0.00 0.00 0.00 1.00]
 [0.00 0.00 0.00 1.00 1.00 0.00]]