#1#
[233.00 78.00]
[267.00 137.00]
[78.00 235.00]
[41.00 174.00]
[10.00 109.00]
[199.00 10.00]
#2#
[[233.00 78.00]
 [267.00 137.00]]
[[267.00 137.00]
 [78.00 235.00]]
[[78.00 235.00]
 [41.00 174.00]]
[[41.00 174.00]
 [10.00 109.00]]
[[10.00 109.00]
 [199.00 10.00]]
[[233.00 78.00]
 [199.00 10.00]]
[[233.00 78.00]
 [41.00 174.00]]
#3#
[[0.00 1.00 0.00 1.00 0.00 1.00]
 [1.00 0.00 1.00 0.00 0.00 0.00]
 [0.00 1.00 0.00 1.00 0.00 0.00]
 [1.00 0.00 1.00 0.00 1.00 0.00]
 [0.00 0.00 0.00 1.00 0.00 1.00]
 [1.00 0.00 0.00 0.00 1.00 0.00]]