#1#
[101.00 181.00]
[108.00 119.00]
[181.00 110.00]
[74.00 86.00]
[10.00 86.00]
[88.00 10.00]
#2#
[[101.00 181.00]
 [108.00 119.00]]
[[108.00 119.00]
 [181.00 110.00]]
[[108.00 119.00]
 [74.00 86.00]]
[[101.00 181.00]
 [181.00 110.00]]
[[74.00 86.00]
 [10.00 86.00]]
[[74.00 86.00]
 [88.00 10.00]]
[[101.00 181.00]
 [10.00 86.00]]
[[10.00 86.00]
 [88.00 10.00]]
[[181.00 110.00]
 [88.00 10.00]]
#3#
[[0.00 1.00 1.00 0.00 1.00 0.00]
 [1.00 0.00 1.00 1.00 0.00 0.00]
 [1.00 1.00 0.00 0.00 0.00 1.00]
 [0.00 1.00 0.00 0.00 1.00 1.00]
 [1.00 0.00 0.00 1.00 0.00 1.00]
 [0.00 0.00 1.00 1.00 1.00 0.00]]