#1#
[111.00 28.00]
[199.00 89.00]
[170.00 137.00]
[79.00 78.00]
[57.00 81.00]
[101.00 10.00]
[220.00 90.00]
[176.00 161.00]
[10.00 139.00]
[128.00 218.00]
#2#
[[111.00 28.00]
 [199.00 89.00]]
[[199.00 89.00]
 [170.00 137.00]]
[[170.00 137.00]
 [79.00 78.00]]
[[111.00 28.00]
 [79.00 78.00]]
[[57.00 81.00]
 [101.00 10.00]]
[[101.00 10.00]
 [220.00 90.00]]
[[220.00 90.00]
 [176.00 161.00]]
[[10.00 139.00]
 [57.00 81.00]]
[[10.00 139.00]
 [128.00 218.00]]
[[128.00 218.00]
 [176.00 161.00]]
[[57.00 81.00]
 [176.00 161.00]]
#3#
[[0.00 1.00 0.00 1.00 0.00 0.00 0.00 0.00 0.00 0.00]
 [1.00 0.00 1.00 0.00 0.00 0.00 0.00 0.00 0.00 0.00]
 [0.00 1.00 0.00 1.00 0.00 0.00 0.00 0.00 0.00 0.00]
 [1.00 0.00 1.00 0.00 0.00 0.00 0.00 0.00 0.00 0.00]
 [0.00 0.00 0.00 0.00 0.00 1.00 0.00 1.00 1.00 0.00]
 [0.00 0.00 0.00 0.00 1.00 0.00 1.00 0.00 0.00 0.00]
 [0.00 0.00 0.00 0.00 0.00 1.00 0.00 1.00 0.00 0.00]
 [0.00 0.00 0.00 0.00 1.00 0.00 1.00 0.00 0.00 1.00]
 [0.00 0.00 0.00 0.00 1.00 0.00 0.00 0.00 0.00 1.00]
 [0.00 0.00 0.00 0.00 0.00 0.00 0.00 1.00 1.00 0.00]]