#1#
[71.00 122.00]
[64.00 10.00]
[10.00 22.00]
[16.00 137.00]
[122.00 128.00]
[116.00 13.00]
#2#
[[71.00 122.00]
 [64.00 10.00]]
[[64.00 10.00]
 [10.00 22.00]]
[[10.00 22.00]
 [16.00 137.00]]
[[71.00 122.00]
 [16.00 137.00]]
[[71.00 122.00]
 [122.00 128.00]]
[[122.00 128.00]
 [116.00 13.00]]
[[64.00 10.00]
 [116.00 13.00]]
#3#
[[0.00 1.00 0.00 1.00 1.00 0.00]
 [1.00 0.00 1.00 0.00 0.00 1.00]
 [0.00 1.00 0.00 1.00 0.00 0.00]
 [1.00 0.00 1.00 0.00 0.00 0.00]
 [1.00 0.00 0.00 0.00 0.00 1.00]
 [0.00 1.00 0.00 0.00 1.00 0.00]]