#1#
[36.00 49.00]
[69.00 10.00]
[249.00 125.00]
[216.00 164.00]
[10.00 103.00]
[188.00 216.00]
#2#
[[36.00 49.00]
 [69.00 10.00]]
[[69.00 10.00]
 [249.00 125.00]]
[[249.00 125.00]
 [216.00 164.00]]
[[36.00 49.00]
 [10.00 103.00]]
[[10.00 103.00]
 [188.00 216.00]]
[[216.00 164.00]
 [188.00 216.00]]
[[36.00 49.00]
 [216.00 164.00]]
#3#
[[0.00 1.00 0.00 1.00 1.00 0.00]
 [1.00 0.00 1.00 0.00 0.00 0.00]
 [0.00 1.00 0.00 1.00 0.00 0.00]
 [1.00 0.00 1.00 0.00 0.00 1.00]
 [1.00 0.00 0.00 0.00 0.00 1.00]
 [0.00 0.00 0.00 1.00 1.00 0.00]]