#1#
[10.00 59.00]
[122.00 56.00]
[121.00 111.00]
[13.00 112.00]
[10.00 12.00]
[121.00 10.00]
#2#
[[10.00 59.00]
 [122.00 56.00]]
[[122.00 56.00]
 [121.00 111.00]]
[[121.00 111.00]
 [13.00 112.00]]
[[10.00 59.00]
 [13.00 112.00]]
[[10.00 59.00]
 [10.00 12.00]]
[[10.00 12.00]
 [121.00 10.00]]
[[122.00 56.00]
 [121.00 10.00]]
#3#
[[0.00 1.00 0.00 1.00 1.00 0.00]
 [1.00 0.00 1.00 0.00 0.00 1.00]
 [0.00 1.00 0.00 1.00 0.00 0.00]
 [1.00 0.00 1.00 0.00 0.00 0.00]
 [1.00 0.00 0.00 0.00 0.00 1.00]
 [0.00 1.00 0.00 0.00 1.00 0.00]]