#1#
[128.00 111.00]
[11.00 107.00]
[15.00 44.00]
[47.00 45.00]
[50.00 10.00]
[99.00 13.00]
[98.00 47.00]
[131.00 48.00]
[125.00 162.00]
[10.00 157.00]
#2#
[[128.00 111.00]
 [11.00 107.00]]
[[11.00 107.00]
 [15.00 44.00]]
[[15.00 44.00]
 [47.00 45.00]]
[[47.00 45.00]
 [50.00 10.00]]
[[50.00 10.00]
 [99.00 13.00]]
[[99.00 13.00]
 [98.00 47.00]]
[[98.00 47.00]
 [131.00 48.00]]
[[128.00 111.00]
 [131.00 48.00]]
[[128.00 111.00]
 [125.00 162.00]]
[[125.00 162.00]
 [10.00 157.00]]
[[10.00 157.00]
 [11.00 107.00]]
#3#
[[0.00 1.00 0.00 0.00 0.00 0.00 0.00 1.00 1.00 0.00]
 [1.00 0.00 1.00 0.00 0.00 0.00 0.00 0.00 0.00 1.00]
 [0.00 1.00 0.00 1.00 0.00 0.00 0.00 0.00 0.00 0.00]
 [0.00 0.00 1.00 0.00 1.00 0.00 0.00 0.00 0.00 0.00]
 [0.00 0.00 0.00 1.00 0.00 1.00 0.00 0.00 0.00 0.00]
 [0.00 0.00 0.00 0.00 1.00 0.00 1.00 0.00 0.00 0.00]
 [0.00 0.00 0.00 0.00 0.00 1.00 0.00 1.00 0.00 0.00]
 [1.00 0.00 0.00 0.00 0.00 0.00 1.00 0.00 0.00 0.00]
 [1.00 0.00 0.00 0.00 0.00 0.00 0.00 0.00 0.00 1.00]
 [0.00 1.00 0.00 0.00 0.00 0.00 0.00 0.00 1.00 0.00]]