#1#
[66.00 110.00]
[60.00 33.00]
[10.00 17.00]
[21.00 151.00]
[122.00 144.00]
[113.00 10.00]
#2#
[[66.00 110.00]
 [60.00 33.00]]
[[60.00 33.00]
 [10.00 17.00]]
[[10.00 17.00]
 [21.00 151.00]]
[[66.00 110.00]
 [21.00 151.00]]
[[21.00 151.00]
 [122.00 144.00]]
[[66.00 110.00]
 [122.00 144.00]]
[[122.00 144.00]
 [113.00 10.00]]
[[10.00 17.00]
 [113.00 10.00]]
[[60.00 33.00]
 [113.00 10.00]]
#3#
[[0.00 1.00 0.00 1.00 1.00 0.00]
 [1.00 0.00 1.00 0.00 0.00 1.00]
 [0.00 1.00 0.00 1.00 0.00 1.00]
 [1.00 0.00 1.00 0.00 1.00 0.00]
 [1.00 0.00 0.00 1.00 0.00 1.00]
 [0.00 1.00 1.00 0.00 1.00 0.00]]