#1#
[46.00 265.00]
[80.00 289.00]
[226.00 55.00]
[189.00 33.00]
[153.00 10.00]
[10.00 241.00]
#2#
[[46.00 265.00]
 [80.00 289.00]]
[[80.00 289.00]
 [226.00 55.00]]
[[226.00 55.00]
 [189.00 33.00]]
[[46.00 265.00]
 [189.00 33.00]]
[[189.00 33.00]
 [153.00 10.00]]
[[153.00 10.00]
 [10.00 241.00]]
[[46.00 265.00]
 [10.00 241.00]]
#3#
[[0.00 1.00 0.00 1.00 0.00 1.00]
 [1.00 0.00 1.00 0.00 0.00 0.00]
 [0.00 1.00 0.00 1.00 0.00 0.00]
 [1.00 0.00 1.00 0.00 1.00 0.00]
 [0.00 0.00 0.00 1.00 0.00 1.00]
 [1.00 0.00 0.00 0.00 1.00 0.00]]