#1#
[172.00 59.00]
[23.00 94.00]
[185.00 135.00]
[38.00 169.00]
[10.00 44.00]
[158.00 10.00]
#2#
[[172.00 59.00]
 [23.00 94.00]]
[[172.00 59.00]
 [185.00 135.00]]
[[185.00 135.00]
 [38.00 169.00]]
[[23.00 94.00]
 [38.00 169.00]]
[[23.00 94.00]
 [10.00 44.00]]
[[10.00 44.00]
 [158.00 10.00]]
[[172.00 59.00]
 [158.00 10.00]]
#3#
[[0.00 1.00 1.00 0.00 0.00 1.00]
 [1.00 0.00 0.00 1.00 1.00 0.00]
 [1.00 0.00 0.00 1.00 0.00 0.00]
 [0.00 1.00 1.00 0.00 0.00 0.00]
 [0.00 1.00 0.00 0.00 0.00 1.00]
 [1.00 0.00 0.00 0.00 1.00 0.00]]