#1#
[10.00 77.00]
[143.00 82.00]
[11.00 129.00]
[144.00 133.00]
[148.00 14.00]
[15.00 10.00]
#2#
[[10.00 77.00]
 [143.00 82.00]]
[[10.00 77.00]
 [11.00 129.00]]
[[11.00 129.00]
 [144.00 133.00]]
[[143.00 82.00]
 [144.00 133.00]]
[[143.00 82.00]
 [148.00 14.00]]
[[148.00 14.00]
 [15.00 10.00]]
[[10.00 77.00]
 [15.00 10.00]]
#3#
[[0.00 1.00 1.00 0.00 0.00 1.00]
 [1.00 0.00 0.00 1.00 1.00 0.00]
 [1.00 0.00 0.00 1.00 0.00 0.00]
 [0.00 1.00 1.00 0.00 0.00 0.00]
 [0.00 1.00 0.00 0.00 0.00 1.00]
 [1.00 0.00 0.00 0.00 1.00 0.00]]