#1#
[157.00 69.00]
[67.00 168.00]
[211.00 112.00]
[118.00 211.00]
[10.00 108.00]
[102.00 10.00]
#2#
[[157.00 69.00]
 [67.00 168.00]]
[[157.00 69.00]
 [211.00 112.00]]
[[211.00 112.00]
 [118.00 211.00]]
[[67.00 168.00]
 [118.00 211.00]]
[[67.00 168.00]
 [10.00 108.00]]
[[10.00 108.00]
 [102.00 10.00]]
[[157.00 69.00]
 [102.00 10.00]]
#3#
[[0.00 1.00 1.00 0.00 0.00 1.00]
 [1.00 0.00 0.00 1.00 1.00 0.00]
 [1.00 0.00 0.00 1.00 0.00 0.00]
 [0.00 1.00 1.00 0.00 0.00 0.00]
 [0.00 1.00 0.00 0.00 0.00 1.00]
 [1.00 0.00 0.00 0.00 1.00 0.00]]