#1#
[133.00 54.00]
[126.00 10.00]
[10.00 18.00]
[17.00 62.00]
[22.00 130.00]
[131.00 123.00]
#2#
[[133.00 54.00]
 [126.00 10.00]]
[[126.00 10.00]
 [10.00 18.00]]
[[10.00 18.00]
 [17.00 62.00]]
[[133.00 54.00]
 [17.00 62.00]]
[[17.00 62.00]
 [22.00 130.00]]
[[22.00 130.00]
 [131.00 123.00]]
[[133.00 54.00]
 [131.00 123.00]]
#3#
[[0.00 1.00 0.00 1.00 0.00 1.00]
 [1.00 0.00 1.00 0.00 0.00 0.00]
 [0.00 1.00 0.00 1.00 0.00 0.00]
 [1.00 0.00 1.00 0.00 1.00 0.00]
 [0.00 0.00 0.00 1.00 0.00 1.00]
 [1.00 0.00 0.00 0.00 1.00 0.00]]