#1#
[63.00 149.00]
[116.00 152.00]
[130.00 23.00]
[77.00 15.00]
[23.00 10.00]
[10.00 143.00]
#2#
[[63.00 149.00]
 [116.00 152.00]]
[[116.00 152.00]
 [130.00 23.00]]
[[130.00 23.00]
 [77.00 15.00]]
[[77.00 15.00]
 [23.00 10.00]]
[[23.00 10.00]
 [10.00 143.00]]
[[63.00 149.00]
 [10.00 143.00]]
[[63.00 149.00]
 [77.00 15.00]]
#3#
[[0.00 1.00 0.00 1.00 0.00 1.00]
 [1.00 0.00 1.00 0.00 0.00 0.00]
 [0.00 1.00 0.00 1.00 0.00 0.00]
 [1.00 0.00 1.00 0.00 1.00 0.00]
 [0.00 0.00 0.00 1.00 0.00 1.00]
 [1.00 0.00 0.00 0.00 1.00 0.00]]