#1#
[11.00 66.00]
[153.00 68.00]
[153.00 13.00]
[13.00 10.00]
[10.00 113.00]
[153.00 117.00]
#2#
[[11.00 66.00]
 [153.00 68.00]]
[[153.00 68.00]
 [153.00 13.00]]
[[153.00 13.00]
 [13.00 10.00]]
[[11.00 66.00]
 [13.00 10.00]]
[[11.00 66.00]
 [10.00 113.00]]
[[10.00 113.00]
 [153.00 117.00]]
[[153.00 68.00]
 [153.00 117.00]]
#3#
[[0.00 1.00 0.00 1.00 1.00 0.00]
 [1.00 0.00 1.00 0.00 0.00 1.00]
 [0.00 1.00 0.00 1.00 0.00 0.00]
 [1.00 0.00 1.00 0.00 0.00 0.00]
 [1.00 0.00 0.00 0.00 0.00 1.00]
 [0.00 1.00 0.00 0.00 1.00 0.00]]