#1#
[72.00 18.00]
[32.00 10.00]
[21.00 58.00]
[112.00 25.00]
[106.00 55.00]
[65.00 46.00]
[124.00 81.00]
[10.00 114.00]
[113.00 136.00]
[136.00 32.00]
#2#
[[72.00 18.00]
 [32.00 10.00]]
[[32.00 10.00]
 [21.00 58.00]]
[[72.00 18.00]
 [112.00 25.00]]
[[112.00 25.00]
 [106.00 55.00]]
[[106.00 55.00]
 [65.00 46.00]]
[[72.00 18.00]
 [65.00 46.00]]
[[21.00 58.00]
 [124.00 81.00]]
[[21.00 58.00]
 [10.00 114.00]]
[[113.00 136.00]
 [10.00 114.00]]
[[113.00 136.00]
 [124.00 81.00]]
[[136.00 32.00]
 [124.00 81.00]]
[[136.00 32.00]
 [112.00 25.00]]
#3#
[[0.00 1.00 0.00 1.00 0.00 1.00 0.00 0.00 0.00 0.00]
 [1.00 0.00 1.00 0.00 0.00 0.00 0.00 0.00 0.00 0.00]
 [0.00 1.00 0.00 0.00 0.00 0.00 1.00 1.00 0.00 0.00]
 [1.00 0.00 0.00 0.00 1.00 0.00 0.00 0.00 0.00 1.00]
 [0.00 0.00 0.00 1.00 0.00 1.00 0.00 0.00 0.00 0.00]
 [1.00 0.00 0.00 0.00 1.00 0.00 0.00 0.00 0.00 0.00]
 [0.00 0.00 1.00 0.00 0.00 0.00 0.00 0.00 1.00 1.00]
 [0.00 0.00 1.00 0.00 0.00 0.00 0.00 0.00 1.00 0.00]
 [0.00 0.00 0.00 0.00 0.00 0.00 1.00 1.00 0.00 0.00]
 [0.00 0.00 0.00 1.00 0.00 0.00 1.00 0.00 0.00 0.00]]