#1#
[43.00 59.00]
[81.00 10.00]
[170.00 80.00]
[132.00 128.00]
[98.00 171.00]
[10.00 101.00]
#2#
[[43.00 59.00]
 [81.00 10.00]]
[[81.00 10.00]
 [170.00 80.00]]
[[170.00 80.00]
 [132.00 128.00]]
[[43.00 59.00]
 [132.00 128.00]]
[[132.00 128.00]
 [98.00 171.00]]
[[98.00 171.00]
 [10.00 101.00]]
[[43.00 59.00]
 [10.00 101.00]]
#3#
[[0.00 1.00 0.00 1.00 0.00 1.00]
 [1.00 0.00 1.00 0.00 0.00 0.00]
 [0.00 1.00 0.00 1.00 0.00 0.00]
 [1.00 0.00 1.00 0.00 1.00 0.00]
 [0.00 0.00 0.00 1.00 0.00 1.00]
 [1.00 0.00 0.00 0.00 1.00 0.00]]