#1#
[42.00 75.00]
[145.00 148.00]
[10.00 108.00]
[112.00 182.00]
[182.00 83.00]
[80.00 10.00]
#2#
[[42.00 75.00]
 [145.00 148.00]]
[[42.00 75.00]
 [10.00 108.00]]
[[10.00 108.00]
 [112.00 182.00]]
[[145.00 148.00]
 [112.00 182.00]]
[[145.00 148.00]
 [182.00 83.00]]
[[182.00 83.00]
 [80.00 10.00]]
[[42.00 75.00]
 [80.00 10.00]]
#3#
[[0.00 1.00 1.00 0.00 0.00 1.00]
 [1.00 0.00 0.00 1.00 1.00 0.00]
 [1.00 0.00 0.00 1.00 0.00 0.00]
 [0.00 1.00 1.00 0.00 0.00 0.00]
 [0.00 1.00 0.00 0.00 0.00 1.00]
 [1.00 0.00 0.00 0.00 1.00 0.00]]