#1#
[128.00 75.00]
[33.00 115.00]
[143.00 101.00]
[49.00 140.00]
[10.00 49.00]
[107.00 10.00]
#2#
[[128.00 75.00]
 [33.00 115.00]]
[[128.00 75.00]
 [143.00 101.00]]
[[143.00 101.00]
 [49.00 140.00]]
[[33.00 115.00]
 [49.00 140.00]]
[[33.00 115.00]
 [10.00 49.00]]
[[10.00 49.00]
 [107.00 10.00]]
[[128.00 75.00]
 [107.00 10.00]]
#3#
[[0.00 1.00 1.00 0.00 0.00 1.00]
 [1.00 0.00 0.00 1.00 1.00 0.00]
 [1.00 0.00 0.00 1.00 0.00 0.00]
 [0.00 1.00 1.00 0.00 0.00 0.00]
 [0.00 1.00 0.00 0.00 0.00 1.00]
 [1.00 0.00 0.00 0.00 1.00 0.00]]