#1#
[63.00 18.00]
[118.00 14.00]
[113.00 133.00]
[59.00 138.00]
[10.00 128.00]
[14.00 10.00]
#2#
[[63.00 18.00]
 [118.00 14.00]]
[[118.00 14.00]
 [113.00 133.00]]
[[113.00 133.00]
 [59.00 138.00]]
[[63.00 18.00]
 [59.00 138.00]]
[[59.00 138.00]
 [10.00 128.00]]
[[10.00 128.00]
 [14.00 10.00]]
[[63.00 18.00]
 [14.00 10.00]]
#3#
[[0.00 1.00 0.00 1.00 0.00 1.00]
 [1.00 0.00 1.00 0.00 0.00 0.00]
 [0.00 1.00 0.00 1.00 0.00 0.00]
 [1.00 0.00 1.00 0.00 1.00 0.00]
 [0.00 0.00 0.00 1.00 0.00 1.00]
 [1.00 0.00 0.00 0.00 1.00 0.00]]