#1#
[67.00 19.00]
[10.00 15.00]
[12.00 115.00]
[69.00 121.00]
[119.00 110.00]
[115.00 10.00]
#2#
[[67.00 19.00]
 [10.00 15.00]]
[[10.00 15.00]
 [12.00 115.00]]
[[12.00 115.00]
 [69.00 121.00]]
[[67.00 19.00]
 [69.00 121.00]]
[[69.00 121.00]
 [119.00 110.00]]
[[119.00 110.00]
 [115.00 10.00]]
[[67.00 19.00]
 [115.00 10.00]]
#3#
[[0.00 1.00 0.00 1.00 0.00 1.00]
 [1.00 0.00 1.00 0.00 0.00 0.00]
 [0.00 1.00 0.00 1.00 0.00 0.00]
 [1.00 0.00 1.00 0.00 1.00 0.00]
 [0.00 0.00 0.00 1.00 0.00 1.00]
 [1.00 0.00 0.00 0.00 1.00 0.00]]