#1#
[135.00 60.00]
[10.00 66.00]
[135.00 10.00]
[11.00 15.00]
[140.00 141.00]
[17.00 147.00]
#2#
[[135.00 60.00]
 [10.00 66.00]]
[[135.00 60.00]
 [135.00 10.00]]
[[135.00 10.00]
 [11.00 15.00]]
[[10.00 66.00]
 [11.00 15.00]]
[[135.00 60.00]
 [140.00 141.00]]
[[140.00 141.00]
 [17.00 147.00]]
[[10.00 66.00]
 [17.00 147.00]]
#3#
[[0.00 1.00 1.00 0.00 1.00 0.00]
 [1.00 0.00 0.00 1.00 0.00 1.00]
 [1.00 0.00 0.00 1.00 0.00 0.00]
 [0.00 1.00 1.00 0.00 0.00 0.00]
 [1.00 0.00 0.00 0.00 0.00 1.00]
 [0.00 1.00 0.00 0.00 1.00 0.00]]