#1#
[171.00 91.00]
[35.00 145.00]
[10.00 75.00]
[72.00 50.00]
[68.00 41.00]
[144.00 10.00]
[61.00 200.00]
[200.00 146.00]
#2#
[[171.00 91.00]
 [35.00 145.00]]
[[35.00 145.00]
 [10.00 75.00]]
[[10.00 75.00]
 [72.00 50.00]]
[[72.00 50.00]
 [68.00 41.00]]
[[68.00 41.00]
 [144.00 10.00]]
[[171.00 91.00]
 [144.00 10.00]]
[[35.00 145.00]
 [61.00 200.00]]
[[61.00 200.00]
 [200.00 146.00]]
[[171.00 91.00]
 [200.00 146.00]]
#3#
[[0.00 1.00 0.00 0.00 0.00 1.00 0.00 1.00]
 [1.00 0.00 1.00 0.00 0.00 0.00 1.00 0.00]
 [0.00 1.00 0.00 1.00 0.00 0.00 0.00 0.00]
 [0.00 0.00 1.00 0.00 1.00 0.00 0.00 0.00]
 [0.00 0.00 0.00 1.00 0.00 1.00 0.00 0.00]
 [1.00 0.00 0.00 0.00 1.00 0.00 0.00 0.00]
 [0.00 1.00 0.00 0.00 0.00 0.00 0.00 1.00]
 [1.00 0.00 0.00 0.00 0.00 0.00 1.00 0.00]]