#1#
[150.00 35.00]
[52.00 175.00]
[191.00 65.00]
[96.00 205.00]
[10.00 146.00]
[64.00 67.00]
[69.00 70.00]
[110.00 10.00]
#2#
[[150.00 35.00]
 [52.00 175.00]]
[[150.00 35.00]
 [191.00 65.00]]
[[191.00 65.00]
 [96.00 205.00]]
[[52.00 175.00]
 [96.00 205.00]]
[[52.00 175.00]
 [10.00 146.00]]
[[10.00 146.00]
 [64.00 67.00]]
[[64.00 67.00]
 [69.00 70.00]]
[[69.00 70.00]
 [110.00 10.00]]
[[150.00 35.00]
 [110.00 10.00]]
#3#
[[0.00 1.00 1.00 0.00 0.00 0.00 0.00 1.00]
 [1.00 0.00 0.00 1.00 1.00 0.00 0.00 0.00]
 [1.00 0.00 0.00 1.00 0.00 0.00 0.00 0.00]
 [0.00 1.00 1.00 0.00 0.00 0.00 0.00 0.00]
 [0.00 1.00 0.00 0.00 0.00 1.00 0.00 0.00]
 [0.00 0.00 0.00 0.00 1.00 0.00 1.00 0.00]
 [0.00 0.00 0.00 0.00 0.00 1.00 0.00 1.00]
 [1.00 0.00 0.00 0.00 0.00 0.00 1.00 0.00]]