#1#
[10.00 10.00]
[10.00 104.00]
[135.00 11.00]
[137.00 103.00]
[98.00 64.00]
[45.00 68.00]
#2#
[[10.00 10.00]
 [10.00 104.00]]
[[10.00 10.00]
 [135.00 11.00]]
[[135.00 11.00]
 [137.00 103.00]]
[[135.00 11.00]
 [98.00 64.00]]
[[137.00 103.00]
 [98.00 64.00]]
[[98.00 64.00]
 [45.00 68.00]]
[[10.00 10.00]
 [45.00 68.00]]
[[10.00 104.00]
 [137.00 103.00]]
[[10.00 104.00]
 [45.00 68.00]]
#3#
[[0.00 1.00 1.00 0.00 0.00 1.00]
 [1.00 0.00 0.00 1.00 0.00 1.00]
 [1.00 0.00 0.00 1.00 1.00 0.00]
 [0.00 1.00 1.00 0.00 1.00 0.00]
 [0.00 0.00 1.00 1.00 0.00 1.00]
 [1.00 1.00 0.00 0.00 1.00 0.00]]