#1#
[624.00 84.00]
[542.00 314.00]
[489.00 467.00]
[124.00 335.00]
[104.00 392.00]
[10.00 359.00]
[90.00 154.00]
[336.00 242.00]
[418.00 10.00]
#2#
[[624.00 84.00]
 [542.00 314.00]]
[[542.00 314.00]
 [489.00 467.00]]
[[489.00 467.00]
 [124.00 335.00]]
[[124.00 335.00]
 [104.00 392.00]]
[[104.00 392.00]
 [10.00 359.00]]
[[10.00 359.00]
 [90.00 154.00]]
[[90.00 154.00]
 [336.00 242.00]]
[[418.00 10.00]
 [336.00 242.00]]
[[418.00 10.00]
 [624.00 84.00]]
#3#
[[0.00 1.00 0.00 0.00 0.00 0.00 0.00 0.00 1.00]
 [1.00 0.00 1.00 0.00 0.00 0.00 0.00 0.00 0.00]
 [0.00 1.00 0.00 1.00 0.00 0.00 0.00 0.00 0.00]
 [0.00 0.00 1.00 0.00 1.00 0.00 0.00 0.00 0.00]
 [0.00 0.00 0.00 1.00 0.00 1.00 0.00 0.00 0.00]
 [0.00 0.00 0.00 0.00 1.00 0.00 1.00 0.00 0.00]
 [0.00 0.00 0.00 0.00 0.00 1.00 0.00 1.00 0.00]
 [0.00 0.00 0.00 0.00 0.00 0.00 1.00 0.00 1.00]
 [1.00 0.00 0.00 0.00 0.00 0.00 0.00 1.00 0.00]]