#1#
[110.00 25.00]
[90.00 10.00]
[10.00 117.00]
[31.00 132.00]
[124.00 55.00]
[152.00 55.00]
[67.00 136.00]
[77.00 165.00]
[101.00 182.00]
[181.00 75.00]
#2#
[[110.00 25.00]
 [90.00 10.00]]
[[90.00 10.00]
 [10.00 117.00]]
[[10.00 117.00]
 [31.00 132.00]]
[[110.00 25.00]
 [124.00 55.00]]
[[110.00 25.00]
 [152.00 55.00]]
[[124.00 55.00]
 [152.00 55.00]]
[[124.00 55.00]
 [67.00 136.00]]
[[31.00 132.00]
 [67.00 136.00]]
[[31.00 132.00]
 [77.00 165.00]]
[[67.00 136.00]
 [77.00 165.00]]
[[101.00 182.00]
 [77.00 165.00]]
[[101.00 182.00]
 [181.00 75.00]]
[[181.00 75.00]
 [152.00 55.00]]
#3#
[[0.00 1.00 0.00 0.00 1.00 1.00 0.00 0.00 0.00 0.00]
 [1.00 0.00 1.00 0.00 0.00 0.00 0.00 0.00 0.00 0.00]
 [0.00 1.00 0.00 1.00 0.00 0.00 0.00 0.00 0.00 0.00]
 [0.00 0.00 1.00 0.00 0.00 0.00 1.00 1.00 0.00 0.00]
 [1.00 0.00 0.00 0.00 0.00 1.00 1.00 0.00 0.00 0.00]
 [1.00 0.00 0.00 0.00 1.00 0.00 0.00 0.00 0.00 1.00]
 [0.00 0.00 0.00 1.00 1.00 0.00 0.00 1.00 0.00 0.00]
 [0.00 0.00 0.00 1.00 0.00 0.00 1.00 0.00 1.00 0.00]
 [0.00 0.00 0.00 0.00 0.00 0.00 0.00 1.00 0.00 1.00]
 [0.00 0.00 0.00 0.00 0.00 1.00 0.00 0.00 1.00 0.00]]