#1#
[75.00 10.00]
[62.00 77.00]
[142.00 78.00]
[10.00 74.00]
[91.00 106.00]
[76.00 143.00]
#2#
[[75.00 10.00]
 [62.00 77.00]]
[[75.00 10.00]
 [142.00 78.00]]
[[75.00 10.00]
 [10.00 74.00]]
[[62.00 77.00]
 [10.00 74.00]]
[[142.00 78.00]
 [91.00 106.00]]
[[62.00 77.00]
 [91.00 106.00]]
[[91.00 106.00]
 [76.00 143.00]]
[[10.00 74.00]
 [76.00 143.00]]
[[142.00 78.00]
 [76.00 143.00]]
#3#
[[0.00 1.00 1.00 1.00 0.00 0.00]
 [1.00 0.00 0.00 1.00 1.00 0.00]
 [1.00 0.00 0.00 0.00 1.00 1.00]
 [1.00 1.00 0.00 0.00 0.00 1.00]
 [0.00 1.00 1.00 0.00 0.00 1.00]
 [0.00 0.00 1.00 1.00 1.00 0.00]]