#1#
[18.00 49.00]
[10.00 97.00]
[173.00 130.00]
[180.00 83.00]
[190.00 44.00]
[27.00 10.00]
#2#
[[18.00 49.00]
 [10.00 97.00]]
[[10.00 97.00]
 [173.00 130.00]]
[[173.00 130.00]
 [180.00 83.00]]
[[180.00 83.00]
 [190.00 44.00]]
[[190.00 44.00]
 [27.00 10.00]]
[[18.00 49.00]
 [27.00 10.00]]
[[18.00 49.00]
 [180.00 83.00]]
#3#
[[0.00 1.00 0.00 1.00 0.00 1.00]
 [1.00 0.00 1.00 0.00 0.00 0.00]
 [0.00 1.00 0.00 1.00 0.00 0.00]
 [1.00 0.00 1.00 0.00 1.00 0.00]
 [0.00 0.00 0.00 1.00 0.00 1.00]
 [1.00 0.00 0.00 0.00 1.00 0.00]]