#1#
[22.00 57.00]
[35.00 10.00]
[147.00 41.00]
[133.00 85.00]
[121.00 138.00]
[10.00 110.00]
#2#
[[22.00 57.00]
 [35.00 10.00]]
[[35.00 10.00]
 [147.00 41.00]]
[[147.00 41.00]
 [133.00 85.00]]
[[22.00 57.00]
 [133.00 85.00]]
[[133.00 85.00]
 [121.00 138.00]]
[[121.00 138.00]
 [10.00 110.00]]
[[22.00 57.00]
 [10.00 110.00]]
#3#
[[0.00 1.00 0.00 1.00 0.00 1.00]
 [1.00 0.00 1.00 0.00 0.00 0.00]
 [0.00 1.00 0.00 1.00 0.00 0.00]
 [1.00 0.00 1.00 0.00 1.00 0.00]
 [0.00 0.00 0.00 1.00 0.00 1.00]
 [1.00 0.00 0.00 0.00 1.00 0.00]]