#1#
[15.00 80.00]
[135.00 78.00]
[133.00 10.00]
[10.00 12.00]
[14.00 127.00]
[133.00 126.00]
#2#
[[15.00 80.00]
 [135.00 78.00]]
[[135.00 78.00]
 [133.00 10.00]]
[[133.00 10.00]
 [10.00 12.00]]
[[15.00 80.00]
 [10.00 12.00]]
[[15.00 80.00]
 [14.00 127.00]]
[[14.00 127.00]
 [133.00 126.00]]
[[135.00 78.00]
 [133.00 126.00]]
#3#
[[0.00 1.00 0.00 1.00 1.00 0.00]
 [1.00 0.00 1.00 0.00 0.00 1.00]
 [0.00 1.00 0.00 1.00 0.00 0.00]
 [1.00 0.00 1.00 0.00 0.00 0.00]
 [1.00 0.00 0.00 0.00 0.00 1.00]
 [0.00 1.00 0.00 0.00 1.00 0.00]]