#1#
[158.00 127.00]
[131.00 164.00]
[10.00 90.00]
[38.00 55.00]
[49.00 32.00]
[65.00 41.00]
[85.00 10.00]
[110.00 25.00]
[114.00 17.00]
[192.00 63.00]
#2#
[[158.00 127.00]
 [131.00 164.00]]
[[131.00 164.00]
 [10.00 90.00]]
[[10.00 90.00]
 [38.00 55.00]]
[[158.00 127.00]
 [38.00 55.00]]
[[38.00 55.00]
 [49.00 32.00]]
[[49.00 32.00]
 [65.00 41.00]]
[[65.00 41.00]
 [85.00 10.00]]
[[85.00 10.00]
 [110.00 25.00]]
[[114.00 17.00]
 [110.00 25.00]]
[[114.00 17.00]
 [192.00 63.00]]
[[158.00 127.00]
 [192.00 63.00]]
#3#
[[0.00 1.00 0.00 1.00 0.00 0.00 0.00 0.00 0.00 1.00]
 [1.00 0.00 1.00 0.00 0.00 0.00 0.00 0.00 0.00 0.00]
 [0.00 1.00 0.00 1.00 0.00 0.00 0.00 0.00 0.00 0.00]
 [1.00 0.00 1.00 0.00 1.00 0.00 0.00 0.00 0.00 0.00]
 [0.00 0.00 0.00 1.00 0.00 1.00 0.00 0.00 0.00 0.00]
 [0.00 0.00 0.00 0.00 1.00 0.00 1.00 0.00 0.00 0.00]
 [0.00 0.00 0.00 0.00 0.00 1.00 0.00 1.00 0.00 0.00]
 [0.00 0.00 0.00 0.00 0.00 0.00 1.00 0.00 1.00 0.00]
 [0.00 0.00 0.00 0.00 0.00 0.00 0.00 1.00 0.00 1.00]
 [1.00 0.00 0.00 0.00 0.00 0.00 0.00 0.00 1.00 0.00]]