#1#
[80.00 165.00]
[23.00 161.00]
[10.00 21.00]
[66.00 21.00]
[119.00 10.00]
[135.00 151.00]
#2#
[[80.00 165.00]
 [23.00 161.00]]
[[23.00 161.00]
 [10.00 21.00]]
[[10.00 21.00]
 [66.00 21.00]]
[[80.00 165.00]
 [66.00 21.00]]
[[66.00 21.00]
 [119.00 10.00]]
[[119.00 10.00]
 [135.00 151.00]]
[[80.00 165.00]
 [135.00 151.00]]
#3#
[[0.00 1.00 0.00 1.00 0.00 1.00]
 [1.00 0.00 1.00 0.00 0.00 0.00]
 [0.00 1.00 0.00 1.00 0.00 0.00]
 [1.00 0.00 1.00 0.00 1.00 0.00]
 [0.00 0.00 0.00 1.00 0.00 1.00]
 [1.00 0.00 0.00 0.00 1.00 0.00]]