#1#
[93.00 154.00]
[41.00 176.00]
[10.00 34.00]
[60.00 16.00]
[119.00 10.00]
[152.00 148.00]
#2#
[[93.00 154.00]
 [41.00 176.00]]
[[41.00 176.00]
 [10.00 34.00]]
[[10.00 34.00]
 [60.00 16.00]]
[[93.00 154.00]
 [60.00 16.00]]
[[60.00 16.00]
 [119.00 10.00]]
[[119.00 10.00]
 [152.00 148.00]]
[[93.00 154.00]
 [152.00 148.00]]
#3#
[[0.00 1.00 0.00 1.00 0.00 1.00]
 [1.00 0.00 1.00 0.00 0.00 0.00]
 [0.00 1.00 0.00 1.00 0.00 0.00]
 [1.00 0.00 1.00 0.00 1.00 0.00]
 [0.00 0.00 0.00 1.00 0.00 1.00]
 [1.00 0.00 0.00 0.00 1.00 0.00]]