#1#
[72.00 141.00]
[10.00 142.00]
[11.00 11.00]
[71.00 10.00]
[133.00 140.00]
[131.00 10.00]
#2#
[[72.00 141.00]
 [10.00 142.00]]
[[10.00 142.00]
 [11.00 11.00]]
[[11.00 11.00]
 [71.00 10.00]]
[[72.00 141.00]
 [71.00 10.00]]
[[72.00 141.00]
 [133.00 140.00]]
[[133.00 140.00]
 [131.00 10.00]]
[[71.00 10.00]
 [131.00 10.00]]
#3#
[[0.00 1.00 0.00 1.00 1.00 0.00]
 [1.00 0.00 1.00 0.00 0.00 0.00]
 [0.00 1.00 0.00 1.00 0.00 0.00]
 [1.00 0.00 1.00 0.00 0.00 1.00]
 [1.00 0.00 0.00 0.00 0.00 1.00]
 [0.00 0.00 0.00 1.00 1.00 0.00]]