#1#
[66.00 10.00]
[10.00 22.00]
[17.00 146.00]
[73.00 133.00]
[134.00 139.00]
[127.00 16.00]
#2#
[[66.00 10.00]
 [10.00 22.00]]
[[10.00 22.00]
 [17.00 146.00]]
[[17.00 146.00]
 [73.00 133.00]]
[[66.00 10.00]
 [73.00 133.00]]
[[73.00 133.00]
 [134.00 139.00]]
[[134.00 139.00]
 [127.00 16.00]]
[[66.00 10.00]
 [127.00 16.00]]
#3#
[[0.00 1.00 0.00 1.00 0.00 1.00]
 [1.00 0.00 1.00 0.00 0.00 0.00]
 [0.00 1.00 0.00 1.00 0.00 0.00]
 [1.00 0.00 1.00 0.00 1.00 0.00]
 [0.00 0.00 0.00 1.00 0.00 1.00]
 [1.00 0.00 0.00 0.00 1.00 0.00]]