#1#
[134.00 57.00]
[109.00 10.00]
[10.00 56.00]
[34.00 102.00]
[63.00 167.00]
[160.00 122.00]
#2#
[[134.00 57.00]
 [109.00 10.00]]
[[109.00 10.00]
 [10.00 56.00]]
[[10.00 56.00]
 [34.00 102.00]]
[[134.00 57.00]
 [34.00 102.00]]
[[34.00 102.00]
 [63.00 167.00]]
[[63.00 167.00]
 [160.00 122.00]]
[[134.00 57.00]
 [160.00 122.00]]
#3#
[[0.00 1.00 0.00 1.00 0.00 1.00]
 [1.00 0.00 1.00 0.00 0.00 0.00]
 [0.00 1.00 0.00 1.00 0.00 0.00]
 [1.00 0.00 1.00 0.00 1.00 0.00]
 [0.00 0.00 0.00 1.00 0.00 1.00]
 [1.00 0.00 0.00 0.00 1.00 0.00]]