#1#
[109.00 53.00]
[15.00 67.00]
[115.00 112.00]
[23.00 123.00]
[10.00 24.00]
[102.00 10.00]
#2#
[[109.00 53.00]
 [15.00 67.00]]
[[109.00 53.00]
 [115.00 112.00]]
[[115.00 112.00]
 [23.00 123.00]]
[[15.00 67.00]
 [23.00 123.00]]
[[15.00 67.00]
 [10.00 24.00]]
[[10.00 24.00]
 [102.00 10.00]]
[[109.00 53.00]
 [102.00 10.00]]
#3#
[[0.00 1.00 1.00 0.00 0.00 1.00]
 [1.00 0.00 0.00 1.00 1.00 0.00]
 [1.00 0.00 0.00 1.00 0.00 0.00]
 [0.00 1.00 1.00 0.00 0.00 0.00]
 [0.00 1.00 0.00 0.00 0.00 1.00]
 [1.00 0.00 0.00 0.00 1.00 0.00]]