#1#
[141.00 76.00]
[144.00 16.00]
[16.00 10.00]
[14.00 73.00]
[140.00 139.00]
[10.00 134.00]
#2#
[[141.00 76.00]
 [144.00 16.00]]
[[144.00 16.00]
 [16.00 10.00]]
[[16.00 10.00]
 [14.00 73.00]]
[[141.00 76.00]
 [14.00 73.00]]
[[141.00 76.00]
 [140.00 139.00]]
[[140.00 139.00]
 [10.00 134.00]]
[[14.00 73.00]
 [10.00 134.00]]
#3#
[[0.00 1.00 0.00 1.00 1.00 0.00]
 [1.00 0.00 1.00 0.00 0.00 0.00]
 [0.00 1.00 0.00 1.00 0.00 0.00]
 [1.00 0.00 1.00 0.00 0.00 1.00]
 [1.00 0.00 0.00 0.00 0.00 1.00]
 [0.00 0.00 0.00 1.00 1.00 0.00]]