#1#
[68.00 10.00]
[10.00 21.00]
[23.00 218.00]
[82.00 207.00]
[137.00 209.00]
[135.00 182.00]
[143.00 182.00]
[140.00 140.00]
[136.00 96.00]
[128.00 96.00]
[123.00 13.00]
#2#
[[68.00 10.00]
 [10.00 21.00]]
[[10.00 21.00]
 [23.00 218.00]]
[[23.00 218.00]
 [82.00 207.00]]
[[68.00 10.00]
 [82.00 207.00]]
[[82.00 207.00]
 [137.00 209.00]]
[[137.00 209.00]
 [135.00 182.00]]
[[135.00 182.00]
 [143.00 182.00]]
[[143.00 182.00]
 [140.00 140.00]]
[[136.00 96.00]
 [140.00 140.00]]
[[136.00 96.00]
 [128.00 96.00]]
[[128.00 96.00]
 [123.00 13.00]]
[[68.00 10.00]
 [123.00 13.00]]
#3#
[[0.00 1.00 0.00 1.00 0.00 0.00 0.00 0.00 0.00 0.00 1.00]
 [1.00 0.00 1.00 0.00 0.00 0.00 0.00 0.00 0.00 0.00 0.00]
 [0.00 1.00 0.00 1.00 0.00 0.00 0.00 0.00 0.00 0.00 0.00]
 [1.00 0.00 1.00 0.00 1.00 0.00 0.00 0.00 0.00 0.00 0.00]
 [0.00 0.00 0.00 1.00 0.00 1.00 0.00 0.00 0.00 0.00 0.00]
 [0.00 0.00 0.00 0.00 1.00 0.00 1.00 0.00 0.00 0.00 0.00]
 [0.00 0.00 0.00 0.00 0.00 1.00 0.00 1.00 0.00 0.00 0.00]
 [0.00 0.00 0.00 0.00 0.00 0.00 1.00 0.00 1.00 0.00 0.00]
 [0.00 0.00 0.00 0.00 0.00 0.00 0.00 1.00 0.00 1.00 0.00]
 [0.00 0.00 0.00 0.00 0.00 0.00 0.00 0.00 1.00 0.00 1.00]
 [1.00 0.00 0.00 0.00 0.00 0.00 0.00 0.00 0.00 1.00 0.00]]