#1#
[160.00 191.00]
[118.00 134.00]
[186.00 34.00]
[64.00 176.00]
[127.00 75.00]
[71.00 118.00]
[10.00 107.00]
[67.00 67.00]
[26.00 10.00]
#2#
[[160.00 191.00]
 [118.00 134.00]]
[[160.00 191.00]
 [186.00 34.00]]
[[160.00 191.00]
 [64.00 176.00]]
[[118.00 134.00]
 [64.00 176.00]]
[[118.00 134.00]
 [127.00 75.00]]
[[64.00 176.00]
 [71.00 118.00]]
[[71.00 118.00]
 [10.00 107.00]]
[[10.00 107.00]
 [67.00 67.00]]
[[127.00 75.00]
 [71.00 118.00]]
[[186.00 34.00]
 [127.00 75.00]]
[[127.00 75.00]
 [67.00 67.00]]
[[26.00 10.00]
 [67.00 67.00]]
[[26.00 10.00]
 [186.00 34.00]]
[[26.00 10.00]
 [10.00 107.00]]
#3#
[[0.00 1.00 1.00 1.00 0.00 0.00 0.00 0.00 0.00]
 [1.00 0.00 0.00 1.00 1.00 0.00 0.00 0.00 0.00]
 [1.00 0.00 0.00 0.00 1.00 0.00 0.00 0.00 1.00]
 [1.00 1.00 0.00 0.00 0.00 1.00 0.00 0.00 0.00]
 [0.00 1.00 1.00 0.00 0.00 1.00 0.00 1.00 0.00]
 [0.00 0.00 0.00 1.00 1.00 0.00 1.00 0.00 0.00]
 [0.00 0.00 0.00 0.00 0.00 1.00 0.00 1.00 1.00]
 [0.00 0.00 0.00 0.00 1.00 0.00 1.00 0.00 1.00]
 [0.00 0.00 1.00 0.00 0.00 0.00 1.00 1.00 0.00]]