#1#
[10.00 68.00]
[14.00 10.00]
[150.00 15.00]
[145.00 73.00]
[144.00 114.00]
[11.00 112.00]
#2#
[[10.00 68.00]
 [14.00 10.00]]
[[14.00 10.00]
 [150.00 15.00]]
[[150.00 15.00]
 [145.00 73.00]]
[[10.00 68.00]
 [145.00 73.00]]
[[145.00 73.00]
 [144.00 114.00]]
[[144.00 114.00]
 [11.00 112.00]]
[[10.00 68.00]
 [11.00 112.00]]
#3#
[[0.00 1.00 0.00 1.00 0.00 1.00]
 [1.00 0.00 1.00 0.00 0.00 0.00]
 [0.00 1.00 0.00 1.00 0.00 0.00]
 [1.00 0.00 1.00 0.00 1.00 0.00]
 [0.00 0.00 0.00 1.00 0.00 1.00]
 [1.00 0.00 0.00 0.00 1.00 0.00]]