#1#
[22.00 78.00]
[10.00 174.00]
[158.00 193.00]
[169.00 96.00]
[175.00 54.00]
[124.00 48.00]
[127.00 22.00]
[31.00 10.00]
#2#
[[22.00 78.00]
 [10.00 174.00]]
[[10.00 174.00]
 [158.00 193.00]]
[[158.00 193.00]
 [169.00 96.00]]
[[169.00 96.00]
 [175.00 54.00]]
[[175.00 54.00]
 [124.00 48.00]]
[[124.00 48.00]
 [127.00 22.00]]
[[127.00 22.00]
 [31.00 10.00]]
[[22.00 78.00]
 [31.00 10.00]]
[[22.00 78.00]
 [169.00 96.00]]
#3#
[[0.00 1.00 0.00 1.00 0.00 0.00 0.00 1.00]
 [1.00 0.00 1.00 0.00 0.00 0.00 0.00 0.00]
 [0.00 1.00 0.00 1.00 0.00 0.00 0.00 0.00]
 [1.00 0.00 1.00 0.00 1.00 0.00 0.00 0.00]
 [0.00 0.00 0.00 1.00 0.00 1.00 0.00 0.00]
 [0.00 0.00 0.00 0.00 1.00 0.00 1.00 0.00]
 [0.00 0.00 0.00 0.00 0.00 1.00 0.00 1.00]
 [1.00 0.00 0.00 0.00 0.00 0.00 1.00 0.00]]