#1#
[68.00 17.00]
[88.00 27.00]
[66.00 78.00]
[45.00 67.00]
[10.00 52.00]
[27.00 16.00]
[42.00 22.00]
[47.00 10.00]
#2#
[[68.00 17.00]
 [88.00 27.00]]
[[88.00 27.00]
 [66.00 78.00]]
[[66.00 78.00]
 [45.00 67.00]]
[[68.00 17.00]
 [45.00 67.00]]
[[45.00 67.00]
 [10.00 52.00]]
[[10.00 52.00]
 [27.00 16.00]]
[[27.00 16.00]
 [42.00 22.00]]
[[42.00 22.00]
 [47.00 10.00]]
[[68.00 17.00]
 [47.00 10.00]]
#3#
[[0.00 1.00 0.00 1.00 0.00 0.00 0.00 1.00]
 [1.00 0.00 1.00 0.00 0.00 0.00 0.00 0.00]
 [0.00 1.00 0.00 1.00 0.00 0.00 0.00 0.00]
 [1.00 0.00 1.00 0.00 1.00 0.00 0.00 0.00]
 [0.00 0.00 0.00 1.00 0.00 1.00 0.00 0.00]
 [0.00 0.00 0.00 0.00 1.00 0.00 1.00 0.00]
 [0.00 0.00 0.00 0.00 0.00 1.00 0.00 1.00]
 [1.00 0.00 0.00 0.00 0.00 0.00 1.00 0.00]]