#1#
[124.00 48.00]
[87.00 10.00]
[59.00 43.00]
[55.00 39.00]
[10.00 90.00]
[54.00 134.00]
[160.00 71.00]
[90.00 155.00]
#2#
[[124.00 48.00]
 [87.00 10.00]]
[[87.00 10.00]
 [59.00 43.00]]
[[59.00 43.00]
 [55.00 39.00]]
[[55.00 39.00]
 [10.00 90.00]]
[[10.00 90.00]
 [54.00 134.00]]
[[124.00 48.00]
 [160.00 71.00]]
[[160.00 71.00]
 [90.00 155.00]]
[[54.00 134.00]
 [90.00 155.00]]
[[124.00 48.00]
 [54.00 134.00]]
#3#
[[0.00 1.00 0.00 0.00 0.00 1.00 1.00 0.00]
 [1.00 0.00 1.00 0.00 0.00 0.00 0.00 0.00]
 [0.00 1.00 0.00 1.00 0.00 0.00 0.00 0.00]
 [0.00 0.00 1.00 0.00 1.00 0.00 0.00 0.00]
 [0.00 0.00 0.00 1.00 0.00 1.00 0.00 0.00]
 [1.00 0.00 0.00 0.00 1.00 0.00 0.00 1.00]
 [1.00 0.00 0.00 0.00 0.00 0.00 0.00 1.00]
 [0.00 0.00 0.00 0.00 0.00 1.00 1.00 0.00]]