#1#
[52.00 38.00]
[93.00 10.00]
[160.00 109.00]
[120.00 137.00]
[78.00 166.00]
[10.00 68.00]
#2#
[[52.00 38.00]
 [93.00 10.00]]
[[93.00 10.00]
 [160.00 109.00]]
[[160.00 109.00]
 [120.00 137.00]]
[[52.00 38.00]
 [120.00 137.00]]
[[120.00 137.00]
 [78.00 166.00]]
[[78.00 166.00]
 [10.00 68.00]]
[[52.00 38.00]
 [10.00 68.00]]
#3#
[[0.00 1.00 0.00 1.00 0.00 1.00]
 [1.00 0.00 1.00 0.00 0.00 0.00]
 [0.00 1.00 0.00 1.00 0.00 0.00]
 [1.00 0.00 1.00 0.00 1.00 0.00]
 [0.00 0.00 0.00 1.00 0.00 1.00]
 [1.00 0.00 0.00 0.00 1.00 0.00]]