#1#
[80.00 14.00]
[121.00 37.00]
[87.00 134.00]
[46.00 109.00]
[10.00 103.00]
[45.00 10.00]
#2#
[[80.00 14.00]
 [121.00 37.00]]
[[121.00 37.00]
 [87.00 134.00]]
[[87.00 134.00]
 [46.00 109.00]]
[[80.00 14.00]
 [46.00 109.00]]
[[46.00 109.00]
 [10.00 103.00]]
[[10.00 103.00]
 [45.00 10.00]]
[[80.00 14.00]
 [45.00 10.00]]
#3#
[[0.00 1.00 0.00 1.00 0.00 1.00]
 [1.00 0.00 1.00 0.00 0.00 0.00]
 [0.00 1.00 0.00 1.00 0.00 0.00]
 [1.00 0.00 1.00 0.00 1.00 0.00]
 [0.00 0.00 0.00 1.00 0.00 1.00]
 [1.00 0.00 0.00 0.00 1.00 0.00]]