#1#
[11.00 61.00]
[153.00 59.00]
[153.00 114.00]
[13.00 117.00]
[10.00 14.00]
[153.00 10.00]
#2#
[[11.00 61.00]
 [153.00 59.00]]
[[153.00 59.00]
 [153.00 114.00]]
[[153.00 114.00]
 [13.00 117.00]]
[[11.00 61.00]
 [13.00 117.00]]
[[11.00 61.00]
 [10.00 14.00]]
[[10.00 14.00]
 [153.00 10.00]]
[[153.00 59.00]
 [153.00 10.00]]
#3#
[[0.00 1.00 0.00 1.00 1.00 0.00]
 [1.00 0.00 1.00 0.00 0.00 1.00]
 [0.00 1.00 0.00 1.00 0.00 0.00]
 [1.00 0.00 1.00 0.00 0.00 0.00]
 [1.00 0.00 0.00 0.00 0.00 1.00]
 [0.00 1.00 0.00 0.00 1.00 0.00]]