#1#
[53.00 42.00]
[93.00 10.00]
[164.00 110.00]
[120.00 141.00]
[75.00 172.00]
[10.00 76.00]
#2#
[[53.00 42.00]
 [93.00 10.00]]
[[93.00 10.00]
 [164.00 110.00]]
[[164.00 110.00]
 [120.00 141.00]]
[[53.00 42.00]
 [120.00 141.00]]
[[120.00 141.00]
 [75.00 172.00]]
[[75.00 172.00]
 [10.00 76.00]]
[[53.00 42.00]
 [10.00 76.00]]
#3#
[[0.00 1.00 0.00 1.00 0.00 1.00]
 [1.00 0.00 1.00 0.00 0.00 0.00]
 [0.00 1.00 0.00 1.00 0.00 0.00]
 [1.00 0.00 1.00 0.00 1.00 0.00]
 [0.00 0.00 0.00 1.00 0.00 1.00]
 [1.00 0.00 0.00 0.00 1.00 0.00]]