#1#
[62.00 24.00]
[10.00 57.00]
[52.00 144.00]
[103.00 114.00]
[150.00 100.00]
[110.00 10.00]
#2#
[[62.00 24.00]
 [10.00 57.00]]
[[10.00 57.00]
 [52.00 144.00]]
[[52.00 144.00]
 [103.00 114.00]]
[[62.00 24.00]
 [103.00 114.00]]
[[103.00 114.00]
 [150.00 100.00]]
[[150.00 100.00]
 [110.00 10.00]]
[[62.00 24.00]
 [110.00 10.00]]
#3#
[[0.00 1.00 0.00 1.00 0.00 1.00]
 [1.00 0.00 1.00 0.00 0.00 0.00]
 [0.00 1.00 0.00 1.00 0.00 0.00]
 [1.00 0.00 1.00 0.00 1.00 0.00]
 [0.00 0.00 0.00 1.00 0.00 1.00]
 [1.00 0.00 0.00 0.00 1.00 0.00]]