#1#
[15.00 152.00]
[77.00 139.00]
[135.00 145.00]
[131.00 19.00]
[73.00 10.00]
[10.00 24.00]
#2#
[[15.00 152.00]
 [77.00 139.00]]
[[77.00 139.00]
 [135.00 145.00]]
[[135.00 145.00]
 [131.00 19.00]]
[[131.00 19.00]
 [73.00 10.00]]
[[77.00 139.00]
 [73.00 10.00]]
[[73.00 10.00]
 [10.00 24.00]]
[[15.00 152.00]
 [10.00 24.00]]
#3#
[[0.00 1.00 0.00 0.00 0.00 1.00]
 [1.00 0.00 1.00 0.00 1.00 0.00]
 [0.00 1.00 0.00 1.00 0.00 0.00]
 [0.00 0.00 1.00 0.00 1.00 0.00]
 [0.00 1.00 0.00 1.00 0.00 1.00]
 [1.00 0.00 0.00 0.00 1.00 0.00]]