#1#
[62.00 33.00]
[10.00 53.00]
[51.00 161.00]
[102.00 141.00]
[115.00 10.00]
[156.00 120.00]
#2#
[[62.00 33.00]
 [10.00 53.00]]
[[10.00 53.00]
 [51.00 161.00]]
[[51.00 161.00]
 [102.00 141.00]]
[[62.00 33.00]
 [102.00 141.00]]
[[62.00 33.00]
 [115.00 10.00]]
[[115.00 10.00]
 [156.00 120.00]]
[[102.00 141.00]
 [156.00 120.00]]
#3#
[[0.00 1.00 0.00 1.00 1.00 0.00]
 [1.00 0.00 1.00 0.00 0.00 0.00]
 [0.00 1.00 0.00 1.00 0.00 0.00]
 [1.00 0.00 1.00 0.00 0.00 1.00]
 [1.00 0.00 0.00 0.00 0.00 1.00]
 [0.00 0.00 0.00 1.00 1.00 0.00]]