#1#
[48.00 10.00]
[150.00 50.00]
[98.00 78.00]
[112.00 148.00]
[58.00 63.00]
[10.00 109.00]
#2#
[[48.00 10.00]
 [150.00 50.00]]
[[150.00 50.00]
 [98.00 78.00]]
[[150.00 50.00]
 [112.00 148.00]]
[[48.00 10.00]
 [58.00 63.00]]
[[98.00 78.00]
 [58.00 63.00]]
[[58.00 63.00]
 [10.00 109.00]]
[[48.00 10.00]
 [10.00 109.00]]
[[98.00 78.00]
 [112.00 148.00]]
[[112.00 148.00]
 [10.00 109.00]]
#3#
[[0.00 1.00 0.00 0.00 1.00 1.00]
 [1.00 0.00 1.00 1.00 0.00 0.00]
 [0.00 1.00 0.00 1.00 1.00 0.00]
 [0.00 1.00 1.00 0.00 0.00 1.00]
 [1.00 0.00 1.00 0.00 0.00 1.00]
 [1.00 0.00 0.00 1.00 1.00 0.00]]