#1#
[26.00 59.00]
[48.00 10.00]
[150.00 51.00]
[129.00 98.00]
[110.00 155.00]
[10.00 118.00]
#2#
[[26.00 59.00]
 [48.00 10.00]]
[[48.00 10.00]
 [150.00 51.00]]
[[150.00 51.00]
 [129.00 98.00]]
[[26.00 59.00]
 [129.00 98.00]]
[[129.00 98.00]
 [110.00 155.00]]
[[110.00 155.00]
 [10.00 118.00]]
[[26.00 59.00]
 [10.00 118.00]]
#3#
[[0.00 1.00 0.00 1.00 0.00 1.00]
 [1.00 0.00 1.00 0.00 0.00 0.00]
 [0.00 1.00 0.00 1.00 0.00 0.00]
 [1.00 0.00 1.00 0.00 1.00 0.00]
 [0.00 0.00 0.00 1.00 0.00 1.00]
 [1.00 0.00 0.00 0.00 1.00 0.00]]