#1#
[21.00 62.60]
[30.00 10.00]
[163.00 37.00]
[154.00 90.00]
[145.00 138.50]
[10.00 111.00]
#2#
[[21.00 62.60]
 [30.00 10.00]]
[[30.00 10.00]
 [163.00 37.00]]
[[163.00 37.00]
 [154.00 90.00]]
[[21.00 62.60]
 [154.00 90.00]]
[[154.00 90.00]
 [145.00 138.50]]
[[145.00 138.50]
 [10.00 111.00]]
[[21.00 62.60]
 [10.00 111.00]]
#3#
[[0.00 1.00 0.00 1.00 0.00 1.00]
 [1.00 0.00 1.00 0.00 0.00 0.00]
 [0.00 1.00 0.00 1.00 0.00 0.00]
 [1.00 0.00 1.00 0.00 1.00 0.00]
 [0.00 0.00 0.00 1.00 0.00 1.00]
 [1.00 0.00 0.00 0.00 1.00 0.00]]