#1#
[160.00 10.00]
[123.00 92.00]
[168.00 151.00]
[10.00 16.00]
[55.00 94.00]
[20.00 158.00]
#2#
[[160.00 10.00]
 [123.00 92.00]]
[[160.00 10.00]
 [168.00 151.00]]
[[160.00 10.00]
 [10.00 16.00]]
[[10.00 16.00]
 [55.00 94.00]]
[[123.00 92.00]
 [55.00 94.00]]
[[55.00 94.00]
 [20.00 158.00]]
[[123.00 92.00]
 [168.00 151.00]]
[[168.00 151.00]
 [20.00 158.00]]
[[10.00 16.00]
 [20.00 158.00]]
#3#
[[0.00 1.00 1.00 1.00 0.00 0.00]
 [1.00 0.00 1.00 0.00 1.00 0.00]
 [1.00 1.00 0.00 0.00 0.00 1.00]
 [1.00 0.00 0.00 0.00 1.00 1.00]
 [0.00 1.00 0.00 1.00 0.00 1.00]
 [0.00 0.00 1.00 1.00 1.00 0.00]]