#1#
[124.00 24.00]
[86.00 10.00]
[10.00 256.00]
[48.00 270.00]
[85.00 279.00]
[160.00 33.00]
#2#
[[124.00 24.00]
 [86.00 10.00]]
[[86.00 10.00]
 [10.00 256.00]]
[[10.00 256.00]
 [48.00 270.00]]
[[48.00 270.00]
 [85.00 279.00]]
[[85.00 279.00]
 [160.00 33.00]]
[[124.00 24.00]
 [160.00 33.00]]
[[124.00 24.00]
 [48.00 270.00]]
#3#
[[0.00 1.00 0.00 1.00 0.00 1.00]
 [1.00 0.00 1.00 0.00 0.00 0.00]
 [0.00 1.00 0.00 1.00 0.00 0.00]
 [1.00 0.00 1.00 0.00 1.00 0.00]
 [0.00 0.00 0.00 1.00 0.00 1.00]
 [1.00 0.00 0.00 0.00 1.00 0.00]]