#1#
[32.00 66.00]
[53.00 10.00]
[161.00 50.00]
[138.00 107.00]
[10.00 120.00]
[119.00 163.00]
#2#
[[32.00 66.00]
 [53.00 10.00]]
[[53.00 10.00]
 [161.00 50.00]]
[[161.00 50.00]
 [138.00 107.00]]
[[32.00 66.00]
 [138.00 107.00]]
[[32.00 66.00]
 [10.00 120.00]]
[[10.00 120.00]
 [119.00 163.00]]
[[138.00 107.00]
 [119.00 163.00]]
#3#
[[0.00 1.00 0.00 1.00 1.00 0.00]
 [1.00 0.00 1.00 0.00 0.00 0.00]
 [0.00 1.00 0.00 1.00 0.00 0.00]
 [1.00 0.00 1.00 0.00 0.00 1.00]
 [1.00 0.00 0.00 0.00 0.00 1.00]
 [0.00 0.00 0.00 1.00 1.00 0.00]]