#1#
[49.00 26.00]
[88.00 10.00]
[118.00 85.00]
[80.00 101.00]
[40.00 119.00]
[10.00 43.00]
#2#
[[49.00 26.00]
 [88.00 10.00]]
[[88.00 10.00]
 [118.00 85.00]]
[[118.00 85.00]
 [80.00 101.00]]
[[49.00 26.00]
 [80.00 101.00]]
[[80.00 101.00]
 [40.00 119.00]]
[[40.00 119.00]
 [10.00 43.00]]
[[49.00 26.00]
 [10.00 43.00]]
#3#
[[0.00 1.00 0.00 1.00 0.00 1.00]
 [1.00 0.00 1.00 0.00 0.00 0.00]
 [0.00 1.00 0.00 1.00 0.00 0.00]
 [1.00 0.00 1.00 0.00 1.00 0.00]
 [0.00 0.00 0.00 1.00 0.00 1.00]
 [1.00 0.00 0.00 0.00 1.00 0.00]]