#1#
[97.00 25.00]
[148.00 42.00]
[117.00 142.00]
[67.00 124.00]
[10.00 109.00]
[40.00 10.00]
#2#
[[97.00 25.00]
 [148.00 42.00]]
[[148.00 42.00]
 [117.00 142.00]]
[[117.00 142.00]
 [67.00 124.00]]
[[97.00 25.00]
 [67.00 124.00]]
[[67.00 124.00]
 [10.00 109.00]]
[[10.00 109.00]
 [40.00 10.00]]
[[97.00 25.00]
 [40.00 10.00]]
#3#
[[0.00 1.00 0.00 1.00 0.00 1.00]
 [1.00 0.00 1.00 0.00 0.00 0.00]
 [0.00 1.00 0.00 1.00 0.00 0.00]
 [1.00 0.00 1.00 0.00 1.00 0.00]
 [0.00 0.00 0.00 1.00 0.00 1.00]
 [1.00 0.00 0.00 0.00 1.00 0.00]]