#1#
[28.00 53.00]
[46.00 10.00]
[138.00 47.00]
[121.00 92.00]
[103.00 136.00]
[10.00 100.00]
#2#
[[28.00 53.00]
 [46.00 10.00]]
[[46.00 10.00]
 [138.00 47.00]]
[[138.00 47.00]
 [121.00 92.00]]
[[121.00 92.00]
 [103.00 136.00]]
[[103.00 136.00]
 [10.00 100.00]]
[[28.00 53.00]
 [10.00 100.00]]
[[28.00 53.00]
 [121.00 92.00]]
#3#
[[0.00 1.00 0.00 1.00 0.00 1.00]
 [1.00 0.00 1.00 0.00 0.00 0.00]
 [0.00 1.00 0.00 1.00 0.00 0.00]
 [1.00 0.00 1.00 0.00 1.00 0.00]
 [0.00 0.00 0.00 1.00 0.00 1.00]
 [1.00 0.00 0.00 0.00 1.00 0.00]]