#1#
[115.00 10.00]
[73.00 49.00]
[145.00 127.00]
[10.00 37.00]
[40.00 153.00]
[85.00 95.00]
#2#
[[115.00 10.00]
 [73.00 49.00]]
[[115.00 10.00]
 [145.00 127.00]]
[[115.00 10.00]
 [10.00 37.00]]
[[10.00 37.00]
 [40.00 153.00]]
[[73.00 49.00]
 [10.00 37.00]]
[[73.00 49.00]
 [85.00 95.00]]
[[145.00 127.00]
 [85.00 95.00]]
[[40.00 153.00]
 [85.00 95.00]]
[[145.00 127.00]
 [40.00 153.00]]
#3#
[[0.00 1.00 1.00 1.00 0.00 0.00]
 [1.00 0.00 0.00 1.00 0.00 1.00]
 [1.00 0.00 0.00 0.00 1.00 1.00]
 [1.00 1.00 0.00 0.00 1.00 0.00]
 [0.00 0.00 1.00 1.00 0.00 1.00]
 [0.00 1.00 1.00 0.00 1.00 0.00]]