#1#
[97.00 10.00]
[10.00 54.00]
[77.00 80.00]
[75.00 192.00]
[96.00 119.00]
[165.00 150.00]
#2#
[[97.00 10.00]
 [10.00 54.00]]
[[10.00 54.00]
 [77.00 80.00]]
[[10.00 54.00]
 [75.00 192.00]]
[[97.00 10.00]
 [77.00 80.00]]
[[77.00 80.00]
 [96.00 119.00]]
[[96.00 119.00]
 [165.00 150.00]]
[[97.00 10.00]
 [165.00 150.00]]
[[75.00 192.00]
 [96.00 119.00]]
[[75.00 192.00]
 [165.00 150.00]]
#3#
[[0.00 1.00 1.00 0.00 0.00 1.00]
 [1.00 0.00 1.00 1.00 0.00 0.00]
 [1.00 1.00 0.00 0.00 1.00 0.00]
 [0.00 1.00 0.00 0.00 1.00 1.00]
 [0.00 0.00 1.00 1.00 0.00 1.00]
 [1.00 0.00 0.00 1.00 1.00 0.00]]