#1#
[119.00 28.00]
[31.00 89.00]
[60.00 137.00]
[151.00 78.00]
[173.00 81.00]
[129.00 10.00]
[10.00 90.00]
[54.00 161.00]
[220.00 139.00]
[102.00 218.00]
#2#
[[119.00 28.00]
 [31.00 89.00]]
[[31.00 89.00]
 [60.00 137.00]]
[[60.00 137.00]
 [151.00 78.00]]
[[119.00 28.00]
 [151.00 78.00]]
[[173.00 81.00]
 [129.00 10.00]]
[[129.00 10.00]
 [10.00 90.00]]
[[10.00 90.00]
 [54.00 161.00]]
[[220.00 139.00]
 [173.00 81.00]]
[[220.00 139.00]
 [102.00 218.00]]
[[102.00 218.00]
 [54.00 161.00]]
[[173.00 81.00]
 [54.00 161.00]]
#3#
[[0.00 1.00 0.00 1.00 0.00 0.00 0.00 0.00 0.00 0.00]
 [1.00 0.00 1.00 0.00 0.00 0.00 0.00 0.00 0.00 0.00]
 [0.00 1.00 0.00 1.00 0.00 0.00 0.00 0.00 0.00 0.00]
 [1.00 0.00 1.00 0.00 0.00 0.00 0.00 0.00 0.00 0.00]
 [0.00 0.00 0.00 0.00 0.00 1.00 0.00 1.00 1.00 0.00]
 [0.00 0.00 0.00 0.00 1.00 0.00 1.00 0.00 0.00 0.00]
 [0.00 0.00 0.00 0.00 0.00 1.00 0.00 1.00 0.00 0.00]
 [0.00 0.00 0.00 0.00 1.00 0.00 1.00 0.00 0.00 1.00]
 [0.00 0.00 0.00 0.00 1.00 0.00 0.00 0.00 0.00 1.00]
 [0.00 0.00 0.00 0.00 0.00 0.00 0.00 1.00 1.00 0.00]]