#1#
[72.00 23.00]
[134.00 10.00]
[160.00 140.00]
[98.00 153.00]
[96.00 154.00]
[109.00 110.00]
[100.00 62.00]
[125.00 58.00]
[133.00 106.00]
[36.00 164.00]
[10.00 35.00]
#2#
[[72.00 23.00]
 [134.00 10.00]]
[[134.00 10.00]
 [160.00 140.00]]
[[160.00 140.00]
 [98.00 153.00]]
[[98.00 153.00]
 [96.00 154.00]]
[[109.00 110.00]
 [100.00 62.00]]
[[100.00 62.00]
 [125.00 58.00]]
[[133.00 106.00]
 [125.00 58.00]]
[[133.00 106.00]
 [109.00 110.00]]
[[72.00 23.00]
 [96.00 154.00]]
[[36.00 164.00]
 [96.00 154.00]]
[[36.00 164.00]
 [10.00 35.00]]
[[72.00 23.00]
 [10.00 35.00]]
#3#
[[0.00 1.00 0.00 0.00 1.00 0.00 0.00 0.00 0.00 0.00 1.00]
 [1.00 0.00 1.00 0.00 0.00 0.00 0.00 0.00 0.00 0.00 0.00]
 [0.00 1.00 0.00 1.00 0.00 0.00 0.00 0.00 0.00 0.00 0.00]
 [0.00 0.00 1.00 0.00 1.00 0.00 0.00 0.00 0.00 0.00 0.00]
 [1.00 0.00 0.00 1.00 0.00 0.00 0.00 0.00 0.00 1.00 0.00]
 [0.00 0.00 0.00 0.00 0.00 0.00 1.00 0.00 1.00 0.00 0.00]
 [0.00 0.00 0.00 0.00 0.00 1.00 0.00 1.00 0.00 0.00 0.00]
 [0.00 0.00 0.00 0.00 0.00 0.00 1.00 0.00 1.00 0.00 0.00]
 [0.00 0.00 0.00 0.00 0.00 1.00 0.00 1.00 0.00 0.00 0.00]
 [0.00 0.00 0.00 0.00 1.00 0.00 0.00 0.00 0.00 0.00 1.00]
 [1.00 0.00 0.00 0.00 0.00 0.00 0.00 0.00 0.00 1.00 0.00]]