#1#
[141.00 67.00]
[166.00 124.00]
[62.00 172.00]
[36.00 116.00]
[10.00 59.00]
[115.00 10.00]
#2#
[[141.00 67.00]
 [166.00 124.00]]
[[166.00 124.00]
 [62.00 172.00]]
[[62.00 172.00]
 [36.00 116.00]]
[[36.00 116.00]
 [10.00 59.00]]
[[10.00 59.00]
 [115.00 10.00]]
[[141.00 67.00]
 [115.00 10.00]]
[[141.00 67.00]
 [36.00 116.00]]
#3#
[[0.00 1.00 0.00 1.00 0.00 1.00]
 [1.00 0.00 1.00 0.00 0.00 0.00]
 [0.00 1.00 0.00 1.00 0.00 0.00]
 [1.00 0.00 1.00 0.00 1.00 0.00]
 [0.00 0.00 0.00 1.00 0.00 1.00]
 [1.00 0.00 0.00 0.00 1.00 0.00]]