#1#
[30.00 47.00]
[45.00 10.00]
[156.00 62.00]
[139.00 98.00]
[10.00 90.00]
[118.00 140.00]
#2#
[[30.00 47.00]
 [45.00 10.00]]
[[45.00 10.00]
 [156.00 62.00]]
[[156.00 62.00]
 [139.00 98.00]]
[[30.00 47.00]
 [10.00 90.00]]
[[10.00 90.00]
 [118.00 140.00]]
[[139.00 98.00]
 [118.00 140.00]]
[[30.00 47.00]
 [139.00 98.00]]
#3#
[[0.00 1.00 0.00 1.00 1.00 0.00]
 [1.00 0.00 1.00 0.00 0.00 0.00]
 [0.00 1.00 0.00 1.00 0.00 0.00]
 [1.00 0.00 1.00 0.00 0.00 1.00]
 [1.00 0.00 0.00 0.00 0.00 1.00]
 [0.00 0.00 0.00 1.00 1.00 0.00]]