#1#
[97.00 151.00]
[10.00 100.00]
[157.00 68.00]
[73.00 100.00]
[96.00 63.00]
[70.00 10.00]
#2#
[[97.00 151.00]
 [10.00 100.00]]
[[97.00 151.00]
 [157.00 68.00]]
[[10.00 100.00]
 [73.00 100.00]]
[[97.00 151.00]
 [73.00 100.00]]
[[73.00 100.00]
 [96.00 63.00]]
[[157.00 68.00]
 [96.00 63.00]]
[[96.00 63.00]
 [70.00 10.00]]
[[10.00 100.00]
 [70.00 10.00]]
[[157.00 68.00]
 [70.00 10.00]]
#3#
[[0.00 1.00 1.00 1.00 0.00 0.00]
 [1.00 0.00 0.00 1.00 0.00 1.00]
 [1.00 0.00 0.00 0.00 1.00 1.00]
 [1.00 1.00 0.00 0.00 1.00 0.00]
 [0.00 0.00 1.00 1.00 0.00 1.00]
 [0.00 1.00 1.00 0.00 1.00 0.00]]