#1#
[72.00 122.00]
[25.00 128.00]
[10.00 26.00]
[57.00 17.00]
[106.00 10.00]
[121.00 115.00]
#2#
[[72.00 122.00]
 [25.00 128.00]]
[[25.00 128.00]
 [10.00 26.00]]
[[10.00 26.00]
 [57.00 17.00]]
[[57.00 17.00]
 [106.00 10.00]]
[[106.00 10.00]
 [121.00 115.00]]
[[72.00 122.00]
 [121.00 115.00]]
[[72.00 122.00]
 [57.00 17.00]]
#3#
[[0.00 1.00 0.00 1.00 0.00 1.00]
 [1.00 0.00 1.00 0.00 0.00 0.00]
 [0.00 1.00 0.00 1.00 0.00 0.00]
 [1.00 0.00 1.00 0.00 1.00 0.00]
 [0.00 0.00 0.00 1.00 0.00 1.00]
 [1.00 0.00 0.00 0.00 1.00 0.00]]