#1#
[53.00 49.00]
[10.00 87.00]
[85.00 169.00]
[127.00 132.00]
[169.00 92.00]
[95.00 10.00]
#2#
[[53.00 49.00]
 [10.00 87.00]]
[[10.00 87.00]
 [85.00 169.00]]
[[85.00 169.00]
 [127.00 132.00]]
[[127.00 132.00]
 [169.00 92.00]]
[[169.00 92.00]
 [95.00 10.00]]
[[53.00 49.00]
 [95.00 10.00]]
[[53.00 49.00]
 [127.00 132.00]]
#3#
[[0.00 1.00 0.00 1.00 0.00 1.00]
 [1.00 0.00 1.00 0.00 0.00 0.00]
 [0.00 1.00 0.00 1.00 0.00 0.00]
 [1.00 0.00 1.00 0.00 1.00 0.00]
 [0.00 0.00 0.00 1.00 0.00 1.00]
 [1.00 0.00 0.00 0.00 1.00 0.00]]