#1#
[69.00 37.00]
[10.00 38.00]
[46.00 217.00]
[105.00 216.00]
[104.00 145.00]
[150.00 131.00]
[141.00 85.00]
[94.00 102.00]
[162.00 190.00]
[128.00 10.00]
#2#
[[69.00 37.00]
 [10.00 38.00]]
[[10.00 38.00]
 [46.00 217.00]]
[[46.00 217.00]
 [105.00 216.00]]
[[69.00 37.00]
 [105.00 216.00]]
[[104.00 145.00]
 [150.00 131.00]]
[[150.00 131.00]
 [141.00 85.00]]
[[141.00 85.00]
 [94.00 102.00]]
[[104.00 145.00]
 [94.00 102.00]]
[[162.00 190.00]
 [105.00 216.00]]
[[162.00 190.00]
 [128.00 10.00]]
[[69.00 37.00]
 [128.00 10.00]]
#3#
[[0.00 1.00 0.00 1.00 0.00 0.00 0.00 0.00 0.00 1.00]
 [1.00 0.00 1.00 0.00 0.00 0.00 0.00 0.00 0.00 0.00]
 [0.00 1.00 0.00 1.00 0.00 0.00 0.00 0.00 0.00 0.00]
 [1.00 0.00 1.00 0.00 0.00 0.00 0.00 0.00 1.00 0.00]
 [0.00 0.00 0.00 0.00 0.00 1.00 0.00 1.00 0.00 0.00]
 [0.00 0.00 0.00 0.00 1.00 0.00 1.00 0.00 0.00 0.00]
 [0.00 0.00 0.00 0.00 0.00 1.00 0.00 1.00 0.00 0.00]
 [0.00 0.00 0.00 0.00 1.00 0.00 1.00 0.00 0.00 0.00]
 [0.00 0.00 0.00 1.00 0.00 0.00 0.00 0.00 0.00 1.00]
 [1.00 0.00 0.00 0.00 0.00 0.00 0.00 0.00 1.00 0.00]]