#1#
[20.00 144.00]
[73.00 146.00]
[128.00 136.00]
[63.00 21.00]
[10.00 18.00]
[118.00 10.00]
#2#
[[20.00 144.00]
 [73.00 146.00]]
[[73.00 146.00]
 [128.00 136.00]]
[[73.00 146.00]
 [63.00 21.00]]
[[63.00 21.00]
 [10.00 18.00]]
[[20.00 144.00]
 [10.00 18.00]]
[[128.00 136.00]
 [118.00 10.00]]
[[63.00 21.00]
 [118.00 10.00]]
#3#
[[0.00 1.00 0.00 0.00 1.00 0.00]
 [1.00 0.00 1.00 1.00 0.00 0.00]
 [0.00 1.00 0.00 0.00 0.00 1.00]
 [0.00 1.00 0.00 0.00 1.00 1.00]
 [1.00 0.00 0.00 1.00 0.00 0.00]
 [0.00 0.00 1.00 1.00 0.00 0.00]]