#1#
[24.00 73.00]
[145.00 109.00]
[165.00 45.00]
[44.00 10.00]
[10.00 128.00]
[132.00 162.00]
#2#
[[24.00 73.00]
 [145.00 109.00]]
[[145.00 109.00]
 [165.00 45.00]]
[[165.00 45.00]
 [44.00 10.00]]
[[24.00 73.00]
 [44.00 10.00]]
[[24.00 73.00]
 [10.00 128.00]]
[[10.00 128.00]
 [132.00 162.00]]
[[145.00 109.00]
 [132.00 162.00]]
#3#
[[0.00 1.00 0.00 1.00 1.00 0.00]
 [1.00 0.00 1.00 0.00 0.00 1.00]
 [0.00 1.00 0.00 1.00 0.00 0.00]
 [1.00 0.00 1.00 0.00 0.00 0.00]
 [1.00 0.00 0.00 0.00 0.00 1.00]
 [0.00 1.00 0.00 0.00 1.00 0.00]]