#1#
[134.00 57.00]
[113.00 10.00]
[10.00 49.00]
[32.00 95.00]
[49.00 154.00]
[152.00 117.00]
#2#
[[134.00 57.00]
 [113.00 10.00]]
[[113.00 10.00]
 [10.00 49.00]]
[[10.00 49.00]
 [32.00 95.00]]
[[134.00 57.00]
 [32.00 95.00]]
[[32.00 95.00]
 [49.00 154.00]]
[[49.00 154.00]
 [152.00 117.00]]
[[134.00 57.00]
 [152.00 117.00]]
#3#
[[0.00 1.00 0.00 1.00 0.00 1.00]
 [1.00 0.00 1.00 0.00 0.00 0.00]
 [0.00 1.00 0.00 1.00 0.00 0.00]
 [1.00 0.00 1.00 0.00 1.00 0.00]
 [0.00 0.00 0.00 1.00 0.00 1.00]
 [1.00 0.00 0.00 0.00 1.00 0.00]]