#1#
[63.00 260.00]
[10.00 239.00]
[119.00 10.00]
[169.00 31.00]
[220.00 58.00]
[113.00 286.00]
#2#
[[63.00 260.00]
 [10.00 239.00]]
[[10.00 239.00]
 [119.00 10.00]]
[[119.00 10.00]
 [169.00 31.00]]
[[63.00 260.00]
 [169.00 31.00]]
[[169.00 31.00]
 [220.00 58.00]]
[[220.00 58.00]
 [113.00 286.00]]
[[63.00 260.00]
 [113.00 286.00]]
#3#
[[0.00 1.00 0.00 1.00 0.00 1.00]
 [1.00 0.00 1.00 0.00 0.00 0.00]
 [0.00 1.00 0.00 1.00 0.00 0.00]
 [1.00 0.00 1.00 0.00 1.00 0.00]
 [0.00 0.00 0.00 1.00 0.00 1.00]
 [1.00 0.00 0.00 0.00 1.00 0.00]]