#1#
[87.00 176.00]
[78.00 24.00]
[138.00 10.00]
[146.00 162.00]
[19.00 172.00]
[10.00 16.00]
#2#
[[87.00 176.00]
 [78.00 24.00]]
[[78.00 24.00]
 [138.00 10.00]]
[[138.00 10.00]
 [146.00 162.00]]
[[87.00 176.00]
 [146.00 162.00]]
[[87.00 176.00]
 [19.00 172.00]]
[[19.00 172.00]
 [10.00 16.00]]
[[78.00 24.00]
 [10.00 16.00]]
#3#
[[0.00 1.00 0.00 1.00 1.00 0.00]
 [1.00 0.00 1.00 0.00 0.00 1.00]
 [0.00 1.00 0.00 1.00 0.00 0.00]
 [1.00 0.00 1.00 0.00 0.00 0.00]
 [1.00 0.00 0.00 0.00 0.00 1.00]
 [0.00 1.00 0.00 0.00 1.00 0.00]]