#1#
[165.00 74.00]
[173.00 21.00]
[18.00 10.00]
[10.00 61.00]
[167.00 117.00]
[13.00 105.00]
#2#
[[165.00 74.00]
 [173.00 21.00]]
[[173.00 21.00]
 [18.00 10.00]]
[[18.00 10.00]
 [10.00 61.00]]
[[165.00 74.00]
 [10.00 61.00]]
[[165.00 74.00]
 [167.00 117.00]]
[[167.00 117.00]
 [13.00 105.00]]
[[10.00 61.00]
 [13.00 105.00]]
#3#
[[0.00 1.00 0.00 1.00 1.00 0.00]
 [1.00 0.00 1.00 0.00 0.00 0.00]
 [0.00 1.00 0.00 1.00 0.00 0.00]
 [1.00 0.00 1.00 0.00 0.00 1.00]
 [1.00 0.00 0.00 0.00 0.00 1.00]
 [0.00 0.00 0.00 1.00 1.00 0.00]]