#1#
[13.00 78.00]
[146.00 72.00]
[148.00 118.00]
[14.00 124.00]
[10.00 14.00]
[141.00 10.00]
#2#
[[13.00 78.00]
 [146.00 72.00]]
[[146.00 72.00]
 [148.00 118.00]]
[[148.00 118.00]
 [14.00 124.00]]
[[13.00 78.00]
 [14.00 124.00]]
[[13.00 78.00]
 [10.00 14.00]]
[[10.00 14.00]
 [141.00 10.00]]
[[146.00 72.00]
 [141.00 10.00]]
#3#
[[0.00 1.00 0.00 1.00 1.00 0.00]
 [1.00 0.00 1.00 0.00 0.00 1.00]
 [0.00 1.00 0.00 1.00 0.00 0.00]
 [1.00 0.00 1.00 0.00 0.00 0.00]
 [1.00 0.00 0.00 0.00 0.00 1.00]
 [0.00 1.00 0.00 0.00 1.00 0.00]]