#1#
[35.00 59.00]
[10.00 107.00]
[105.00 158.00]
[132.00 109.00]
[157.00 61.00]
[61.00 10.00]
#2#
[[35.00 59.00]
 [10.00 107.00]]
[[10.00 107.00]
 [105.00 158.00]]
[[105.00 158.00]
 [132.00 109.00]]
[[35.00 59.00]
 [132.00 109.00]]
[[132.00 109.00]
 [157.00 61.00]]
[[157.00 61.00]
 [61.00 10.00]]
[[35.00 59.00]
 [61.00 10.00]]
#3#
[[0.00 1.00 0.00 1.00 0.00 1.00]
 [1.00 0.00 1.00 0.00 0.00 0.00]
 [0.00 1.00 0.00 1.00 0.00 0.00]
 [1.00 0.00 1.00 0.00 1.00 0.00]
 [0.00 0.00 0.00 1.00 0.00 1.00]
 [1.00 0.00 0.00 0.00 1.00 0.00]]