#1#
[95.00 21.00]
[146.00 37.00]
[110.00 162.00]
[63.00 147.00]
[10.00 136.00]
[43.00 10.00]
#2#
[[95.00 21.00]
 [146.00 37.00]]
[[146.00 37.00]
 [110.00 162.00]]
[[110.00 162.00]
 [63.00 147.00]]
[[95.00 21.00]
 [63.00 147.00]]
[[63.00 147.00]
 [10.00 136.00]]
[[10.00 136.00]
 [43.00 10.00]]
[[95.00 21.00]
 [43.00 10.00]]
#3#
[[0.00 1.00 0.00 1.00 0.00 1.00]
 [1.00 0.00 1.00 0.00 0.00 0.00]
 [0.00 1.00 0.00 1.00 0.00 0.00]
 [1.00 0.00 1.00 0.00 1.00 0.00]
 [0.00 0.00 0.00 1.00 0.00 1.00]
 [1.00 0.00 0.00 0.00 1.00 0.00]]