#1#
[78.00 37.00]
[47.00 63.00]
[104.00 10.00]
[202.00 97.00]
[174.00 122.00]
[144.00 149.00]
[10.00 118.00]
[105.00 204.00]
#2#
[[78.00 37.00]
 [47.00 63.00]]
[[78.00 37.00]
 [104.00 10.00]]
[[104.00 10.00]
 [202.00 97.00]]
[[202.00 97.00]
 [174.00 122.00]]
[[47.00 63.00]
 [144.00 149.00]]
[[47.00 63.00]
 [10.00 118.00]]
[[10.00 118.00]
 [105.00 204.00]]
[[144.00 149.00]
 [105.00 204.00]]
[[78.00 37.00]
 [174.00 122.00]]
[[174.00 122.00]
 [144.00 149.00]]
#3#
[[0.00 1.00 1.00 0.00 1.00 0.00 0.00 0.00]
 [1.00 0.00 0.00 0.00 0.00 1.00 1.00 0.00]
 [1.00 0.00 0.00 1.00 0.00 0.00 0.00 0.00]
 [0.00 0.00 1.00 0.00 1.00 0.00 0.00 0.00]
 [1.00 0.00 0.00 1.00 0.00 1.00 0.00 0.00]
 [0.00 1.00 0.00 0.00 1.00 0.00 0.00 1.00]
 [0.00 1.00 0.00 0.00 0.00 0.00 0.00 1.00]
 [0.00 0.00 0.00 0.00 0.00 1.00 1.00 0.00]]