#1#
[39.00 87.00]
[68.00 10.00]
[145.00 43.00]
[117.00 119.00]
[188.00 148.00]
[159.00 211.00]
[10.00 150.00]
#2#
[[39.00 87.00]
 [68.00 10.00]]
[[68.00 10.00]
 [145.00 43.00]]
[[145.00 43.00]
 [117.00 119.00]]
[[39.00 87.00]
 [117.00 119.00]]
[[117.00 119.00]
 [188.00 148.00]]
[[188.00 148.00]
 [159.00 211.00]]
[[159.00 211.00]
 [10.00 150.00]]
[[39.00 87.00]
 [10.00 150.00]]
#3#
[[0.00 1.00 0.00 1.00 0.00 0.00 1.00]
 [1.00 0.00 1.00 0.00 0.00 0.00 0.00]
 [0.00 1.00 0.00 1.00 0.00 0.00 0.00]
 [1.00 0.00 1.00 0.00 1.00 0.00 0.00]
 [0.00 0.00 0.00 1.00 0.00 1.00 0.00]
 [0.00 0.00 0.00 0.00 1.00 0.00 1.00]
 [1.00 0.00 0.00 0.00 0.00 1.00 0.00]]