#1#
[162.00 215.00]
[116.00 254.00]
[10.00 93.00]
[53.00 51.00]
[102.00 28.00]
[130.00 10.00]
[160.00 54.00]
[130.00 74.00]
[131.00 76.00]
[140.00 71.00]
[218.00 188.00]
#2#
[[162.00 215.00]
 [116.00 254.00]]
[[116.00 254.00]
 [10.00 93.00]]
[[10.00 93.00]
 [53.00 51.00]]
[[162.00 215.00]
 [53.00 51.00]]
[[53.00 51.00]
 [102.00 28.00]]
[[102.00 28.00]
 [130.00 10.00]]
[[130.00 10.00]
 [160.00 54.00]]
[[160.00 54.00]
 [130.00 74.00]]
[[131.00 76.00]
 [130.00 74.00]]
[[131.00 76.00]
 [140.00 71.00]]
[[140.00 71.00]
 [218.00 188.00]]
[[162.00 215.00]
 [218.00 188.00]]
#3#
[[0.00 1.00 0.00 1.00 0.00 0.00 0.00 0.00 0.00 0.00 1.00]
 [1.00 0.00 1.00 0.00 0.00 0.00 0.00 0.00 0.00 0.00 0.00]
 [0.00 1.00 0.00 1.00 0.00 0.00 0.00 0.00 0.00 0.00 0.00]
 [1.00 0.00 1.00 0.00 1.00 0.00 0.00 0.00 0.00 0.00 0.00]
 [0.00 0.00 0.00 1.00 0.00 1.00 0.00 0.00 0.00 0.00 0.00]
 [0.00 0.00 0.00 0.00 1.00 0.00 1.00 0.00 0.00 0.00 0.00]
 [0.00 0.00 0.00 0.00 0.00 1.00 0.00 1.00 0.00 0.00 0.00]
 [0.00 0.00 0.00 0.00 0.00 0.00 1.00 0.00 1.00 0.00 0.00]
 [0.00 0.00 0.00 0.00 0.00 0.00 0.00 1.00 0.00 1.00 0.00]
 [0.00 0.00 0.00 0.00 0.00 0.00 0.00 0.00 1.00 0.00 1.00]
 [1.00 0.00 0.00 0.00 0.00 0.00 0.00 0.00 0.00 1.00 0.00]]