#1#
[128.00 136.00]
[92.00 167.00]
[10.00 78.00]
[47.00 44.00]
[83.00 10.00]
[166.00 102.00]
#2#
[[128.00 136.00]
 [92.00 167.00]]
[[92.00 167.00]
 [10.00 78.00]]
[[10.00 78.00]
 [47.00 44.00]]
[[47.00 44.00]
 [83.00 10.00]]
[[83.00 10.00]
 [166.00 102.00]]
[[128.00 136.00]
 [166.00 102.00]]
[[128.00 136.00]
 [47.00 44.00]]
#3#
[[0.00 1.00 0.00 1.00 0.00 1.00]
 [1.00 0.00 1.00 0.00 0.00 0.00]
 [0.00 1.00 0.00 1.00 0.00 0.00]
 [1.00 0.00 1.00 0.00 1.00 0.00]
 [0.00 0.00 0.00 1.00 0.00 1.00]
 [1.00 0.00 0.00 0.00 1.00 0.00]]