#1#
[195.00 89.00]
[38.00 173.00]
[226.00 138.00]
[136.00 186.00]
[140.00 194.00]
[73.00 229.00]
[10.00 113.00]
[110.00 57.00]
[101.00 39.00]
[158.00 10.00]
#2#
[[195.00 89.00]
 [38.00 173.00]]
[[195.00 89.00]
 [226.00 138.00]]
[[226.00 138.00]
 [136.00 186.00]]
[[136.00 186.00]
 [140.00 194.00]]
[[140.00 194.00]
 [73.00 229.00]]
[[38.00 173.00]
 [73.00 229.00]]
[[38.00 173.00]
 [10.00 113.00]]
[[10.00 113.00]
 [110.00 57.00]]
[[101.00 39.00]
 [110.00 57.00]]
[[101.00 39.00]
 [158.00 10.00]]
[[195.00 89.00]
 [158.00 10.00]]
#3#
[[0.00 1.00 1.00 0.00 0.00 0.00 0.00 0.00 0.00 1.00]
 [1.00 0.00 0.00 0.00 0.00 1.00 1.00 0.00 0.00 0.00]
 [1.00 0.00 0.00 1.00 0.00 0.00 0.00 0.00 0.00 0.00]
 [0.00 0.00 1.00 0.00 1.00 0.00 0.00 0.00 0.00 0.00]
 [0.00 0.00 0.00 1.00 0.00 1.00 0.00 0.00 0.00 0.00]
 [0.00 1.00 0.00 0.00 1.00 0.00 0.00 0.00 0.00 0.00]
 [0.00 1.00 0.00 0.00 0.00 0.00 0.00 1.00 0.00 0.00]
 [0.00 0.00 0.00 0.00 0.00 0.00 1.00 0.00 1.00 0.00]
 [0.00 0.00 0.00 0.00 0.00 0.00 0.00 1.00 0.00 1.00]
 [1.00 0.00 0.00 0.00 0.00 0.00 0.00 0.00 1.00 0.00]]