#1#
[10.00 20.00]
[135.00 10.00]
[72.00 33.00]
[77.00 105.00]
[143.00 136.00]
[18.00 146.00]
#2#
[[10.00 20.00]
 [135.00 10.00]]
[[10.00 20.00]
 [72.00 33.00]]
[[135.00 10.00]
 [72.00 33.00]]
[[72.00 33.00]
 [77.00 105.00]]
[[77.00 105.00]
 [143.00 136.00]]
[[135.00 10.00]
 [143.00 136.00]]
[[10.00 20.00]
 [18.00 146.00]]
[[77.00 105.00]
 [18.00 146.00]]
[[143.00 136.00]
 [18.00 146.00]]
#3#
[[0.00 1.00 1.00 0.00 0.00 1.00]
 [1.00 0.00 1.00 0.00 1.00 0.00]
 [1.00 1.00 0.00 1.00 0.00 0.00]
 [0.00 0.00 1.00 0.00 1.00 1.00]
 [0.00 1.00 0.00 1.00 0.00 1.00]
 [1.00 0.00 0.00 1.00 1.00 0.00]]