#1#
[126.00 48.00]
[91.00 10.00]
[10.00 96.00]
[45.00 132.00]
[80.00 163.00]
[161.00 79.00]
#2#
[[126.00 48.00]
 [91.00 10.00]]
[[91.00 10.00]
 [10.00 96.00]]
[[10.00 96.00]
 [45.00 132.00]]
[[126.00 48.00]
 [45.00 132.00]]
[[45.00 132.00]
 [80.00 163.00]]
[[80.00 163.00]
 [161.00 79.00]]
[[126.00 48.00]
 [161.00 79.00]]
#3#
[[0.00 1.00 0.00 1.00 0.00 1.00]
 [1.00 0.00 1.00 0.00 0.00 0.00]
 [0.00 1.00 0.00 1.00 0.00 0.00]
 [1.00 0.00 1.00 0.00 1.00 0.00]
 [0.00 0.00 0.00 1.00 0.00 1.00]
 [1.00 0.00 0.00 0.00 1.00 0.00]]