#1#
[33.00 123.00]
[179.00 69.00]
[10.00 65.00]
[156.00 10.00]
[200.00 124.00]
[55.00 180.00]
#2#
[[33.00 123.00]
 [179.00 69.00]]
[[33.00 123.00]
 [10.00 65.00]]
[[10.00 65.00]
 [156.00 10.00]]
[[179.00 69.00]
 [156.00 10.00]]
[[179.00 69.00]
 [200.00 124.00]]
[[200.00 124.00]
 [55.00 180.00]]
[[33.00 123.00]
 [55.00 180.00]]
#3#
[[0.00 1.00 1.00 0.00 0.00 1.00]
 [1.00 0.00 0.00 1.00 1.00 0.00]
 [1.00 0.00 0.00 1.00 0.00 0.00]
 [0.00 1.00 1.00 0.00 0.00 0.00]
 [0.00 1.00 0.00 0.00 0.00 1.00]
 [1.00 0.00 0.00 0.00 1.00 0.00]]