#1#
[122.00 55.00]
[111.00 75.00]
[96.00 104.00]
[10.00 59.00]
[35.00 10.00]
[87.00 120.00]
[205.00 183.00]
[230.00 136.00]
[252.00 96.00]
[132.00 34.00]
#2#
[[122.00 55.00]
 [111.00 75.00]]
[[111.00 75.00]
 [96.00 104.00]]
[[96.00 104.00]
 [10.00 59.00]]
[[10.00 59.00]
 [35.00 10.00]]
[[122.00 55.00]
 [35.00 10.00]]
[[96.00 104.00]
 [87.00 120.00]]
[[87.00 120.00]
 [205.00 183.00]]
[[205.00 183.00]
 [230.00 136.00]]
[[252.00 96.00]
 [230.00 136.00]]
[[252.00 96.00]
 [132.00 34.00]]
[[122.00 55.00]
 [132.00 34.00]]
[[111.00 75.00]
 [230.00 136.00]]
#3#
[[0.00 1.00 0.00 0.00 1.00 0.00 0.00 0.00 0.00 1.00]
 [1.00 0.00 1.00 0.00 0.00 0.00 0.00 1.00 0.00 0.00]
 [0.00 1.00 0.00 1.00 0.00 1.00 0.00 0.00 0.00 0.00]
 [0.00 0.00 1.00 0.00 1.00 0.00 0.00 0.00 0.00 0.00]
 [1.00 0.00 0.00 1.00 0.00 0.00 0.00 0.00 0.00 0.00]
 [0.00 0.00 1.00 0.00 0.00 0.00 1.00 0.00 0.00 0.00]
 [0.00 0.00 0.00 0.00 0.00 1.00 0.00 1.00 0.00 0.00]
 [0.00 1.00 0.00 0.00 0.00 0.00 1.00 0.00 1.00 0.00]
 [0.00 0.00 0.00 0.00 0.00 0.00 0.00 1.00 0.00 1.00]
 [1.00 0.00 0.00 0.00 0.00 0.00 0.00 0.00 1.00 0.00]]