#1#
[122.00 59.00]
[10.00 56.00]
[11.00 111.00]
[119.00 112.00]
[122.00 12.00]
[11.00 10.00]
#2#
[[122.00 59.00]
 [10.00 56.00]]
[[10.00 56.00]
 [11.00 111.00]]
[[11.00 111.00]
 [119.00 112.00]]
[[122.00 59.00]
 [119.00 112.00]]
[[122.00 59.00]
 [122.00 12.00]]
[[122.00 12.00]
 [11.00 10.00]]
[[10.00 56.00]
 [11.00 10.00]]
#3#
[[0.00 1.00 0.00 1.00 1.00 0.00]
 [1.00 0.00 1.00 0.00 0.00 1.00]
 [0.00 1.00 0.00 1.00 0.00 0.00]
 [1.00 0.00 1.00 0.00 0.00 0.00]
 [1.00 0.00 0.00 0.00 0.00 1.00]
 [0.00 1.00 0.00 0.00 1.00 0.00]]