#1#
[51.00 41.00]
[95.00 10.00]
[159.00 138.00]
[115.00 169.00]
[96.00 174.00]
[90.00 160.00]
[66.00 166.00]
[10.00 50.00]
#2#
[[51.00 41.00]
 [95.00 10.00]]
[[95.00 10.00]
 [159.00 138.00]]
[[159.00 138.00]
 [115.00 169.00]]
[[51.00 41.00]
 [115.00 169.00]]
[[115.00 169.00]
 [96.00 174.00]]
[[96.00 174.00]
 [90.00 160.00]]
[[90.00 160.00]
 [66.00 166.00]]
[[66.00 166.00]
 [10.00 50.00]]
[[51.00 41.00]
 [10.00 50.00]]
#3#
[[0.00 1.00 0.00 1.00 0.00 0.00 0.00 1.00]
 [1.00 0.00 1.00 0.00 0.00 0.00 0.00 0.00]
 [0.00 1.00 0.00 1.00 0.00 0.00 0.00 0.00]
 [1.00 0.00 1.00 0.00 1.00 0.00 0.00 0.00]
 [0.00 0.00 0.00 1.00 0.00 1.00 0.00 0.00]
 [0.00 0.00 0.00 0.00 1.00 0.00 1.00 0.00]
 [0.00 0.00 0.00 0.00 0.00 1.00 0.00 1.00]
 [1.00 0.00 0.00 0.00 0.00 0.00 1.00 0.00]]