#1#
[29.00 56.00]
[48.00 10.00]
[151.00 51.00]
[134.00 96.00]
[113.00 150.00]
[10.00 109.00]
#2#
[[29.00 56.00]
 [48.00 10.00]]
[[48.00 10.00]
 [151.00 51.00]]
[[151.00 51.00]
 [134.00 96.00]]
[[29.00 56.00]
 [134.00 96.00]]
[[134.00 96.00]
 [113.00 150.00]]
[[113.00 150.00]
 [10.00 109.00]]
[[29.00 56.00]
 [10.00 109.00]]
#3#
[[0.00 1.00 0.00 1.00 0.00 1.00]
 [1.00 0.00 1.00 0.00 0.00 0.00]
 [0.00 1.00 0.00 1.00 0.00 0.00]
 [1.00 0.00 1.00 0.00 1.00 0.00]
 [0.00 0.00 0.00 1.00 0.00 1.00]
 [1.00 0.00 0.00 0.00 1.00 0.00]]