#1#
[68.00 194.00]
[10.00 156.00]
[74.00 10.00]
[131.00 47.00]
[187.00 57.00]
[123.00 206.00]
#2#
[[68.00 194.00]
 [10.00 156.00]]
[[10.00 156.00]
 [74.00 10.00]]
[[74.00 10.00]
 [131.00 47.00]]
[[68.00 194.00]
 [131.00 47.00]]
[[131.00 47.00]
 [187.00 57.00]]
[[187.00 57.00]
 [123.00 206.00]]
[[68.00 194.00]
 [123.00 206.00]]
#3#
[[0.00 1.00 0.00 1.00 0.00 1.00]
 [1.00 0.00 1.00 0.00 0.00 0.00]
 [0.00 1.00 0.00 1.00 0.00 0.00]
 [1.00 0.00 1.00 0.00 1.00 0.00]
 [0.00 0.00 0.00 1.00 0.00 1.00]
 [1.00 0.00 0.00 0.00 1.00 0.00]]