#1#
[301.00 264.00]
[363.00 284.00]
[409.00 144.00]
[344.00 122.00]
[351.00 99.00]
[60.00 10.00]
[10.00 174.00]
#2#
[[301.00 264.00]
 [363.00 284.00]]
[[363.00 284.00]
 [409.00 144.00]]
[[409.00 144.00]
 [344.00 122.00]]
[[301.00 264.00]
 [344.00 122.00]]
[[344.00 122.00]
 [351.00 99.00]]
[[351.00 99.00]
 [60.00 10.00]]
[[60.00 10.00]
 [10.00 174.00]]
[[301.00 264.00]
 [10.00 174.00]]
#3#
[[0.00 1.00 0.00 1.00 0.00 0.00 1.00]
 [1.00 0.00 1.00 0.00 0.00 0.00 0.00]
 [0.00 1.00 0.00 1.00 0.00 0.00 0.00]
 [1.00 0.00 1.00 0.00 1.00 0.00 0.00]
 [0.00 0.00 0.00 1.00 0.00 1.00 0.00]
 [0.00 0.00 0.00 0.00 1.00 0.00 1.00]
 [1.00 0.00 0.00 0.00 0.00 1.00 0.00]]