#1#
[119.00 92.00]
[134.00 43.00]
[43.00 10.00]
[28.00 57.00]
[100.00 128.00]
[10.00 92.00]
#2#
[[119.00 92.00]
 [134.00 43.00]]
[[134.00 43.00]
 [43.00 10.00]]
[[43.00 10.00]
 [28.00 57.00]]
[[119.00 92.00]
 [100.00 128.00]]
[[100.00 128.00]
 [10.00 92.00]]
[[28.00 57.00]
 [10.00 92.00]]
[[119.00 92.00]
 [28.00 57.00]]
#3#
[[0.00 1.00 0.00 1.00 1.00 0.00]
 [1.00 0.00 1.00 0.00 0.00 0.00]
 [0.00 1.00 0.00 1.00 0.00 0.00]
 [1.00 0.00 1.00 0.00 0.00 1.00]
 [1.00 0.00 0.00 0.00 0.00 1.00]
 [0.00 0.00 0.00 1.00 1.00 0.00]]