#1#
[17.00 55.00]
[150.00 73.00]
[155.00 27.00]
[26.00 10.00]
[10.00 118.00]
[144.00 127.00]
#2#
[[17.00 55.00]
 [150.00 73.00]]
[[150.00 73.00]
 [155.00 27.00]]
[[155.00 27.00]
 [26.00 10.00]]
[[17.00 55.00]
 [26.00 10.00]]
[[17.00 55.00]
 [10.00 118.00]]
[[10.00 118.00]
 [144.00 127.00]]
[[150.00 73.00]
 [144.00 127.00]]
#3#
[[0.00 1.00 0.00 1.00 1.00 0.00]
 [1.00 0.00 1.00 0.00 0.00 1.00]
 [0.00 1.00 0.00 1.00 0.00 0.00]
 [1.00 0.00 1.00 0.00 0.00 0.00]
 [1.00 0.00 0.00 0.00 0.00 1.00]
 [0.00 1.00 0.00 0.00 1.00 0.00]]