#1#
[122.00 48.00]
[39.00 229.00]
[259.00 111.00]
[276.00 74.00]
[137.00 10.00]
[176.00 292.00]
[10.00 296.00]
[147.00 354.00]
#2#
[[122.00 48.00]
 [39.00 229.00]]
[[259.00 111.00]
 [276.00 74.00]]
[[276.00 74.00]
 [137.00 10.00]]
[[122.00 48.00]
 [137.00 10.00]]
[[122.00 48.00]
 [259.00 111.00]]
[[39.00 229.00]
 [176.00 292.00]]
[[39.00 229.00]
 [10.00 296.00]]
[[10.00 296.00]
 [147.00 354.00]]
[[176.00 292.00]
 [147.00 354.00]]
[[259.00 111.00]
 [176.00 292.00]]
#3#
[[0.00 1.00 1.00 0.00 1.00 0.00 0.00 0.00]
 [1.00 0.00 0.00 0.00 0.00 1.00 1.00 0.00]
 [1.00 0.00 0.00 1.00 0.00 1.00 0.00 0.00]
 [0.00 0.00 1.00 0.00 1.00 0.00 0.00 0.00]
 [1.00 0.00 0.00 1.00 0.00 0.00 0.00 0.00]
 [0.00 1.00 1.00 0.00 0.00 0.00 0.00 1.00]
 [0.00 1.00 0.00 0.00 0.00 0.00 0.00 1.00]
 [0.00 0.00 0.00 0.00 0.00 1.00 1.00 0.00]]