#1#
[151.00 112.00]
[125.00 153.00]
[60.00 105.00]
[61.00 101.00]
[10.00 62.00]
[34.00 23.00]
[51.00 10.00]
[104.00 49.00]
[109.00 42.00]
[176.00 91.00]
#2#
[[151.00 112.00]
 [125.00 153.00]]
[[125.00 153.00]
 [60.00 105.00]]
[[60.00 105.00]
 [61.00 101.00]]
[[61.00 101.00]
 [10.00 62.00]]
[[10.00 62.00]
 [34.00 23.00]]
[[151.00 112.00]
 [34.00 23.00]]
[[34.00 23.00]
 [51.00 10.00]]
[[51.00 10.00]
 [104.00 49.00]]
[[109.00 42.00]
 [104.00 49.00]]
[[109.00 42.00]
 [176.00 91.00]]
[[151.00 112.00]
 [176.00 91.00]]
#3#
[[0.00 1.00 0.00 0.00 0.00 1.00 0.00 0.00 0.00 1.00]
 [1.00 0.00 1.00 0.00 0.00 0.00 0.00 0.00 0.00 0.00]
 [0.00 1.00 0.00 1.00 0.00 0.00 0.00 0.00 0.00 0.00]
 [0.00 0.00 1.00 0.00 1.00 0.00 0.00 0.00 0.00 0.00]
 [0.00 0.00 0.00 1.00 0.00 1.00 0.00 0.00 0.00 0.00]
 [1.00 0.00 0.00 0.00 1.00 0.00 1.00 0.00 0.00 0.00]
 [0.00 0.00 0.00 0.00 0.00 1.00 0.00 1.00 0.00 0.00]
 [0.00 0.00 0.00 0.00 0.00 0.00 1.00 0.00 1.00 0.00]
 [0.00 0.00 0.00 0.00 0.00 0.00 0.00 1.00 0.00 1.00]
 [1.00 0.00 0.00 0.00 0.00 0.00 0.00 0.00 1.00 0.00]]