#1#
[53.00 119.00]
[97.00 24.00]
[142.00 54.00]
[100.00 146.00]
[10.00 106.00]
[54.00 10.00]
#2#
[[53.00 119.00]
 [97.00 24.00]]
[[97.00 24.00]
 [142.00 54.00]]
[[142.00 54.00]
 [100.00 146.00]]
[[53.00 119.00]
 [100.00 146.00]]
[[53.00 119.00]
 [10.00 106.00]]
[[10.00 106.00]
 [54.00 10.00]]
[[97.00 24.00]
 [54.00 10.00]]
#3#
[[0.00 1.00 0.00 1.00 1.00 0.00]
 [1.00 0.00 1.00 0.00 0.00 1.00]
 [0.00 1.00 0.00 1.00 0.00 0.00]
 [1.00 0.00 1.00 0.00 0.00 0.00]
 [1.00 0.00 0.00 0.00 0.00 1.00]
 [0.00 1.00 0.00 0.00 1.00 0.00]]