#1#
[10.00 124.00]
[90.00 92.00]
[167.00 61.00]
[64.00 10.00]
[113.00 174.00]
#2#
[[10.00 124.00]
 [90.00 92.00]]
[[90.00 92.00]
 [167.00 61.00]]
[[167.00 61.00]
 [64.00 10.00]]
[[167.00 61.00]
 [64.00 10.00]]
[[167.00 61.00]
 [113.00 174.00]]
[[10.00 124.00]
 [113.00 174.00]]
[[10.00 124.00]
 [64.00 10.00]]
[[90.00 92.00]
 [64.00 10.00]]
[[90.00 92.00]
 [113.00 174.00]]
#3#
[[0.00 1.00 0.00 1.00 1.00]
 [1.00 0.00 1.00 1.00 1.00]
 [0.00 1.00 0.00 1.00 1.00]
 [1.00 1.00 1.00 0.00 0.00]
 [1.00 1.00 1.00 0.00 0.00]]