#1#
[59.00 155.00]
[10.00 157.00]
[17.00 10.00]
[65.00 10.00]
[125.00 18.00]
[125.00 64.00]
[108.00 63.00]
[105.00 161.00]
#2#
[[59.00 155.00]
 [10.00 157.00]]
[[10.00 157.00]
 [17.00 10.00]]
[[17.00 10.00]
 [65.00 10.00]]
[[59.00 155.00]
 [65.00 10.00]]
[[65.00 10.00]
 [125.00 18.00]]
[[125.00 18.00]
 [125.00 64.00]]
[[125.00 64.00]
 [108.00 63.00]]
[[108.00 63.00]
 [105.00 161.00]]
[[59.00 155.00]
 [105.00 161.00]]
#3#
[[0.00 1.00 0.00 1.00 0.00 0.00 0.00 1.00]
 [1.00 0.00 1.00 0.00 0.00 0.00 0.00 0.00]
 [0.00 1.00 0.00 1.00 0.00 0.00 0.00 0.00]
 [1.00 0.00 1.00 0.00 1.00 0.00 0.00 0.00]
 [0.00 0.00 0.00 1.00 0.00 1.00 0.00 0.00]
 [0.00 0.00 0.00 0.00 1.00 0.00 1.00 0.00]
 [0.00 0.00 0.00 0.00 0.00 1.00 0.00 1.00]
 [1.00 0.00 0.00 0.00 0.00 0.00 1.00 0.00]]