#1#
[46.00 65.00]
[10.00 112.00]
[226.00 250.00]
[264.00 204.00]
[302.00 142.00]
[94.00 10.00]
[65.00 58.00]
[55.00 52.00]
#2#
[[46.00 65.00]
 [10.00 112.00]]
[[10.00 112.00]
 [226.00 250.00]]
[[226.00 250.00]
 [264.00 204.00]]
[[264.00 204.00]
 [302.00 142.00]]
[[302.00 142.00]
 [94.00 10.00]]
[[94.00 10.00]
 [65.00 58.00]]
[[65.00 58.00]
 [55.00 52.00]]
[[46.00 65.00]
 [55.00 52.00]]
[[46.00 65.00]
 [264.00 204.00]]
#3#
[[0.00 1.00 0.00 1.00 0.00 0.00 0.00 1.00]
 [1.00 0.00 1.00 0.00 0.00 0.00 0.00 0.00]
 [0.00 1.00 0.00 1.00 0.00 0.00 0.00 0.00]
 [1.00 0.00 1.00 0.00 1.00 0.00 0.00 0.00]
 [0.00 0.00 0.00 1.00 0.00 1.00 0.00 0.00]
 [0.00 0.00 0.00 0.00 1.00 0.00 1.00 0.00]
 [0.00 0.00 0.00 0.00 0.00 1.00 0.00 1.00]
 [1.00 0.00 0.00 0.00 0.00 0.00 1.00 0.00]]