#1#
[146.00 57.00]
[12.00 63.00]
[143.00 10.00]
[10.00 17.00]
[147.00 136.00]
[17.00 141.00]
#2#
[[146.00 57.00]
 [12.00 63.00]]
[[146.00 57.00]
 [143.00 10.00]]
[[143.00 10.00]
 [10.00 17.00]]
[[12.00 63.00]
 [10.00 17.00]]
[[146.00 57.00]
 [147.00 136.00]]
[[147.00 136.00]
 [17.00 141.00]]
[[12.00 63.00]
 [17.00 141.00]]
#3#
[[0.00 1.00 1.00 0.00 1.00 0.00]
 [1.00 0.00 0.00 1.00 0.00 1.00]
 [1.00 0.00 0.00 1.00 0.00 0.00]
 [0.00 1.00 1.00 0.00 0.00 0.00]
 [1.00 0.00 0.00 0.00 0.00 1.00]
 [0.00 1.00 0.00 0.00 1.00 0.00]]