#1#
[136.00 114.00]
[167.00 92.00]
[80.00 10.00]
[47.00 33.00]
[10.00 88.00]
[49.00 123.00]
[57.00 115.00]
[105.00 159.00]
#2#
[[136.00 114.00]
 [167.00 92.00]]
[[167.00 92.00]
 [80.00 10.00]]
[[80.00 10.00]
 [47.00 33.00]]
[[47.00 33.00]
 [10.00 88.00]]
[[10.00 88.00]
 [49.00 123.00]]
[[49.00 123.00]
 [57.00 115.00]]
[[57.00 115.00]
 [105.00 159.00]]
[[136.00 114.00]
 [105.00 159.00]]
[[136.00 114.00]
 [47.00 33.00]]
#3#
[[0.00 1.00 0.00 1.00 0.00 0.00 0.00 1.00]
 [1.00 0.00 1.00 0.00 0.00 0.00 0.00 0.00]
 [0.00 1.00 0.00 1.00 0.00 0.00 0.00 0.00]
 [1.00 0.00 1.00 0.00 1.00 0.00 0.00 0.00]
 [0.00 0.00 0.00 1.00 0.00 1.00 0.00 0.00]
 [0.00 0.00 0.00 0.00 1.00 0.00 1.00 0.00]
 [0.00 0.00 0.00 0.00 0.00 1.00 0.00 1.00]
 [1.00 0.00 0.00 0.00 0.00 0.00 1.00 0.00]]