#1#
[45.00 157.00]
[79.00 181.00]
[161.00 54.00]
[126.00 31.00]
[10.00 138.00]
[91.00 10.00]
#2#
[[45.00 157.00]
 [79.00 181.00]]
[[79.00 181.00]
 [161.00 54.00]]
[[161.00 54.00]
 [126.00 31.00]]
[[45.00 157.00]
 [10.00 138.00]]
[[10.00 138.00]
 [91.00 10.00]]
[[126.00 31.00]
 [91.00 10.00]]
[[45.00 157.00]
 [126.00 31.00]]
#3#
[[0.00 1.00 0.00 1.00 1.00 0.00]
 [1.00 0.00 1.00 0.00 0.00 0.00]
 [0.00 1.00 0.00 1.00 0.00 0.00]
 [1.00 0.00 1.00 0.00 0.00 1.00]
 [1.00 0.00 0.00 0.00 0.00 1.00]
 [0.00 0.00 0.00 1.00 1.00 0.00]]