#1#
[166.00 58.00]
[157.00 10.00]
[10.00 58.00]
[18.00 105.00]
[39.00 149.00]
[188.00 102.00]
#2#
[[166.00 58.00]
 [157.00 10.00]]
[[157.00 10.00]
 [10.00 58.00]]
[[10.00 58.00]
 [18.00 105.00]]
[[166.00 58.00]
 [18.00 105.00]]
[[18.00 105.00]
 [39.00 149.00]]
[[39.00 149.00]
 [188.00 102.00]]
[[166.00 58.00]
 [188.00 102.00]]
#3#
[[0.00 1.00 0.00 1.00 0.00 1.00]
 [1.00 0.00 1.00 0.00 0.00 0.00]
 [0.00 1.00 0.00 1.00 0.00 0.00]
 [1.00 0.00 1.00 0.00 1.00 0.00]
 [0.00 0.00 0.00 1.00 0.00 1.00]
 [1.00 0.00 0.00 0.00 1.00 0.00]]