#1#
[136.00 43.00]
[28.00 85.00]
[147.00 90.00]
[40.00 129.00]
[10.00 53.00]
[118.00 10.00]
#2#
[[136.00 43.00]
 [28.00 85.00]]
[[136.00 43.00]
 [147.00 90.00]]
[[147.00 90.00]
 [40.00 129.00]]
[[28.00 85.00]
 [40.00 129.00]]
[[28.00 85.00]
 [10.00 53.00]]
[[10.00 53.00]
 [118.00 10.00]]
[[136.00 43.00]
 [118.00 10.00]]
#3#
[[0.00 1.00 1.00 0.00 0.00 1.00]
 [1.00 0.00 0.00 1.00 1.00 0.00]
 [1.00 0.00 0.00 1.00 0.00 0.00]
 [0.00 1.00 1.00 0.00 0.00 0.00]
 [0.00 1.00 0.00 0.00 0.00 1.00]
 [1.00 0.00 0.00 0.00 1.00 0.00]]