#1#
[132.00 59.00]
[157.00 107.00]
[62.00 158.00]
[35.00 109.00]
[10.00 61.00]
[106.00 10.00]
#2#
[[132.00 59.00]
 [157.00 107.00]]
[[157.00 107.00]
 [62.00 158.00]]
[[62.00 158.00]
 [35.00 109.00]]
[[132.00 59.00]
 [35.00 109.00]]
[[35.00 109.00]
 [10.00 61.00]]
[[10.00 61.00]
 [106.00 10.00]]
[[132.00 59.00]
 [106.00 10.00]]
#3#
[[0.00 1.00 0.00 1.00 0.00 1.00]
 [1.00 0.00 1.00 0.00 0.00 0.00]
 [0.00 1.00 0.00 1.00 0.00 0.00]
 [1.00 0.00 1.00 0.00 1.00 0.00]
 [0.00 0.00 0.00 1.00 0.00 1.00]
 [1.00 0.00 0.00 0.00 1.00 0.00]]