#1#
[91.00 10.00]
[10.00 13.00]
[53.00 53.00]
[20.00 158.00]
[57.00 128.00]
[100.00 152.00]
#2#
[[91.00 10.00]
 [10.00 13.00]]
[[91.00 10.00]
 [53.00 53.00]]
[[10.00 13.00]
 [20.00 158.00]]
[[10.00 13.00]
 [53.00 53.00]]
[[53.00 53.00]
 [57.00 128.00]]
[[57.00 128.00]
 [100.00 152.00]]
[[20.00 158.00]
 [57.00 128.00]]
[[91.00 10.00]
 [100.00 152.00]]
[[20.00 158.00]
 [100.00 152.00]]
#3#
[[0.00 1.00 1.00 0.00 0.00 1.00]
 [1.00 0.00 1.00 1.00 0.00 0.00]
 [1.00 1.00 0.00 0.00 1.00 0.00]
 [0.00 1.00 0.00 0.00 1.00 1.00]
 [0.00 0.00 1.00 1.00 0.00 1.00]
 [1.00 0.00 0.00 1.00 1.00 0.00]]