#1#
[61.00 27.00]
[10.00 53.00]
[56.00 156.00]
[103.00 130.00]
[157.00 112.00]
[114.00 10.00]
#2#
[[61.00 27.00]
 [10.00 53.00]]
[[10.00 53.00]
 [56.00 156.00]]
[[56.00 156.00]
 [103.00 130.00]]
[[61.00 27.00]
 [103.00 130.00]]
[[103.00 130.00]
 [157.00 112.00]]
[[157.00 112.00]
 [114.00 10.00]]
[[61.00 27.00]
 [114.00 10.00]]
#3#
[[0.00 1.00 0.00 1.00 0.00 1.00]
 [1.00 0.00 1.00 0.00 0.00 0.00]
 [0.00 1.00 0.00 1.00 0.00 0.00]
 [1.00 0.00 1.00 0.00 1.00 0.00]
 [0.00 0.00 0.00 1.00 0.00 1.00]
 [1.00 0.00 0.00 0.00 1.00 0.00]]