#1#
[10.00 68.00]
[129.00 66.00]
[13.00 121.00]
[131.00 119.00]
[130.00 10.00]
[10.00 11.00]
#2#
[[10.00 68.00]
 [129.00 66.00]]
[[10.00 68.00]
 [13.00 121.00]]
[[13.00 121.00]
 [131.00 119.00]]
[[129.00 66.00]
 [131.00 119.00]]
[[129.00 66.00]
 [130.00 10.00]]
[[130.00 10.00]
 [10.00 11.00]]
[[10.00 68.00]
 [10.00 11.00]]
#3#
[[0.00 1.00 1.00 0.00 0.00 1.00]
 [1.00 0.00 0.00 1.00 1.00 0.00]
 [1.00 0.00 0.00 1.00 0.00 0.00]
 [0.00 1.00 1.00 0.00 0.00 0.00]
 [0.00 1.00 0.00 0.00 0.00 1.00]
 [1.00 0.00 0.00 0.00 1.00 0.00]]