#1#
[88.00 12.00]
[38.00 10.00]
[10.00 140.00]
[64.00 137.00]
[112.00 158.00]
[140.00 32.00]
#2#
[[88.00 12.00]
 [38.00 10.00]]
[[38.00 10.00]
 [10.00 140.00]]
[[10.00 140.00]
 [64.00 137.00]]
[[88.00 12.00]
 [64.00 137.00]]
[[64.00 137.00]
 [112.00 158.00]]
[[112.00 158.00]
 [140.00 32.00]]
[[88.00 12.00]
 [140.00 32.00]]
#3#
[[0.00 1.00 0.00 1.00 0.00 1.00]
 [1.00 0.00 1.00 0.00 0.00 0.00]
 [0.00 1.00 0.00 1.00 0.00 0.00]
 [1.00 0.00 1.00 0.00 1.00 0.00]
 [0.00 0.00 0.00 1.00 0.00 1.00]
 [1.00 0.00 0.00 0.00 1.00 0.00]]