#1#
[46.00 265.00]
[84.00 279.00]
[160.00 33.00]
[122.00 19.00]
[85.00 10.00]
[10.00 256.00]
#2#
[[46.00 265.00]
 [84.00 279.00]]
[[84.00 279.00]
 [160.00 33.00]]
[[160.00 33.00]
 [122.00 19.00]]
[[122.00 19.00]
 [85.00 10.00]]
[[85.00 10.00]
 [10.00 256.00]]
[[46.00 265.00]
 [10.00 256.00]]
[[46.00 265.00]
 [122.00 19.00]]
#3#
[[0.00 1.00 0.00 1.00 0.00 1.00]
 [1.00 0.00 1.00 0.00 0.00 0.00]
 [0.00 1.00 0.00 1.00 0.00 0.00]
 [1.00 0.00 1.00 0.00 1.00 0.00]
 [0.00 0.00 0.00 1.00 0.00 1.00]
 [1.00 0.00 0.00 0.00 1.00 0.00]]