#1#
[60.00 20.00]
[111.00 10.00]
[134.00 129.00]
[83.00 138.00]
[35.00 146.00]
[10.00 31.00]
#2#
[[60.00 20.00]
 [111.00 10.00]]
[[111.00 10.00]
 [134.00 129.00]]
[[134.00 129.00]
 [83.00 138.00]]
[[60.00 20.00]
 [83.00 138.00]]
[[83.00 138.00]
 [35.00 146.00]]
[[35.00 146.00]
 [10.00 31.00]]
[[60.00 20.00]
 [10.00 31.00]]
#3#
[[0.00 1.00 0.00 1.00 0.00 1.00]
 [1.00 0.00 1.00 0.00 0.00 0.00]
 [0.00 1.00 0.00 1.00 0.00 0.00]
 [1.00 0.00 1.00 0.00 1.00 0.00]
 [0.00 0.00 0.00 1.00 0.00 1.00]
 [1.00 0.00 0.00 0.00 1.00 0.00]]