#1#
[159.00 87.00]
[130.00 10.00]
[53.00 43.00]
[81.00 119.00]
[10.00 148.00]
[39.00 211.00]
[188.00 150.00]
#2#
[[159.00 87.00]
 [130.00 10.00]]
[[130.00 10.00]
 [53.00 43.00]]
[[53.00 43.00]
 [81.00 119.00]]
[[159.00 87.00]
 [81.00 119.00]]
[[81.00 119.00]
 [10.00 148.00]]
[[10.00 148.00]
 [39.00 211.00]]
[[39.00 211.00]
 [188.00 150.00]]
[[159.00 87.00]
 [188.00 150.00]]
#3#
[[0.00 1.00 0.00 1.00 0.00 0.00 1.00]
 [1.00 0.00 1.00 0.00 0.00 0.00 0.00]
 [0.00 1.00 0.00 1.00 0.00 0.00 0.00]
 [1.00 0.00 1.00 0.00 1.00 0.00 0.00]
 [0.00 0.00 0.00 1.00 0.00 1.00 0.00]
 [0.00 0.00 0.00 0.00 1.00 0.00 1.00]
 [1.00 0.00 0.00 0.00 0.00 1.00 0.00]]