#1#
[10.00 82.00]
[162.00 91.00]
[13.00 10.00]
[166.00 17.00]
[159.00 140.00]
[10.00 133.00]
#2#
[[10.00 82.00]
 [162.00 91.00]]
[[10.00 82.00]
 [13.00 10.00]]
[[13.00 10.00]
 [166.00 17.00]]
[[162.00 91.00]
 [166.00 17.00]]
[[162.00 91.00]
 [159.00 140.00]]
[[159.00 140.00]
 [10.00 133.00]]
[[10.00 82.00]
 [10.00 133.00]]
#3#
[[0.00 1.00 1.00 0.00 0.00 1.00]
 [1.00 0.00 0.00 1.00 1.00 0.00]
 [1.00 0.00 0.00 1.00 0.00 0.00]
 [0.00 1.00 1.00 0.00 0.00 0.00]
 [0.00 1.00 0.00 0.00 0.00 1.00]
 [1.00 0.00 0.00 0.00 1.00 0.00]]