#1#
[10.00 14.00]
[127.25 10.00]
[128.00 47.40]
[10.00 53.00]
[131.00 114.00]
[17.00 119.00]
#2#
[[10.00 14.00]
 [127.25 10.00]]
[[127.25 10.00]
 [128.00 47.40]]
[[10.00 14.00]
 [10.00 53.00]]
[[128.00 47.40]
 [10.00 53.00]]
[[128.00 47.40]
 [131.00 114.00]]
[[10.00 53.00]
 [17.00 119.00]]
[[131.00 114.00]
 [17.00 119.00]]
#3#
[[0.00 1.00 0.00 1.00 0.00 0.00]
 [1.00 0.00 1.00 0.00 0.00 0.00]
 [0.00 1.00 0.00 1.00 1.00 0.00]
 [1.00 0.00 1.00 0.00 0.00 1.00]
 [0.00 0.00 1.00 0.00 0.00 1.00]
 [0.00 0.00 0.00 1.00 1.00 0.00]]