#1#
[55.00 122.00]
[98.00 145.00]
[149.00 63.00]
[107.00 42.00]
[63.00 10.00]
[10.00 91.00]
#2#
[[55.00 122.00]
 [98.00 145.00]]
[[98.00 145.00]
 [149.00 63.00]]
[[149.00 63.00]
 [107.00 42.00]]
[[55.00 122.00]
 [107.00 42.00]]
[[107.00 42.00]
 [63.00 10.00]]
[[63.00 10.00]
 [10.00 91.00]]
[[55.00 122.00]
 [10.00 91.00]]
#3#
[[0.00 1.00 0.00 1.00 0.00 1.00]
 [1.00 0.00 1.00 0.00 0.00 0.00]
 [0.00 1.00 0.00 1.00 0.00 0.00]
 [1.00 0.00 1.00 0.00 1.00 0.00]
 [0.00 0.00 0.00 1.00 0.00 1.00]
 [1.00 0.00 0.00 0.00 1.00 0.00]]