#1#
[301.00 30.00]
[363.00 10.00]
[409.00 150.00]
[344.00 172.00]
[351.00 195.00]
[60.00 284.00]
[10.00 120.00]
#2#
[[301.00 30.00]
 [363.00 10.00]]
[[363.00 10.00]
 [409.00 150.00]]
[[409.00 150.00]
 [344.00 172.00]]
[[301.00 30.00]
 [344.00 172.00]]
[[344.00 172.00]
 [351.00 195.00]]
[[351.00 195.00]
 [60.00 284.00]]
[[60.00 284.00]
 [10.00 120.00]]
[[301.00 30.00]
 [10.00 120.00]]
#3#
[[0.00 1.00 0.00 1.00 0.00 0.00 1.00]
 [1.00 0.00 1.00 0.00 0.00 0.00 0.00]
 [0.00 1.00 0.00 1.00 0.00 0.00 0.00]
 [1.00 0.00 1.00 0.00 1.00 0.00 0.00]
 [0.00 0.00 0.00 1.00 0.00 1.00 0.00]
 [0.00 0.00 0.00 0.00 1.00 0.00 1.00]
 [1.00 0.00 0.00 0.00 0.00 1.00 0.00]]