#1#
[128.00 30.00]
[175.00 80.00]
[99.00 178.00]
[49.00 129.00]
[10.00 105.00]
[88.00 10.00]
#2#
[[128.00 30.00]
 [175.00 80.00]]
[[175.00 80.00]
 [99.00 178.00]]
[[99.00 178.00]
 [49.00 129.00]]
[[128.00 30.00]
 [49.00 129.00]]
[[49.00 129.00]
 [10.00 105.00]]
[[10.00 105.00]
 [88.00 10.00]]
[[128.00 30.00]
 [88.00 10.00]]
#3#
[[0.00 1.00 0.00 1.00 0.00 1.00]
 [1.00 0.00 1.00 0.00 0.00 0.00]
 [0.00 1.00 0.00 1.00 0.00 0.00]
 [1.00 0.00 1.00 0.00 1.00 0.00]
 [0.00 0.00 0.00 1.00 0.00 1.00]
 [1.00 0.00 0.00 0.00 1.00 0.00]]