#1#
[237.00 191.00]
[269.00 149.00]
[70.00 10.00]
[39.00 51.00]
[10.00 92.00]
[209.00 231.00]
#2#
[[237.00 191.00]
 [269.00 149.00]]
[[269.00 149.00]
 [70.00 10.00]]
[[70.00 10.00]
 [39.00 51.00]]
[[39.00 51.00]
 [10.00 92.00]]
[[10.00 92.00]
 [209.00 231.00]]
[[237.00 191.00]
 [209.00 231.00]]
[[237.00 191.00]
 [39.00 51.00]]
#3#
[[0.00 1.00 0.00 1.00 0.00 1.00]
 [1.00 0.00 1.00 0.00 0.00 0.00]
 [0.00 1.00 0.00 1.00 0.00 0.00]
 [1.00 0.00 1.00 0.00 1.00 0.00]
 [0.00 0.00 0.00 1.00 0.00 1.00]
 [1.00 0.00 0.00 0.00 1.00 0.00]]