#1#
[17.00 45.00]
[23.00 10.00]
[126.00 36.00]
[119.00 70.00]
[110.00 96.00]
[10.00 71.00]
#2#
[[17.00 45.00]
 [23.00 10.00]]
[[23.00 10.00]
 [126.00 36.00]]
[[126.00 36.00]
 [119.00 70.00]]
[[17.00 45.00]
 [119.00 70.00]]
[[119.00 70.00]
 [110.00 96.00]]
[[110.00 96.00]
 [10.00 71.00]]
[[17.00 45.00]
 [10.00 71.00]]
#3#
[[0.00 1.00 0.00 1.00 0.00 1.00]
 [1.00 0.00 1.00 0.00 0.00 0.00]
 [0.00 1.00 0.00 1.00 0.00 0.00]
 [1.00 0.00 1.00 0.00 1.00 0.00]
 [0.00 0.00 0.00 1.00 0.00 1.00]
 [1.00 0.00 0.00 0.00 1.00 0.00]]