#1#
[64.00 124.00]
[68.00 10.00]
[121.00 140.00]
[125.00 27.00]
[12.00 23.00]
[10.00 136.00]
#2#
[[64.00 124.00]
 [68.00 10.00]]
[[64.00 124.00]
 [121.00 140.00]]
[[121.00 140.00]
 [125.00 27.00]]
[[68.00 10.00]
 [125.00 27.00]]
[[68.00 10.00]
 [12.00 23.00]]
[[12.00 23.00]
 [10.00 136.00]]
[[64.00 124.00]
 [10.00 136.00]]
#3#
[[0.00 1.00 1.00 0.00 0.00 1.00]
 [1.00 0.00 0.00 1.00 1.00 0.00]
 [1.00 0.00 0.00 1.00 0.00 0.00]
 [0.00 1.00 1.00 0.00 0.00 0.00]
 [0.00 1.00 0.00 0.00 0.00 1.00]
 [1.00 0.00 0.00 0.00 1.00 0.00]]