#1#
[66.00 22.00]
[10.00 18.00]
[15.00 122.00]
[69.00 129.00]
[119.00 117.00]
[116.00 10.00]
#2#
[[66.00 22.00]
 [10.00 18.00]]
[[10.00 18.00]
 [15.00 122.00]]
[[15.00 122.00]
 [69.00 129.00]]
[[66.00 22.00]
 [69.00 129.00]]
[[69.00 129.00]
 [119.00 117.00]]
[[119.00 117.00]
 [116.00 10.00]]
[[66.00 22.00]
 [116.00 10.00]]
#3#
[[0.00 1.00 0.00 1.00 0.00 1.00]
 [1.00 0.00 1.00 0.00 0.00 0.00]
 [0.00 1.00 0.00 1.00 0.00 0.00]
 [1.00 0.00 1.00 0.00 1.00 0.00]
 [0.00 0.00 0.00 1.00 0.00 1.00]
 [1.00 0.00 0.00 0.00 1.00 0.00]]