#1#
[54.00 41.00]
[10.00 72.00]
[78.00 171.00]
[122.00 140.00]
[166.00 110.00]
[99.00 10.00]
#2#
[[54.00 41.00]
 [10.00 72.00]]
[[10.00 72.00]
 [78.00 171.00]]
[[78.00 171.00]
 [122.00 140.00]]
[[54.00 41.00]
 [122.00 140.00]]
[[122.00 140.00]
 [166.00 110.00]]
[[166.00 110.00]
 [99.00 10.00]]
[[54.00 41.00]
 [99.00 10.00]]
#3#
[[0.00 1.00 0.00 1.00 0.00 1.00]
 [1.00 0.00 1.00 0.00 0.00 0.00]
 [0.00 1.00 0.00 1.00 0.00 0.00]
 [1.00 0.00 1.00 0.00 1.00 0.00]
 [0.00 0.00 0.00 1.00 0.00 1.00]
 [1.00 0.00 0.00 0.00 1.00 0.00]]