#1#
[62.00 139.00]
[111.00 141.00]
[124.00 13.00]
[74.00 10.00]
[10.00 138.00]
[22.00 10.00]
#2#
[[62.00 139.00]
 [111.00 141.00]]
[[111.00 141.00]
 [124.00 13.00]]
[[124.00 13.00]
 [74.00 10.00]]
[[62.00 139.00]
 [74.00 10.00]]
[[62.00 139.00]
 [10.00 138.00]]
[[10.00 138.00]
 [22.00 10.00]]
[[74.00 10.00]
 [22.00 10.00]]
#3#
[[0.00 1.00 0.00 1.00 1.00 0.00]
 [1.00 0.00 1.00 0.00 0.00 0.00]
 [0.00 1.00 0.00 1.00 0.00 0.00]
 [1.00 0.00 1.00 0.00 0.00 1.00]
 [1.00 0.00 0.00 0.00 0.00 1.00]
 [0.00 0.00 0.00 1.00 1.00 0.00]]