#1#
[70.00 118.00]
[13.00 118.00]
[10.00 13.00]
[67.00 11.00]
[123.00 10.00]
[126.00 118.00]
#2#
[[70.00 118.00]
 [13.00 118.00]]
[[13.00 118.00]
 [10.00 13.00]]
[[10.00 13.00]
 [67.00 11.00]]
[[67.00 11.00]
 [123.00 10.00]]
[[123.00 10.00]
 [126.00 118.00]]
[[70.00 118.00]
 [126.00 118.00]]
[[70.00 118.00]
 [67.00 11.00]]
#3#
[[0.00 1.00 0.00 1.00 0.00 1.00]
 [1.00 0.00 1.00 0.00 0.00 0.00]
 [0.00 1.00 0.00 1.00 0.00 0.00]
 [1.00 0.00 1.00 0.00 1.00 0.00]
 [0.00 0.00 0.00 1.00 0.00 1.00]
 [1.00 0.00 0.00 0.00 1.00 0.00]]