#1#
[55.00 106.00]
[10.00 91.00]
[33.00 10.00]
[76.00 22.00]
[120.00 33.00]
[98.00 117.00]
#2#
[[55.00 106.00]
 [10.00 91.00]]
[[10.00 91.00]
 [33.00 10.00]]
[[33.00 10.00]
 [76.00 22.00]]
[[55.00 106.00]
 [76.00 22.00]]
[[76.00 22.00]
 [120.00 33.00]]
[[120.00 33.00]
 [98.00 117.00]]
[[55.00 106.00]
 [98.00 117.00]]
#3#
[[0.00 1.00 0.00 1.00 0.00 1.00]
 [1.00 0.00 1.00 0.00 0.00 0.00]
 [0.00 1.00 0.00 1.00 0.00 0.00]
 [1.00 0.00 1.00 0.00 1.00 0.00]
 [0.00 0.00 0.00 1.00 0.00 1.00]
 [1.00 0.00 0.00 0.00 1.00 0.00]]