#1#
[62.00 209.00]
[98.00 235.00]
[194.00 62.00]
[157.67 35.00]
[99.00 10.00]
[10.00 187.00]
#2#
[[62.00 209.00]
 [98.00 235.00]]
[[98.00 235.00]
 [194.00 62.00]]
[[194.00 62.00]
 [157.67 35.00]]
[[157.67 35.00]
 [99.00 10.00]]
[[99.00 10.00]
 [10.00 187.00]]
[[62.00 209.00]
 [10.00 187.00]]
[[62.00 209.00]
 [157.67 35.00]]
#3#
[[0.00 1.00 0.00 1.00 0.00 1.00]
 [1.00 0.00 1.00 0.00 0.00 0.00]
 [0.00 1.00 0.00 1.00 0.00 0.00]
 [1.00 0.00 1.00 0.00 1.00 0.00]
 [0.00 0.00 0.00 1.00 0.00 1.00]
 [1.00 0.00 0.00 0.00 1.00 0.00]]