#1#
[27.00 102.00]
[44.00 151.00]
[164.00 112.00]
[148.00 61.00]
[132.00 10.00]
[10.00 49.00]
#2#
[[27.00 102.00]
 [44.00 151.00]]
[[44.00 151.00]
 [164.00 112.00]]
[[164.00 112.00]
 [148.00 61.00]]
[[27.00 102.00]
 [148.00 61.00]]
[[148.00 61.00]
 [132.00 10.00]]
[[132.00 10.00]
 [10.00 49.00]]
[[27.00 102.00]
 [10.00 49.00]]
#3#
[[0.00 1.00 0.00 1.00 0.00 1.00]
 [1.00 0.00 1.00 0.00 0.00 0.00]
 [0.00 1.00 0.00 1.00 0.00 0.00]
 [1.00 0.00 1.00 0.00 1.00 0.00]
 [0.00 0.00 0.00 1.00 0.00 1.00]
 [1.00 0.00 0.00 0.00 1.00 0.00]]