#1#
[95.00 26.00]
[42.00 10.00]
[10.00 132.00]
[63.00 145.00]
[115.00 159.00]
[149.00 42.00]
#2#
[[95.00 26.00]
 [42.00 10.00]]
[[42.00 10.00]
 [10.00 132.00]]
[[10.00 132.00]
 [63.00 145.00]]
[[95.00 26.00]
 [63.00 145.00]]
[[63.00 145.00]
 [115.00 159.00]]
[[115.00 159.00]
 [149.00 42.00]]
[[95.00 26.00]
 [149.00 42.00]]
#3#
[[0.00 1.00 0.00 1.00 0.00 1.00]
 [1.00 0.00 1.00 0.00 0.00 0.00]
 [0.00 1.00 0.00 1.00 0.00 0.00]
 [1.00 0.00 1.00 0.00 1.00 0.00]
 [0.00 0.00 0.00 1.00 0.00 1.00]
 [1.00 0.00 0.00 0.00 1.00 0.00]]