#1#
[74.00 10.00]
[23.00 15.00]
[10.00 200.00]
[63.00 194.00]
[118.00 206.00]
[131.00 21.00]
#2#
[[74.00 10.00]
 [23.00 15.00]]
[[23.00 15.00]
 [10.00 200.00]]
[[10.00 200.00]
 [63.00 194.00]]
[[74.00 10.00]
 [63.00 194.00]]
[[63.00 194.00]
 [118.00 206.00]]
[[118.00 206.00]
 [131.00 21.00]]
[[74.00 10.00]
 [131.00 21.00]]
#3#
[[0.00 1.00 0.00 1.00 0.00 1.00]
 [1.00 0.00 1.00 0.00 0.00 0.00]
 [0.00 1.00 0.00 1.00 0.00 0.00]
 [1.00 0.00 1.00 0.00 1.00 0.00]
 [0.00 0.00 0.00 1.00 0.00 1.00]
 [1.00 0.00 0.00 0.00 1.00 0.00]]