#1#
[122.00 57.00]
[115.00 10.00]
[10.00 19.00]
[17.00 68.00]
[127.00 123.00]
[23.00 133.00]
#2#
[[122.00 57.00]
 [115.00 10.00]]
[[115.00 10.00]
 [10.00 19.00]]
[[10.00 19.00]
 [17.00 68.00]]
[[122.00 57.00]
 [17.00 68.00]]
[[122.00 57.00]
 [127.00 123.00]]
[[127.00 123.00]
 [23.00 133.00]]
[[17.00 68.00]
 [23.00 133.00]]
#3#
[[0.00 1.00 0.00 1.00 1.00 0.00]
 [1.00 0.00 1.00 0.00 0.00 0.00]
 [0.00 1.00 0.00 1.00 0.00 0.00]
 [1.00 0.00 1.00 0.00 0.00 1.00]
 [1.00 0.00 0.00 0.00 0.00 1.00]
 [0.00 0.00 0.00 1.00 1.00 0.00]]