#1#
[158.00 125.00]
[134.00 172.00]
[10.00 121.00]
[34.00 73.00]
[56.00 10.00]
[179.00 61.00]
#2#
[[158.00 125.00]
 [134.00 172.00]]
[[134.00 172.00]
 [10.00 121.00]]
[[10.00 121.00]
 [34.00 73.00]]
[[158.00 125.00]
 [34.00 73.00]]
[[34.00 73.00]
 [56.00 10.00]]
[[56.00 10.00]
 [179.00 61.00]]
[[158.00 125.00]
 [179.00 61.00]]
#3#
[[0.00 1.00 0.00 1.00 0.00 1.00]
 [1.00 0.00 1.00 0.00 0.00 0.00]
 [0.00 1.00 0.00 1.00 0.00 0.00]
 [1.00 0.00 1.00 0.00 1.00 0.00]
 [0.00 0.00 0.00 1.00 0.00 1.00]
 [1.00 0.00 0.00 0.00 1.00 0.00]]