#1#
[48.00 46.00]
[89.00 10.00]
[148.00 95.00]
[107.00 132.00]
[10.00 64.00]
[68.00 149.00]
#2#
[[48.00 46.00]
 [89.00 10.00]]
[[89.00 10.00]
 [148.00 95.00]]
[[148.00 95.00]
 [107.00 132.00]]
[[48.00 46.00]
 [10.00 64.00]]
[[10.00 64.00]
 [68.00 149.00]]
[[107.00 132.00]
 [68.00 149.00]]
[[48.00 46.00]
 [107.00 132.00]]
#3#
[[0.00 1.00 0.00 1.00 1.00 0.00]
 [1.00 0.00 1.00 0.00 0.00 0.00]
 [0.00 1.00 0.00 1.00 0.00 0.00]
 [1.00 0.00 1.00 0.00 0.00 1.00]
 [1.00 0.00 0.00 0.00 0.00 1.00]
 [0.00 0.00 0.00 1.00 1.00 0.00]]