#1#
[120.00 90.00]
[33.00 47.00]
[10.00 88.00]
[44.00 107.00]
[43.00 111.00]
[97.00 139.00]
[53.00 10.00]
[138.00 55.00]
#2#
[[120.00 90.00]
 [33.00 47.00]]
[[33.00 47.00]
 [10.00 88.00]]
[[10.00 88.00]
 [44.00 107.00]]
[[44.00 107.00]
 [43.00 111.00]]
[[43.00 111.00]
 [97.00 139.00]]
[[120.00 90.00]
 [97.00 139.00]]
[[33.00 47.00]
 [53.00 10.00]]
[[53.00 10.00]
 [138.00 55.00]]
[[120.00 90.00]
 [138.00 55.00]]
#3#
[[0.00 1.00 0.00 0.00 0.00 1.00 0.00 1.00]
 [1.00 0.00 1.00 0.00 0.00 0.00 1.00 0.00]
 [0.00 1.00 0.00 1.00 0.00 0.00 0.00 0.00]
 [0.00 0.00 1.00 0.00 1.00 0.00 0.00 0.00]
 [0.00 0.00 0.00 1.00 0.00 1.00 0.00 0.00]
 [1.00 0.00 0.00 0.00 1.00 0.00 0.00 0.00]
 [0.00 1.00 0.00 0.00 0.00 0.00 0.00 1.00]
 [1.00 0.00 0.00 0.00 0.00 0.00 1.00 0.00]]