#1#
[64.00 32.00]
[118.00 10.00]
[159.00 113.00]
[104.00 134.00]
[10.00 54.00]
[50.00 157.00]
#2#
[[64.00 32.00]
 [118.00 10.00]]
[[118.00 10.00]
 [159.00 113.00]]
[[159.00 113.00]
 [104.00 134.00]]
[[64.00 32.00]
 [104.00 134.00]]
[[64.00 32.00]
 [10.00 54.00]]
[[10.00 54.00]
 [50.00 157.00]]
[[104.00 134.00]
 [50.00 157.00]]
#3#
[[0.00 1.00 0.00 1.00 1.00 0.00]
 [1.00 0.00 1.00 0.00 0.00 0.00]
 [0.00 1.00 0.00 1.00 0.00 0.00]
 [1.00 0.00 1.00 0.00 0.00 1.00]
 [1.00 0.00 0.00 0.00 0.00 1.00]
 [0.00 0.00 0.00 1.00 1.00 0.00]]