#1#
[71.00 10.00]
[81.00 137.00]
[116.00 137.00]
[132.00 140.00]
[125.00 19.00]
[10.00 24.00]
[18.00 146.00]
[33.00 141.00]
#2#
[[71.00 10.00]
 [81.00 137.00]]
[[81.00 137.00]
 [116.00 137.00]]
[[116.00 137.00]
 [132.00 140.00]]
[[132.00 140.00]
 [125.00 19.00]]
[[71.00 10.00]
 [125.00 19.00]]
[[71.00 10.00]
 [10.00 24.00]]
[[10.00 24.00]
 [18.00 146.00]]
[[18.00 146.00]
 [33.00 141.00]]
[[81.00 137.00]
 [33.00 141.00]]
#3#
[[0.00 1.00 0.00 0.00 1.00 1.00 0.00 0.00]
 [1.00 0.00 1.00 0.00 0.00 0.00 0.00 1.00]
 [0.00 1.00 0.00 1.00 0.00 0.00 0.00 0.00]
 [0.00 0.00 1.00 0.00 1.00 0.00 0.00 0.00]
 [1.00 0.00 0.00 1.00 0.00 0.00 0.00 0.00]
 [1.00 0.00 0.00 0.00 0.00 0.00 1.00 0.00]
 [0.00 0.00 0.00 0.00 0.00 1.00 0.00 1.00]
 [0.00 1.00 0.00 0.00 0.00 0.00 1.00 0.00]]