#1#
[65.00 10.00]
[68.00 227.00]
[122.00 233.00]
[123.00 208.00]
[131.00 208.00]
[130.00 123.00]
[128.00 33.00]
[125.00 17.00]
[12.00 237.00]
[10.00 22.00]
#2#
[[65.00 10.00]
 [68.00 227.00]]
[[68.00 227.00]
 [122.00 233.00]]
[[122.00 233.00]
 [123.00 208.00]]
[[123.00 208.00]
 [131.00 208.00]]
[[131.00 208.00]
 [130.00 123.00]]
[[130.00 123.00]
 [128.00 33.00]]
[[128.00 33.00]
 [125.00 17.00]]
[[65.00 10.00]
 [125.00 17.00]]
[[12.00 237.00]
 [68.00 227.00]]
[[12.00 237.00]
 [10.00 22.00]]
[[65.00 10.00]
 [10.00 22.00]]
#3#
[[0.00 1.00 0.00 0.00 0.00 0.00 0.00 1.00 0.00 1.00]
 [1.00 0.00 1.00 0.00 0.00 0.00 0.00 0.00 1.00 0.00]
 [0.00 1.00 0.00 1.00 0.00 0.00 0.00 0.00 0.00 0.00]
 [0.00 0.00 1.00 0.00 1.00 0.00 0.00 0.00 0.00 0.00]
 [0.00 0.00 0.00 1.00 0.00 1.00 0.00 0.00 0.00 0.00]
 [0.00 0.00 0.00 0.00 1.00 0.00 1.00 0.00 0.00 0.00]
 [0.00 0.00 0.00 0.00 0.00 1.00 0.00 1.00 0.00 0.00]
 [1.00 0.00 0.00 0.00 0.00 0.00 1.00 0.00 0.00 0.00]
 [0.00 1.00 0.00 0.00 0.00 0.00 0.00 0.00 0.00 1.00]
 [1.00 0.00 0.00 0.00 0.00 0.00 0.00 0.00 1.00 0.00]]