#1#
[91.00 132.00]
[33.00 144.00]
[10.00 36.00]
[66.00 25.00]
[151.00 117.00]
[129.00 10.00]
#2#
[[91.00 132.00]
 [33.00 144.00]]
[[33.00 144.00]
 [10.00 36.00]]
[[10.00 36.00]
 [66.00 25.00]]
[[91.00 132.00]
 [66.00 25.00]]
[[91.00 132.00]
 [151.00 117.00]]
[[151.00 117.00]
 [129.00 10.00]]
[[66.00 25.00]
 [129.00 10.00]]
#3#
[[0.00 1.00 0.00 1.00 1.00 0.00]
 [1.00 0.00 1.00 0.00 0.00 0.00]
 [0.00 1.00 0.00 1.00 0.00 0.00]
 [1.00 0.00 1.00 0.00 0.00 1.00]
 [1.00 0.00 0.00 0.00 0.00 1.00]
 [0.00 0.00 0.00 1.00 1.00 0.00]]