#1#
[61.00 23.00]
[10.00 76.00]
[87.00 181.00]
[137.00 125.00]
[179.00 111.00]
[104.00 10.00]
#2#
[[61.00 23.00]
 [10.00 76.00]]
[[10.00 76.00]
 [87.00 181.00]]
[[87.00 181.00]
 [137.00 125.00]]
[[61.00 23.00]
 [137.00 125.00]]
[[137.00 125.00]
 [179.00 111.00]]
[[179.00 111.00]
 [104.00 10.00]]
[[61.00 23.00]
 [104.00 10.00]]
#3#
[[0.00 1.00 0.00 1.00 0.00 1.00]
 [1.00 0.00 1.00 0.00 0.00 0.00]
 [0.00 1.00 0.00 1.00 0.00 0.00]
 [1.00 0.00 1.00 0.00 1.00 0.00]
 [0.00 0.00 0.00 1.00 0.00 1.00]
 [1.00 0.00 0.00 0.00 1.00 0.00]]