#1#
[136.00 10.00]
[159.00 122.00]
[10.00 33.00]
[55.00 86.00]
[115.00 72.00]
[33.00 149.00]
#2#
[[136.00 10.00]
 [159.00 122.00]]
[[136.00 10.00]
 [10.00 33.00]]
[[10.00 33.00]
 [55.00 86.00]]
[[136.00 10.00]
 [115.00 72.00]]
[[55.00 86.00]
 [115.00 72.00]]
[[55.00 86.00]
 [33.00 149.00]]
[[159.00 122.00]
 [115.00 72.00]]
[[159.00 122.00]
 [33.00 149.00]]
[[10.00 33.00]
 [33.00 149.00]]
#3#
[[0.00 1.00 1.00 0.00 1.00 0.00]
 [1.00 0.00 0.00 0.00 1.00 1.00]
 [1.00 0.00 0.00 1.00 0.00 1.00]
 [0.00 0.00 1.00 0.00 1.00 1.00]
 [1.00 1.00 0.00 1.00 0.00 0.00]
 [0.00 1.00 1.00 1.00 0.00 0.00]]