#1#
[22.00 110.00]
[211.00 68.00]
[226.00 131.00]
[39.00 172.00]
[10.00 52.00]
[200.00 10.00]
#2#
[[22.00 110.00]
 [211.00 68.00]]
[[211.00 68.00]
 [226.00 131.00]]
[[226.00 131.00]
 [39.00 172.00]]
[[22.00 110.00]
 [39.00 172.00]]
[[22.00 110.00]
 [10.00 52.00]]
[[10.00 52.00]
 [200.00 10.00]]
[[211.00 68.00]
 [200.00 10.00]]
#3#
[[0.00 1.00 0.00 1.00 1.00 0.00]
 [1.00 0.00 1.00 0.00 0.00 1.00]
 [0.00 1.00 0.00 1.00 0.00 0.00]
 [1.00 0.00 1.00 0.00 0.00 0.00]
 [1.00 0.00 0.00 0.00 0.00 1.00]
 [0.00 1.00 0.00 0.00 1.00 0.00]]