#1#
[16.00 55.00]
[126.00 73.00]
[117.00 126.00]
[10.00 109.00]
[23.00 10.00]
[133.00 28.00]
#2#
[[16.00 55.00]
 [126.00 73.00]]
[[126.00 73.00]
 [117.00 126.00]]
[[117.00 126.00]
 [10.00 109.00]]
[[16.00 55.00]
 [10.00 109.00]]
[[16.00 55.00]
 [23.00 10.00]]
[[23.00 10.00]
 [133.00 28.00]]
[[126.00 73.00]
 [133.00 28.00]]
#3#
[[0.00 1.00 0.00 1.00 1.00 0.00]
 [1.00 0.00 1.00 0.00 0.00 1.00]
 [0.00 1.00 0.00 1.00 0.00 0.00]
 [1.00 0.00 1.00 0.00 0.00 0.00]
 [1.00 0.00 0.00 0.00 0.00 1.00]
 [0.00 1.00 0.00 0.00 1.00 0.00]]