#1#
[106.00 75.00]
[64.00 92.00]
[10.00 53.00]
[43.00 137.00]
[153.00 94.00]
[120.00 10.00]
#2#
[[106.00 75.00]
 [64.00 92.00]]
[[64.00 92.00]
 [10.00 53.00]]
[[10.00 53.00]
 [43.00 137.00]]
[[64.00 92.00]
 [43.00 137.00]]
[[43.00 137.00]
 [153.00 94.00]]
[[106.00 75.00]
 [153.00 94.00]]
[[153.00 94.00]
 [120.00 10.00]]
[[10.00 53.00]
 [120.00 10.00]]
[[106.00 75.00]
 [120.00 10.00]]
#3#
[[0.00 1.00 0.00 0.00 1.00 1.00]
 [1.00 0.00 1.00 1.00 0.00 0.00]
 [0.00 1.00 0.00 1.00 0.00 1.00]
 [0.00 1.00 1.00 0.00 1.00 0.00]
 [1.00 0.00 0.00 1.00 0.00 1.00]
 [1.00 0.00 1.00 0.00 1.00 0.00]]