#1#
[163.00 118.00]
[30.00 75.00]
[10.00 125.00]
[143.00 167.00]
[182.00 52.00]
[49.00 10.00]
#2#
[[163.00 118.00]
 [30.00 75.00]]
[[30.00 75.00]
 [10.00 125.00]]
[[10.00 125.00]
 [143.00 167.00]]
[[163.00 118.00]
 [143.00 167.00]]
[[163.00 118.00]
 [182.00 52.00]]
[[182.00 52.00]
 [49.00 10.00]]
[[30.00 75.00]
 [49.00 10.00]]
#3#
[[0.00 1.00 0.00 1.00 1.00 0.00]
 [1.00 0.00 1.00 0.00 0.00 1.00]
 [0.00 1.00 0.00 1.00 0.00 0.00]
 [1.00 0.00 1.00 0.00 0.00 0.00]
 [1.00 0.00 0.00 0.00 0.00 1.00]
 [0.00 1.00 0.00 0.00 1.00 0.00]]