#1#
[375.00 250.00]
[187.00 198.00]
[192.00 178.00]
[10.00 130.00]
[42.00 10.00]
[230.00 59.00]
[225.00 79.00]
[408.00 127.00]
#2#
[[375.00 250.00]
 [187.00 198.00]]
[[187.00 198.00]
 [192.00 178.00]]
[[192.00 178.00]
 [10.00 130.00]]
[[10.00 130.00]
 [42.00 10.00]]
[[42.00 10.00]
 [230.00 59.00]]
[[230.00 59.00]
 [225.00 79.00]]
[[225.00 79.00]
 [408.00 127.00]]
[[375.00 250.00]
 [408.00 127.00]]
#3#
[[0.00 1.00 0.00 0.00 0.00 0.00 0.00 1.00]
 [1.00 0.00 1.00 0.00 0.00 0.00 0.00 0.00]
 [0.00 1.00 0.00 1.00 0.00 0.00 0.00 0.00]
 [0.00 0.00 1.00 0.00 1.00 0.00 0.00 0.00]
 [0.00 0.00 0.00 1.00 0.00 1.00 0.00 0.00]
 [0.00 0.00 0.00 0.00 1.00 0.00 1.00 0.00]
 [0.00 0.00 0.00 0.00 0.00 1.00 0.00 1.00]
 [1.00 0.00 0.00 0.00 0.00 0.00 1.00 0.00]]