#1#
[103.00 36.00]
[46.00 10.00]
[10.00 159.00]
[65.00 184.00]
[126.00 187.00]
[159.00 41.00]
#2#
[[103.00 36.00]
 [46.00 10.00]]
[[46.00 10.00]
 [10.00 159.00]]
[[10.00 159.00]
 [65.00 184.00]]
[[103.00 36.00]
 [65.00 184.00]]
[[65.00 184.00]
 [126.00 187.00]]
[[126.00 187.00]
 [159.00 41.00]]
[[103.00 36.00]
 [159.00 41.00]]
#3#
[[0.00 1.00 0.00 1.00 0.00 1.00]
 [1.00 0.00 1.00 0.00 0.00 0.00]
 [0.00 1.00 0.00 1.00 0.00 0.00]
 [1.00 0.00 1.00 0.00 1.00 0.00]
 [0.00 0.00 0.00 1.00 0.00 1.00]
 [1.00 0.00 0.00 0.00 1.00 0.00]]