#1#
[27.00 57.00]
[10.00 108.00]
[127.00 147.00]
[142.00 98.00]
[157.00 48.00]
[42.00 10.00]
#2#
[[27.00 57.00]
 [10.00 108.00]]
[[10.00 108.00]
 [127.00 147.00]]
[[127.00 147.00]
 [142.00 98.00]]
[[27.00 57.00]
 [142.00 98.00]]
[[142.00 98.00]
 [157.00 48.00]]
[[157.00 48.00]
 [42.00 10.00]]
[[27.00 57.00]
 [42.00 10.00]]
#3#
[[0.00 1.00 0.00 1.00 0.00 1.00]
 [1.00 0.00 1.00 0.00 0.00 0.00]
 [0.00 1.00 0.00 1.00 0.00 0.00]
 [1.00 0.00 1.00 0.00 1.00 0.00]
 [0.00 0.00 0.00 1.00 0.00 1.00]
 [1.00 0.00 0.00 0.00 1.00 0.00]]