#1#
[156.00 164.00]
[117.00 195.00]
[78.00 140.00]
[60.00 154.00]
[10.00 86.00]
[67.00 41.00]
[124.00 10.00]
[167.00 69.00]
[157.00 77.00]
[203.00 140.00]
#2#
[[156.00 164.00]
 [117.00 195.00]]
[[117.00 195.00]
 [78.00 140.00]]
[[78.00 140.00]
 [60.00 154.00]]
[[60.00 154.00]
 [10.00 86.00]]
[[10.00 86.00]
 [67.00 41.00]]
[[156.00 164.00]
 [67.00 41.00]]
[[67.00 41.00]
 [124.00 10.00]]
[[124.00 10.00]
 [167.00 69.00]]
[[157.00 77.00]
 [167.00 69.00]]
[[157.00 77.00]
 [203.00 140.00]]
[[156.00 164.00]
 [203.00 140.00]]
#3#
[[0.00 1.00 0.00 0.00 0.00 1.00 0.00 0.00 0.00 1.00]
 [1.00 0.00 1.00 0.00 0.00 0.00 0.00 0.00 0.00 0.00]
 [0.00 1.00 0.00 1.00 0.00 0.00 0.00 0.00 0.00 0.00]
 [0.00 0.00 1.00 0.00 1.00 0.00 0.00 0.00 0.00 0.00]
 [0.00 0.00 0.00 1.00 0.00 1.00 0.00 0.00 0.00 0.00]
 [1.00 0.00 0.00 0.00 1.00 0.00 1.00 0.00 0.00 0.00]
 [0.00 0.00 0.00 0.00 0.00 1.00 0.00 1.00 0.00 0.00]
 [0.00 0.00 0.00 0.00 0.00 0.00 1.00 0.00 1.00 0.00]
 [0.00 0.00 0.00 0.00 0.00 0.00 0.00 1.00 0.00 1.00]
 [1.00 0.00 0.00 0.00 0.00 0.00 0.00 0.00 1.00 0.00]]