#1#
[156.00 41.00]
[117.00 10.00]
[78.00 65.00]
[60.00 51.00]
[10.00 119.00]
[67.00 164.00]
[124.00 195.00]
[167.00 136.00]
[157.00 128.00]
[203.00 65.00]
#2#
[[156.00 41.00]
 [117.00 10.00]]
[[117.00 10.00]
 [78.00 65.00]]
[[78.00 65.00]
 [60.00 51.00]]
[[60.00 51.00]
 [10.00 119.00]]
[[10.00 119.00]
 [67.00 164.00]]
[[156.00 41.00]
 [67.00 164.00]]
[[67.00 164.00]
 [124.00 195.00]]
[[124.00 195.00]
 [167.00 136.00]]
[[157.00 128.00]
 [167.00 136.00]]
[[157.00 128.00]
 [203.00 65.00]]
[[156.00 41.00]
 [203.00 65.00]]
#3#
[[0.00 1.00 0.00 0.00 0.00 1.00 0.00 0.00 0.00 1.00]
 [1.00 0.00 1.00 0.00 0.00 0.00 0.00 0.00 0.00 0.00]
 [0.00 1.00 0.00 1.00 0.00 0.00 0.00 0.00 0.00 0.00]
 [0.00 0.00 1.00 0.00 1.00 0.00 0.00 0.00 0.00 0.00]
 [0.00 0.00 0.00 1.00 0.00 1.00 0.00 0.00 0.00 0.00]
 [1.00 0.00 0.00 0.00 1.00 0.00 1.00 0.00 0.00 0.00]
 [0.00 0.00 0.00 0.00 0.00 1.00 0.00 1.00 0.00 0.00]
 [0.00 0.00 0.00 0.00 0.00 0.00 1.00 0.00 1.00 0.00]
 [0.00 0.00 0.00 0.00 0.00 0.00 0.00 1.00 0.00 1.00]
 [1.00 0.00 0.00 0.00 0.00 0.00 0.00 0.00 1.00 0.00]]