#1#
[77.00 21.00]
[82.00 163.00]
[145.00 153.00]
[139.00 10.00]
[10.00 15.00]
[18.00 157.00]
#2#
[[77.00 21.00]
 [82.00 163.00]]
[[82.00 163.00]
 [145.00 153.00]]
[[145.00 153.00]
 [139.00 10.00]]
[[77.00 21.00]
 [139.00 10.00]]
[[77.00 21.00]
 [10.00 15.00]]
[[10.00 15.00]
 [18.00 157.00]]
[[82.00 163.00]
 [18.00 157.00]]
#3#
[[0.00 1.00 0.00 1.00 1.00 0.00]
 [1.00 0.00 1.00 0.00 0.00 1.00]
 [0.00 1.00 0.00 1.00 0.00 0.00]
 [1.00 0.00 1.00 0.00 0.00 0.00]
 [1.00 0.00 0.00 0.00 0.00 1.00]
 [0.00 1.00 0.00 0.00 1.00 0.00]]