#1#
[79.00 21.00]
[10.00 40.00]
[95.00 405.00]
[164.00 396.00]
[233.00 372.00]
[149.00 10.00]
#2#
[[79.00 21.00]
 [10.00 40.00]]
[[10.00 40.00]
 [95.00 405.00]]
[[95.00 405.00]
 [164.00 396.00]]
[[79.00 21.00]
 [164.00 396.00]]
[[164.00 396.00]
 [233.00 372.00]]
[[233.00 372.00]
 [149.00 10.00]]
[[79.00 21.00]
 [149.00 10.00]]
#3#
[[0.00 1.00 0.00 1.00 0.00 1.00]
 [1.00 0.00 1.00 0.00 0.00 0.00]
 [0.00 1.00 0.00 1.00 0.00 0.00]
 [1.00 0.00 1.00 0.00 1.00 0.00]
 [0.00 0.00 0.00 1.00 0.00 1.00]
 [1.00 0.00 0.00 0.00 1.00 0.00]]