#1#
[65.00 121.00]
[10.00 100.00]
[45.00 10.00]
[97.00 32.00]
[143.00 48.00]
[110.00 136.00]
#2#
[[65.00 121.00]
 [10.00 100.00]]
[[10.00 100.00]
 [45.00 10.00]]
[[45.00 10.00]
 [97.00 32.00]]
[[65.00 121.00]
 [97.00 32.00]]
[[97.00 32.00]
 [143.00 48.00]]
[[143.00 48.00]
 [110.00 136.00]]
[[65.00 121.00]
 [110.00 136.00]]
#3#
[[0.00 1.00 0.00 1.00 0.00 1.00]
 [1.00 0.00 1.00 0.00 0.00 0.00]
 [0.00 1.00 0.00 1.00 0.00 0.00]
 [1.00 0.00 1.00 0.00 1.00 0.00]
 [0.00 0.00 0.00 1.00 0.00 1.00]
 [1.00 0.00 0.00 0.00 1.00 0.00]]