#1#
[53.00 47.00]
[10.00 84.00]
[84.00 174.00]
[129.00 138.00]
[173.00 103.00]
[96.00 10.00]
#2#
[[53.00 47.00]
 [10.00 84.00]]
[[10.00 84.00]
 [84.00 174.00]]
[[84.00 174.00]
 [129.00 138.00]]
[[53.00 47.00]
 [129.00 138.00]]
[[129.00 138.00]
 [173.00 103.00]]
[[173.00 103.00]
 [96.00 10.00]]
[[53.00 47.00]
 [96.00 10.00]]
#3#
[[0.00 1.00 0.00 1.00 0.00 1.00]
 [1.00 0.00 1.00 0.00 0.00 0.00]
 [0.00 1.00 0.00 1.00 0.00 0.00]
 [1.00 0.00 1.00 0.00 1.00 0.00]
 [0.00 0.00 0.00 1.00 0.00 1.00]
 [1.00 0.00 0.00 0.00 1.00 0.00]]