#1#
[131.00 59.00]
[148.00 113.00]
[43.00 148.00]
[29.00 92.00]
[113.00 10.00]
[10.00 43.00]
#2#
[[131.00 59.00]
 [148.00 113.00]]
[[148.00 113.00]
 [43.00 148.00]]
[[43.00 148.00]
 [29.00 92.00]]
[[131.00 59.00]
 [29.00 92.00]]
[[131.00 59.00]
 [113.00 10.00]]
[[113.00 10.00]
 [10.00 43.00]]
[[29.00 92.00]
 [10.00 43.00]]
#3#
[[0.00 1.00 0.00 1.00 1.00 0.00]
 [1.00 0.00 1.00 0.00 0.00 0.00]
 [0.00 1.00 0.00 1.00 0.00 0.00]
 [1.00 0.00 1.00 0.00 0.00 1.00]
 [1.00 0.00 0.00 0.00 0.00 1.00]
 [0.00 0.00 0.00 1.00 1.00 0.00]]