#1#
[18.00 74.00]
[25.00 10.00]
[281.00 45.00]
[274.00 110.00]
[264.00 176.00]
[10.00 141.00]
#2#
[[18.00 74.00]
 [25.00 10.00]]
[[25.00 10.00]
 [281.00 45.00]]
[[281.00 45.00]
 [274.00 110.00]]
[[18.00 74.00]
 [274.00 110.00]]
[[274.00 110.00]
 [264.00 176.00]]
[[264.00 176.00]
 [10.00 141.00]]
[[18.00 74.00]
 [10.00 141.00]]
#3#
[[0.00 1.00 0.00 1.00 0.00 1.00]
 [1.00 0.00 1.00 0.00 0.00 0.00]
 [0.00 1.00 0.00 1.00 0.00 0.00]
 [1.00 0.00 1.00 0.00 1.00 0.00]
 [0.00 0.00 0.00 1.00 0.00 1.00]
 [1.00 0.00 0.00 0.00 1.00 0.00]]