#1#
[60.00 126.00]
[70.00 10.00]
[123.00 21.00]
[111.00 137.00]
[10.00 128.00]
[16.00 11.00]
#2#
[[60.00 126.00]
 [70.00 10.00]]
[[70.00 10.00]
 [123.00 21.00]]
[[123.00 21.00]
 [111.00 137.00]]
[[60.00 126.00]
 [111.00 137.00]]
[[60.00 126.00]
 [10.00 128.00]]
[[10.00 128.00]
 [16.00 11.00]]
[[70.00 10.00]
 [16.00 11.00]]
#3#
[[0.00 1.00 0.00 1.00 1.00 0.00]
 [1.00 0.00 1.00 0.00 0.00 1.00]
 [0.00 1.00 0.00 1.00 0.00 0.00]
 [1.00 0.00 1.00 0.00 0.00 0.00]
 [1.00 0.00 0.00 0.00 0.00 1.00]
 [0.00 1.00 0.00 0.00 1.00 0.00]]