#1#
[14.00 81.00]
[156.00 91.00]
[159.00 24.00]
[19.00 10.00]
[10.00 125.00]
[153.00 136.00]
#2#
[[14.00 81.00]
 [156.00 91.00]]
[[156.00 91.00]
 [159.00 24.00]]
[[159.00 24.00]
 [19.00 10.00]]
[[14.00 81.00]
 [19.00 10.00]]
[[14.00 81.00]
 [10.00 125.00]]
[[10.00 125.00]
 [153.00 136.00]]
[[156.00 91.00]
 [153.00 136.00]]
#3#
[[0.00 1.00 0.00 1.00 1.00 0.00]
 [1.00 0.00 1.00 0.00 0.00 1.00]
 [0.00 1.00 0.00 1.00 0.00 0.00]
 [1.00 0.00 1.00 0.00 0.00 0.00]
 [1.00 0.00 0.00 0.00 0.00 1.00]
 [0.00 1.00 0.00 0.00 1.00 0.00]]