#1#
[40.00 30.00]
[71.00 10.00]
[144.00 122.00]
[112.00 142.00]
[81.00 161.00]
[10.00 51.00]
#2#
[[40.00 30.00]
 [71.00 10.00]]
[[71.00 10.00]
 [144.00 122.00]]
[[144.00 122.00]
 [112.00 142.00]]
[[40.00 30.00]
 [112.00 142.00]]
[[112.00 142.00]
 [81.00 161.00]]
[[81.00 161.00]
 [10.00 51.00]]
[[40.00 30.00]
 [10.00 51.00]]
#3#
[[0.00 1.00 0.00 1.00 0.00 1.00]
 [1.00 0.00 1.00 0.00 0.00 0.00]
 [0.00 1.00 0.00 1.00 0.00 0.00]
 [1.00 0.00 1.00 0.00 1.00 0.00]
 [0.00 0.00 0.00 1.00 0.00 1.00]
 [1.00 0.00 0.00 0.00 1.00 0.00]]