#1#
[137.00 51.00]
[185.00 80.00]
[132.00 170.00]
[85.00 141.00]
[77.00 136.00]
[70.00 147.00]
[46.00 135.00]
[51.00 124.00]
[10.00 102.00]
[61.00 10.00]
#2#
[[137.00 51.00]
 [185.00 80.00]]
[[185.00 80.00]
 [132.00 170.00]]
[[132.00 170.00]
 [85.00 141.00]]
[[85.00 141.00]
 [77.00 136.00]]
[[77.00 136.00]
 [70.00 147.00]]
[[70.00 147.00]
 [46.00 135.00]]
[[46.00 135.00]
 [51.00 124.00]]
[[10.00 102.00]
 [51.00 124.00]]
[[10.00 102.00]
 [61.00 10.00]]
[[137.00 51.00]
 [61.00 10.00]]
[[137.00 51.00]
 [85.00 141.00]]
#3#
[[0.00 1.00 0.00 1.00 0.00 0.00 0.00 0.00 0.00 1.00]
 [1.00 0.00 1.00 0.00 0.00 0.00 0.00 0.00 0.00 0.00]
 [0.00 1.00 0.00 1.00 0.00 0.00 0.00 0.00 0.00 0.00]
 [1.00 0.00 1.00 0.00 1.00 0.00 0.00 0.00 0.00 0.00]
 [0.00 0.00 0.00 1.00 0.00 1.00 0.00 0.00 0.00 0.00]
 [0.00 0.00 0.00 0.00 1.00 0.00 1.00 0.00 0.00 0.00]
 [0.00 0.00 0.00 0.00 0.00 1.00 0.00 1.00 0.00 0.00]
 [0.00 0.00 0.00 0.00 0.00 0.00 1.00 0.00 1.00 0.00]
 [0.00 0.00 0.00 0.00 0.00 0.00 0.00 1.00 0.00 1.00]
 [1.00 0.00 0.00 0.00 0.00 0.00 0.00 0.00 1.00 0.00]]