#1#
[124.00 59.00]
[15.00 75.00]
[134.00 121.00]
[26.00 136.00]
[10.00 22.00]
[119.00 10.00]
#2#
[[124.00 59.00]
 [15.00 75.00]]
[[124.00 59.00]
 [134.00 121.00]]
[[134.00 121.00]
 [26.00 136.00]]
[[15.00 75.00]
 [26.00 136.00]]
[[15.00 75.00]
 [10.00 22.00]]
[[10.00 22.00]
 [119.00 10.00]]
[[124.00 59.00]
 [119.00 10.00]]
#3#
[[0.00 1.00 1.00 0.00 0.00 1.00]
 [1.00 0.00 0.00 1.00 1.00 0.00]
 [1.00 0.00 0.00 1.00 0.00 0.00]
 [0.00 1.00 1.00 0.00 0.00 0.00]
 [0.00 1.00 0.00 0.00 0.00 1.00]
 [1.00 0.00 0.00 0.00 1.00 0.00]]