#1#
[100.00 39.00]
[115.00 71.00]
[37.00 107.00]
[23.00 75.00]
[10.00 45.00]
[86.00 10.00]
#2#
[[100.00 39.00]
 [115.00 71.00]]
[[115.00 71.00]
 [37.00 107.00]]
[[37.00 107.00]
 [23.00 75.00]]
[[100.00 39.00]
 [23.00 75.00]]
[[23.00 75.00]
 [10.00 45.00]]
[[10.00 45.00]
 [86.00 10.00]]
[[100.00 39.00]
 [86.00 10.00]]
#3#
[[0.00 1.00 0.00 1.00 0.00 1.00]
 [1.00 0.00 1.00 0.00 0.00 0.00]
 [0.00 1.00 0.00 1.00 0.00 0.00]
 [1.00 0.00 1.00 0.00 1.00 0.00]
 [0.00 0.00 0.00 1.00 0.00 1.00]
 [1.00 0.00 0.00 0.00 1.00 0.00]]