#1#
[246.00 169.00]
[223.00 215.00]
[10.00 99.00]
[32.00 53.00]
[59.00 10.00]
[272.00 125.00]
#2#
[[246.00 169.00]
 [223.00 215.00]]
[[223.00 215.00]
 [10.00 99.00]]
[[10.00 99.00]
 [32.00 53.00]]
[[246.00 169.00]
 [32.00 53.00]]
[[32.00 53.00]
 [59.00 10.00]]
[[59.00 10.00]
 [272.00 125.00]]
[[246.00 169.00]
 [272.00 125.00]]
#3#
[[0.00 1.00 0.00 1.00 0.00 1.00]
 [1.00 0.00 1.00 0.00 0.00 0.00]
 [0.00 1.00 0.00 1.00 0.00 0.00]
 [1.00 0.00 1.00 0.00 1.00 0.00]
 [0.00 0.00 0.00 1.00 0.00 1.00]
 [1.00 0.00 0.00 0.00 1.00 0.00]]