#1#
[107.00 10.00]
[95.00 97.00]
[309.00 206.00]
[227.00 224.00]
[10.00 113.00]
[213.00 307.00]
#2#
[[107.00 10.00]
 [95.00 97.00]]
[[107.00 10.00]
 [309.00 206.00]]
[[95.00 97.00]
 [227.00 224.00]]
[[107.00 10.00]
 [10.00 113.00]]
[[95.00 97.00]
 [10.00 113.00]]
[[309.00 206.00]
 [213.00 307.00]]
[[309.00 206.00]
 [227.00 224.00]]
[[227.00 224.00]
 [213.00 307.00]]
[[10.00 113.00]
 [213.00 307.00]]
#3#
[[0.00 1.00 1.00 0.00 1.00 0.00]
 [1.00 0.00 0.00 1.00 1.00 0.00]
 [1.00 0.00 0.00 1.00 0.00 1.00]
 [0.00 1.00 1.00 0.00 0.00 1.00]
 [1.00 1.00 0.00 0.00 0.00 1.00]
 [0.00 0.00 1.00 1.00 1.00 0.00]]