#1#
[10.00 51.00]
[11.00 114.00]
[119.00 116.00]
[122.00 53.00]
[124.00 12.00]
[10.00 10.00]
#2#
[[10.00 51.00]
 [11.00 114.00]]
[[11.00 114.00]
 [119.00 116.00]]
[[119.00 116.00]
 [122.00 53.00]]
[[10.00 51.00]
 [122.00 53.00]]
[[122.00 53.00]
 [124.00 12.00]]
[[124.00 12.00]
 [10.00 10.00]]
[[10.00 51.00]
 [10.00 10.00]]
#3#
[[0.00 1.00 0.00 1.00 0.00 1.00]
 [1.00 0.00 1.00 0.00 0.00 0.00]
 [0.00 1.00 0.00 1.00 0.00 0.00]
 [1.00 0.00 1.00 0.00 1.00 0.00]
 [0.00 0.00 0.00 1.00 0.00 1.00]
 [1.00 0.00 0.00 0.00 1.00 0.00]]