#1#
[14.00 57.00]
[15.00 10.00]
[187.00 20.00]
[185.00 65.00]
[181.00 129.00]
[10.00 121.00]
#2#
[[14.00 57.00]
 [15.00 10.00]]
[[15.00 10.00]
 [187.00 20.00]]
[[187.00 20.00]
 [185.00 65.00]]
[[14.00 57.00]
 [185.00 65.00]]
[[185.00 65.00]
 [181.00 129.00]]
[[181.00 129.00]
 [10.00 121.00]]
[[14.00 57.00]
 [10.00 121.00]]
#3#
[[0.00 1.00 0.00 1.00 0.00 1.00]
 [1.00 0.00 1.00 0.00 0.00 0.00]
 [0.00 1.00 0.00 1.00 0.00 0.00]
 [1.00 0.00 1.00 0.00 1.00 0.00]
 [0.00 0.00 0.00 1.00 0.00 1.00]
 [1.00 0.00 0.00 0.00 1.00 0.00]]