#1#
[70.00 10.00]
[157.00 61.00]
[10.00 93.00]
[94.00 61.00]
[71.00 98.00]
[97.00 151.00]
#2#
[[70.00 10.00]
 [157.00 61.00]]
[[70.00 10.00]
 [10.00 93.00]]
[[157.00 61.00]
 [94.00 61.00]]
[[70.00 10.00]
 [94.00 61.00]]
[[94.00 61.00]
 [71.00 98.00]]
[[10.00 93.00]
 [71.00 98.00]]
[[71.00 98.00]
 [97.00 151.00]]
[[157.00 61.00]
 [97.00 151.00]]
[[10.00 93.00]
 [97.00 151.00]]
#3#
[[0.00 1.00 1.00 1.00 0.00 0.00]
 [1.00 0.00 0.00 1.00 0.00 1.00]
 [1.00 0.00 0.00 0.00 1.00 1.00]
 [1.00 1.00 0.00 0.00 1.00 0.00]
 [0.00 0.00 1.00 1.00 0.00 1.00]
 [0.00 1.00 1.00 0.00 1.00 0.00]]