#1#
[44.00 47.00]
[71.00 10.00]
[192.00 84.00]
[164.00 119.00]
[153.00 142.00]
[137.00 133.00]
[117.00 164.00]
[92.00 149.00]
[88.00 157.00]
[10.00 111.00]
#2#
[[44.00 47.00]
 [71.00 10.00]]
[[71.00 10.00]
 [192.00 84.00]]
[[192.00 84.00]
 [164.00 119.00]]
[[44.00 47.00]
 [164.00 119.00]]
[[164.00 119.00]
 [153.00 142.00]]
[[153.00 142.00]
 [137.00 133.00]]
[[137.00 133.00]
 [117.00 164.00]]
[[117.00 164.00]
 [92.00 149.00]]
[[88.00 157.00]
 [92.00 149.00]]
[[88.00 157.00]
 [10.00 111.00]]
[[44.00 47.00]
 [10.00 111.00]]
#3#
[[0.00 1.00 0.00 1.00 0.00 0.00 0.00 0.00 0.00 1.00]
 [1.00 0.00 1.00 0.00 0.00 0.00 0.00 0.00 0.00 0.00]
 [0.00 1.00 0.00 1.00 0.00 0.00 0.00 0.00 0.00 0.00]
 [1.00 0.00 1.00 0.00 1.00 0.00 0.00 0.00 0.00 0.00]
 [0.00 0.00 0.00 1.00 0.00 1.00 0.00 0.00 0.00 0.00]
 [0.00 0.00 0.00 0.00 1.00 0.00 1.00 0.00 0.00 0.00]
 [0.00 0.00 0.00 0.00 0.00 1.00 0.00 1.00 0.00 0.00]
 [0.00 0.00 0.00 0.00 0.00 0.00 1.00 0.00 1.00 0.00]
 [0.00 0.00 0.00 0.00 0.00 0.00 0.00 1.00 0.00 1.00]
 [1.00 0.00 0.00 0.00 0.00 0.00 0.00 0.00 1.00 0.00]]