#1#
[50.00 44.00]
[10.00 75.00]
[73.00 173.00]
[117.00 143.00]
[162.00 112.00]
[93.00 10.00]
#2#
[[50.00 44.00]
 [10.00 75.00]]
[[10.00 75.00]
 [73.00 173.00]]
[[73.00 173.00]
 [117.00 143.00]]
[[50.00 44.00]
 [117.00 143.00]]
[[117.00 143.00]
 [162.00 112.00]]
[[162.00 112.00]
 [93.00 10.00]]
[[50.00 44.00]
 [93.00 10.00]]
#3#
[[0.00 1.00 0.00 1.00 0.00 1.00]
 [1.00 0.00 1.00 0.00 0.00 0.00]
 [0.00 1.00 0.00 1.00 0.00 0.00]
 [1.00 0.00 1.00 0.00 1.00 0.00]
 [0.00 0.00 0.00 1.00 0.00 1.00]
 [1.00 0.00 0.00 0.00 1.00 0.00]]