#1#
[82.00 148.00]
[10.00 103.00]
[60.00 103.00]
[90.00 58.00]
[71.00 10.00]
[142.00 53.00]
#2#
[[82.00 148.00]
 [10.00 103.00]]
[[82.00 148.00]
 [60.00 103.00]]
[[60.00 103.00]
 [90.00 58.00]]
[[10.00 103.00]
 [60.00 103.00]]
[[10.00 103.00]
 [71.00 10.00]]
[[90.00 58.00]
 [142.00 53.00]]
[[90.00 58.00]
 [71.00 10.00]]
[[82.00 148.00]
 [142.00 53.00]]
[[71.00 10.00]
 [142.00 53.00]]
#3#
[[0.00 1.00 1.00 0.00 0.00 1.00]
 [1.00 0.00 1.00 0.00 1.00 0.00]
 [1.00 1.00 0.00 1.00 0.00 0.00]
 [0.00 0.00 1.00 0.00 1.00 1.00]
 [0.00 1.00 0.00 1.00 0.00 1.00]
 [1.00 0.00 0.00 1.00 1.00 0.00]]