#1#
[20.00 87.00]
[31.00 143.00]
[150.00 121.00]
[141.00 65.00]
[133.00 10.00]
[10.00 30.00]
#2#
[[20.00 87.00]
 [31.00 143.00]]
[[31.00 143.00]
 [150.00 121.00]]
[[150.00 121.00]
 [141.00 65.00]]
[[141.00 65.00]
 [133.00 10.00]]
[[133.00 10.00]
 [10.00 30.00]]
[[20.00 87.00]
 [10.00 30.00]]
[[20.00 87.00]
 [141.00 65.00]]
#3#
[[0.00 1.00 0.00 1.00 0.00 1.00]
 [1.00 0.00 1.00 0.00 0.00 0.00]
 [0.00 1.00 0.00 1.00 0.00 0.00]
 [1.00 0.00 1.00 0.00 1.00 0.00]
 [0.00 0.00 0.00 1.00 0.00 1.00]
 [1.00 0.00 0.00 0.00 1.00 0.00]]