#1#
[146.00 56.00]
[110.00 10.00]
[10.00 79.00]
[42.00 126.00]
[75.00 174.00]
[177.00 102.00]
#2#
[[146.00 56.00]
 [110.00 10.00]]
[[110.00 10.00]
 [10.00 79.00]]
[[10.00 79.00]
 [42.00 126.00]]
[[146.00 56.00]
 [42.00 126.00]]
[[42.00 126.00]
 [75.00 174.00]]
[[75.00 174.00]
 [177.00 102.00]]
[[146.00 56.00]
 [177.00 102.00]]
#3#
[[0.00 1.00 0.00 1.00 0.00 1.00]
 [1.00 0.00 1.00 0.00 0.00 0.00]
 [0.00 1.00 0.00 1.00 0.00 0.00]
 [1.00 0.00 1.00 0.00 1.00 0.00]
 [0.00 0.00 0.00 1.00 0.00 1.00]
 [1.00 0.00 0.00 0.00 1.00 0.00]]