#1#
[60.00 40.00]
[10.00 71.00]
[76.00 169.00]
[124.00 138.00]
[172.00 106.00]
[106.00 10.00]
#2#
[[60.00 40.00]
 [10.00 71.00]]
[[10.00 71.00]
 [76.00 169.00]]
[[76.00 169.00]
 [124.00 138.00]]
[[124.00 138.00]
 [172.00 106.00]]
[[172.00 106.00]
 [106.00 10.00]]
[[60.00 40.00]
 [106.00 10.00]]
[[60.00 40.00]
 [124.00 138.00]]
#3#
[[0.00 1.00 0.00 1.00 0.00 1.00]
 [1.00 0.00 1.00 0.00 0.00 0.00]
 [0.00 1.00 0.00 1.00 0.00 0.00]
 [1.00 0.00 1.00 0.00 1.00 0.00]
 [0.00 0.00 0.00 1.00 0.00 1.00]
 [1.00 0.00 0.00 0.00 1.00 0.00]]