#1#
[68.00 175.00]
[174.00 108.00]
[89.00 92.00]
[102.00 84.00]
[117.00 10.00]
[10.00 78.00]
#2#
[[68.00 175.00]
 [174.00 108.00]]
[[68.00 175.00]
 [89.00 92.00]]
[[174.00 108.00]
 [102.00 84.00]]
[[89.00 92.00]
 [102.00 84.00]]
[[102.00 84.00]
 [117.00 10.00]]
[[68.00 175.00]
 [10.00 78.00]]
[[89.00 92.00]
 [10.00 78.00]]
[[117.00 10.00]
 [10.00 78.00]]
[[174.00 108.00]
 [117.00 10.00]]
#3#
[[0.00 1.00 1.00 0.00 0.00 1.00]
 [1.00 0.00 0.00 1.00 1.00 0.00]
 [1.00 0.00 0.00 1.00 0.00 1.00]
 [0.00 1.00 1.00 0.00 1.00 0.00]
 [0.00 1.00 0.00 1.00 0.00 1.00]
 [1.00 0.00 1.00 0.00 1.00 0.00]]