#1#
[69.00 134.00]
[127.00 132.00]
[126.00 10.00]
[67.00 13.00]
[10.00 14.00]
[11.00 134.00]
#2#
[[69.00 134.00]
 [127.00 132.00]]
[[127.00 132.00]
 [126.00 10.00]]
[[126.00 10.00]
 [67.00 13.00]]
[[67.00 13.00]
 [10.00 14.00]]
[[10.00 14.00]
 [11.00 134.00]]
[[69.00 134.00]
 [11.00 134.00]]
[[69.00 134.00]
 [67.00 13.00]]
#3#
[[0.00 1.00 0.00 1.00 0.00 1.00]
 [1.00 0.00 1.00 0.00 0.00 0.00]
 [0.00 1.00 0.00 1.00 0.00 0.00]
 [1.00 0.00 1.00 0.00 1.00 0.00]
 [0.00 0.00 0.00 1.00 0.00 1.00]
 [1.00 0.00 0.00 0.00 1.00 0.00]]