#1#
[58.00 24.00]
[41.00 10.00]
[10.00 58.00]
[27.00 71.00]
[45.00 81.00]
[77.00 36.00]
#2#
[[58.00 24.00]
 [41.00 10.00]]
[[41.00 10.00]
 [10.00 58.00]]
[[10.00 58.00]
 [27.00 71.00]]
[[58.00 24.00]
 [27.00 71.00]]
[[27.00 71.00]
 [45.00 81.00]]
[[45.00 81.00]
 [77.00 36.00]]
[[58.00 24.00]
 [77.00 36.00]]
#3#
[[0.00 1.00 0.00 1.00 0.00 1.00]
 [1.00 0.00 1.00 0.00 0.00 0.00]
 [0.00 1.00 0.00 1.00 0.00 0.00]
 [1.00 0.00 1.00 0.00 1.00 0.00]
 [0.00 0.00 0.00 1.00 0.00 1.00]
 [1.00 0.00 0.00 0.00 1.00 0.00]]