#1#
[10.00 17.00]
[143.00 10.00]
[150.00 104.00]
[16.00 111.00]
[16.00 159.00]
[150.00 151.00]
#2#
[[10.00 17.00]
 [143.00 10.00]]
[[143.00 10.00]
 [150.00 104.00]]
[[150.00 104.00]
 [16.00 111.00]]
[[10.00 17.00]
 [16.00 111.00]]
[[16.00 111.00]
 [16.00 159.00]]
[[16.00 159.00]
 [150.00 151.00]]
[[150.00 104.00]
 [150.00 151.00]]
#3#
[[0.00 1.00 0.00 1.00 0.00 0.00]
 [1.00 0.00 1.00 0.00 0.00 0.00]
 [0.00 1.00 0.00 1.00 0.00 1.00]
 [1.00 0.00 1.00 0.00 1.00 0.00]
 [0.00 0.00 0.00 1.00 0.00 1.00]
 [0.00 0.00 1.00 0.00 1.00 0.00]]