#1#
[10.00 82.00]
[14.00 10.00]
[155.00 16.00]
[151.00 88.00]
[148.00 148.00]
[11.00 144.00]
#2#
[[10.00 82.00]
 [14.00 10.00]]
[[14.00 10.00]
 [155.00 16.00]]
[[155.00 16.00]
 [151.00 88.00]]
[[10.00 82.00]
 [151.00 88.00]]
[[151.00 88.00]
 [148.00 148.00]]
[[148.00 148.00]
 [11.00 144.00]]
[[10.00 82.00]
 [11.00 144.00]]
#3#
[[0.00 1.00 0.00 1.00 0.00 1.00]
 [1.00 0.00 1.00 0.00 0.00 0.00]
 [0.00 1.00 0.00 1.00 0.00 0.00]
 [1.00 0.00 1.00 0.00 1.00 0.00]
 [0.00 0.00 0.00 1.00 0.00 1.00]
 [1.00 0.00 0.00 0.00 1.00 0.00]]