#1#
[68.00 135.00]
[73.00 19.00]
[17.00 10.00]
[10.00 127.00]
[132.00 132.00]
[136.00 18.00]
#2#
[[68.00 135.00]
 [73.00 19.00]]
[[73.00 19.00]
 [17.00 10.00]]
[[17.00 10.00]
 [10.00 127.00]]
[[68.00 135.00]
 [10.00 127.00]]
[[68.00 135.00]
 [132.00 132.00]]
[[132.00 132.00]
 [136.00 18.00]]
[[73.00 19.00]
 [136.00 18.00]]
#3#
[[0.00 1.00 0.00 1.00 1.00 0.00]
 [1.00 0.00 1.00 0.00 0.00 1.00]
 [0.00 1.00 0.00 1.00 0.00 0.00]
 [1.00 0.00 1.00 0.00 0.00 0.00]
 [1.00 0.00 0.00 0.00 0.00 1.00]
 [0.00 1.00 0.00 0.00 1.00 0.00]]