#1#
[82.00 43.00]
[144.00 191.00]
[10.00 73.00]
[73.00 219.00]
[221.00 156.00]
[158.00 10.00]
#2#
[[82.00 43.00]
 [144.00 191.00]]
[[82.00 43.00]
 [10.00 73.00]]
[[10.00 73.00]
 [73.00 219.00]]
[[144.00 191.00]
 [73.00 219.00]]
[[144.00 191.00]
 [221.00 156.00]]
[[221.00 156.00]
 [158.00 10.00]]
[[82.00 43.00]
 [158.00 10.00]]
#3#
[[0.00 1.00 1.00 0.00 0.00 1.00]
 [1.00 0.00 0.00 1.00 1.00 0.00]
 [1.00 0.00 0.00 1.00 0.00 0.00]
 [0.00 1.00 1.00 0.00 0.00 0.00]
 [0.00 1.00 0.00 0.00 0.00 1.00]
 [1.00 0.00 0.00 0.00 1.00 0.00]]