#1#
[406.00 66.00]
[397.00 10.00]
[10.00 56.00]
[19.00 112.00]
[409.00 113.00]
[22.00 160.00]
#2#
[[406.00 66.00]
 [397.00 10.00]]
[[397.00 10.00]
 [10.00 56.00]]
[[10.00 56.00]
 [19.00 112.00]]
[[406.00 66.00]
 [409.00 113.00]]
[[409.00 113.00]
 [22.00 160.00]]
[[19.00 112.00]
 [22.00 160.00]]
[[406.00 66.00]
 [19.00 112.00]]
#3#
[[0.00 1.00 0.00 1.00 1.00 0.00]
 [1.00 0.00 1.00 0.00 0.00 0.00]
 [0.00 1.00 0.00 1.00 0.00 0.00]
 [1.00 0.00 1.00 0.00 0.00 1.00]
 [1.00 0.00 0.00 0.00 0.00 1.00]
 [0.00 0.00 0.00 1.00 1.00 0.00]]