#1#
[252.00 156.00]
[227.00 216.00]
[10.00 148.00]
[34.00 87.00]
[54.00 10.00]
[271.00 78.00]
#2#
[[252.00 156.00]
 [227.00 216.00]]
[[227.00 216.00]
 [10.00 148.00]]
[[10.00 148.00]
 [34.00 87.00]]
[[252.00 156.00]
 [34.00 87.00]]
[[34.00 87.00]
 [54.00 10.00]]
[[54.00 10.00]
 [271.00 78.00]]
[[252.00 156.00]
 [271.00 78.00]]
#3#
[[0.00 1.00 0.00 1.00 0.00 1.00]
 [1.00 0.00 1.00 0.00 0.00 0.00]
 [0.00 1.00 0.00 1.00 0.00 0.00]
 [1.00 0.00 1.00 0.00 1.00 0.00]
 [0.00 0.00 0.00 1.00 0.00 1.00]
 [1.00 0.00 0.00 0.00 1.00 0.00]]