#1#
[155.00 76.00]
[151.00 148.00]
[10.00 142.00]
[14.00 70.00]
[17.00 10.00]
[154.00 14.00]
#2#
[[155.00 76.00]
 [151.00 148.00]]
[[151.00 148.00]
 [10.00 142.00]]
[[10.00 142.00]
 [14.00 70.00]]
[[155.00 76.00]
 [14.00 70.00]]
[[14.00 70.00]
 [17.00 10.00]]
[[17.00 10.00]
 [154.00 14.00]]
[[155.00 76.00]
 [154.00 14.00]]
#3#
[[0.00 1.00 0.00 1.00 0.00 1.00]
 [1.00 0.00 1.00 0.00 0.00 0.00]
 [0.00 1.00 0.00 1.00 0.00 0.00]
 [1.00 0.00 1.00 0.00 1.00 0.00]
 [0.00 0.00 0.00 1.00 0.00 1.00]
 [1.00 0.00 0.00 0.00 1.00 0.00]]