#1#
[164.00 61.00]
[134.00 10.00]
[45.00 68.00]
[54.00 82.00]
[76.00 116.00]
[91.00 142.00]
[48.00 171.00]
[10.00 113.00]
[103.00 154.00]
[189.00 96.00]
#2#
[[164.00 61.00]
 [134.00 10.00]]
[[134.00 10.00]
 [45.00 68.00]]
[[45.00 68.00]
 [54.00 82.00]]
[[54.00 82.00]
 [76.00 116.00]]
[[54.00 82.00]
 [91.00 142.00]]
[[91.00 142.00]
 [48.00 171.00]]
[[48.00 171.00]
 [10.00 113.00]]
[[54.00 82.00]
 [10.00 113.00]]
[[164.00 61.00]
 [76.00 116.00]]
[[103.00 154.00]
 [76.00 116.00]]
[[103.00 154.00]
 [189.00 96.00]]
[[164.00 61.00]
 [189.00 96.00]]
#3#
[[0.00 1.00 0.00 0.00 1.00 0.00 0.00 0.00 0.00 1.00]
 [1.00 0.00 1.00 0.00 0.00 0.00 0.00 0.00 0.00 0.00]
 [0.00 1.00 0.00 1.00 0.00 0.00 0.00 0.00 0.00 0.00]
 [0.00 0.00 1.00 0.00 1.00 1.00 0.00 1.00 0.00 0.00]
 [1.00 0.00 0.00 1.00 0.00 0.00 0.00 0.00 1.00 0.00]
 [0.00 0.00 0.00 1.00 0.00 0.00 1.00 0.00 0.00 0.00]
 [0.00 0.00 0.00 0.00 0.00 1.00 0.00 1.00 0.00 0.00]
 [0.00 0.00 0.00 1.00 0.00 0.00 1.00 0.00 0.00 0.00]
 [0.00 0.00 0.00 0.00 1.00 0.00 0.00 0.00 0.00 1.00]
 [1.00 0.00 0.00 0.00 0.00 0.00 0.00 0.00 1.00 0.00]]