#1#
[141.00 62.00]
[139.00 10.00]
[10.00 14.00]
[10.00 66.00]
[11.00 139.00]
[143.00 135.00]
#2#
[[141.00 62.00]
 [139.00 10.00]]
[[139.00 10.00]
 [10.00 14.00]]
[[10.00 14.00]
 [10.00 66.00]]
[[141.00 62.00]
 [10.00 66.00]]
[[10.00 66.00]
 [11.00 139.00]]
[[11.00 139.00]
 [143.00 135.00]]
[[141.00 62.00]
 [143.00 135.00]]
#3#
[[0.00 1.00 0.00 1.00 0.00 1.00]
 [1.00 0.00 1.00 0.00 0.00 0.00]
 [0.00 1.00 0.00 1.00 0.00 0.00]
 [1.00 0.00 1.00 0.00 1.00 0.00]
 [0.00 0.00 0.00 1.00 0.00 1.00]
 [1.00 0.00 0.00 0.00 1.00 0.00]]