#1#
[136.00 96.00]
[119.00 153.00]
[10.00 121.00]
[27.00 63.00]
[43.00 10.00]
[152.00 42.00]
#2#
[[136.00 96.00]
 [119.00 153.00]]
[[119.00 153.00]
 [10.00 121.00]]
[[10.00 121.00]
 [27.00 63.00]]
[[136.00 96.00]
 [27.00 63.00]]
[[27.00 63.00]
 [43.00 10.00]]
[[43.00 10.00]
 [152.00 42.00]]
[[136.00 96.00]
 [152.00 42.00]]
#3#
[[0.00 1.00 0.00 1.00 0.00 1.00]
 [1.00 0.00 1.00 0.00 0.00 0.00]
 [0.00 1.00 0.00 1.00 0.00 0.00]
 [1.00 0.00 1.00 0.00 1.00 0.00]
 [0.00 0.00 0.00 1.00 0.00 1.00]
 [1.00 0.00 0.00 0.00 1.00 0.00]]