#1#
[68.00 10.00]
[16.00 22.00]
[121.00 28.00]
[117.00 96.00]
[122.00 98.00]
[63.00 136.00]
[10.00 148.00]
[119.00 154.00]
#2#
[[68.00 10.00]
 [16.00 22.00]]
[[68.00 10.00]
 [121.00 28.00]]
[[121.00 28.00]
 [117.00 96.00]]
[[117.00 96.00]
 [122.00 98.00]]
[[68.00 10.00]
 [63.00 136.00]]
[[16.00 22.00]
 [10.00 148.00]]
[[63.00 136.00]
 [10.00 148.00]]
[[63.00 136.00]
 [119.00 154.00]]
[[122.00 98.00]
 [119.00 154.00]]
#3#
[[0.00 1.00 1.00 0.00 0.00 1.00 0.00 0.00]
 [1.00 0.00 0.00 0.00 0.00 0.00 1.00 0.00]
 [1.00 0.00 0.00 1.00 0.00 0.00 0.00 0.00]
 [0.00 0.00 1.00 0.00 1.00 0.00 0.00 0.00]
 [0.00 0.00 0.00 1.00 0.00 0.00 0.00 1.00]
 [1.00 0.00 0.00 0.00 0.00 0.00 1.00 1.00]
 [0.00 1.00 0.00 0.00 0.00 1.00 0.00 0.00]
 [0.00 0.00 0.00 0.00 1.00 1.00 0.00 0.00]]