#1#
[78.00 135.00]
[73.00 19.00]
[129.00 10.00]
[136.00 127.00]
[14.00 132.00]
[10.00 18.00]
#2#
[[78.00 135.00]
 [73.00 19.00]]
[[73.00 19.00]
 [129.00 10.00]]
[[129.00 10.00]
 [136.00 127.00]]
[[78.00 135.00]
 [136.00 127.00]]
[[78.00 135.00]
 [14.00 132.00]]
[[14.00 132.00]
 [10.00 18.00]]
[[73.00 19.00]
 [10.00 18.00]]
#3#
[[0.00 1.00 0.00 1.00 1.00 0.00]
 [1.00 0.00 1.00 0.00 0.00 1.00]
 [0.00 1.00 0.00 1.00 0.00 0.00]
 [1.00 0.00 1.00 0.00 0.00 0.00]
 [1.00 0.00 0.00 0.00 0.00 1.00]
 [0.00 1.00 0.00 0.00 1.00 0.00]]