#1#
[65.00 11.00]
[115.00 12.00]
[113.00 144.00]
[63.00 142.00]
[10.00 141.00]
[11.00 10.00]
#2#
[[65.00 11.00]
 [115.00 12.00]]
[[115.00 12.00]
 [113.00 144.00]]
[[113.00 144.00]
 [63.00 142.00]]
[[65.00 11.00]
 [63.00 142.00]]
[[63.00 142.00]
 [10.00 141.00]]
[[10.00 141.00]
 [11.00 10.00]]
[[65.00 11.00]
 [11.00 10.00]]
#3#
[[0.00 1.00 0.00 1.00 0.00 1.00]
 [1.00 0.00 1.00 0.00 0.00 0.00]
 [0.00 1.00 0.00 1.00 0.00 0.00]
 [1.00 0.00 1.00 0.00 1.00 0.00]
 [0.00 0.00 0.00 1.00 0.00 1.00]
 [1.00 0.00 0.00 0.00 1.00 0.00]]