#1#
[142.00 55.00]
[122.00 10.00]
[10.00 58.00]
[28.00 101.00]
[51.00 154.00]
[163.00 109.00]
#2#
[[142.00 55.00]
 [122.00 10.00]]
[[122.00 10.00]
 [10.00 58.00]]
[[10.00 58.00]
 [28.00 101.00]]
[[142.00 55.00]
 [28.00 101.00]]
[[28.00 101.00]
 [51.00 154.00]]
[[51.00 154.00]
 [163.00 109.00]]
[[142.00 55.00]
 [163.00 109.00]]
#3#
[[0.00 1.00 0.00 1.00 0.00 1.00]
 [1.00 0.00 1.00 0.00 0.00 0.00]
 [0.00 1.00 0.00 1.00 0.00 0.00]
 [1.00 0.00 1.00 0.00 1.00 0.00]
 [0.00 0.00 0.00 1.00 0.00 1.00]
 [1.00 0.00 0.00 0.00 1.00 0.00]]