#1#
[137.00 35.00]
[75.00 10.00]
[10.00 131.00]
[69.00 158.00]
[201.00 75.00]
[136.00 196.00]
#2#
[[137.00 35.00]
 [75.00 10.00]]
[[75.00 10.00]
 [10.00 131.00]]
[[10.00 131.00]
 [69.00 158.00]]
[[137.00 35.00]
 [201.00 75.00]]
[[201.00 75.00]
 [136.00 196.00]]
[[69.00 158.00]
 [136.00 196.00]]
[[137.00 35.00]
 [69.00 158.00]]
#3#
[[0.00 1.00 0.00 1.00 1.00 0.00]
 [1.00 0.00 1.00 0.00 0.00 0.00]
 [0.00 1.00 0.00 1.00 0.00 0.00]
 [1.00 0.00 1.00 0.00 0.00 1.00]
 [1.00 0.00 0.00 0.00 0.00 1.00]
 [0.00 0.00 0.00 1.00 1.00 0.00]]