#1#
[96.00 160.00]
[157.00 66.00]
[10.00 103.00]
[72.00 10.00]
[69.00 94.00]
[92.00 63.00]
#2#
[[96.00 160.00]
 [157.00 66.00]]
[[96.00 160.00]
 [10.00 103.00]]
[[10.00 103.00]
 [72.00 10.00]]
[[10.00 103.00]
 [69.00 94.00]]
[[96.00 160.00]
 [69.00 94.00]]
[[157.00 66.00]
 [92.00 63.00]]
[[69.00 94.00]
 [92.00 63.00]]
[[72.00 10.00]
 [92.00 63.00]]
[[157.00 66.00]
 [72.00 10.00]]
#3#
[[0.00 1.00 1.00 0.00 1.00 0.00]
 [1.00 0.00 0.00 1.00 0.00 1.00]
 [1.00 0.00 0.00 1.00 1.00 0.00]
 [0.00 1.00 1.00 0.00 0.00 1.00]
 [1.00 0.00 1.00 0.00 0.00 1.00]
 [0.00 1.00 0.00 1.00 1.00 0.00]]