#1#
[164.00 65.00]
[145.00 10.00]
[10.00 54.00]
[29.00 110.00]
[47.00 165.00]
[182.00 120.00]
#2#
[[164.00 65.00]
 [145.00 10.00]]
[[145.00 10.00]
 [10.00 54.00]]
[[10.00 54.00]
 [29.00 110.00]]
[[164.00 65.00]
 [29.00 110.00]]
[[29.00 110.00]
 [47.00 165.00]]
[[47.00 165.00]
 [182.00 120.00]]
[[164.00 65.00]
 [182.00 120.00]]
#3#
[[0.00 1.00 0.00 1.00 0.00 1.00]
 [1.00 0.00 1.00 0.00 0.00 0.00]
 [0.00 1.00 0.00 1.00 0.00 0.00]
 [1.00 0.00 1.00 0.00 1.00 0.00]
 [0.00 0.00 0.00 1.00 0.00 1.00]
 [1.00 0.00 0.00 0.00 1.00 0.00]]