#1#
[144.00 68.00]
[138.00 129.00]
[10.00 121.00]
[13.00 62.00]
[16.00 10.00]
[143.00 14.00]
#2#
[[144.00 68.00]
 [138.00 129.00]]
[[138.00 129.00]
 [10.00 121.00]]
[[10.00 121.00]
 [13.00 62.00]]
[[144.00 68.00]
 [13.00 62.00]]
[[13.00 62.00]
 [16.00 10.00]]
[[16.00 10.00]
 [143.00 14.00]]
[[144.00 68.00]
 [143.00 14.00]]
#3#
[[0.00 1.00 0.00 1.00 0.00 1.00]
 [1.00 0.00 1.00 0.00 0.00 0.00]
 [0.00 1.00 0.00 1.00 0.00 0.00]
 [1.00 0.00 1.00 0.00 1.00 0.00]
 [0.00 0.00 0.00 1.00 0.00 1.00]
 [1.00 0.00 0.00 0.00 1.00 0.00]]