#1#
[35.00 46.00]
[193.00 149.00]
[10.00 98.00]
[166.00 201.00]
[225.00 113.00]
[67.00 10.00]
#2#
[[35.00 46.00]
 [193.00 149.00]]
[[35.00 46.00]
 [10.00 98.00]]
[[10.00 98.00]
 [166.00 201.00]]
[[193.00 149.00]
 [166.00 201.00]]
[[193.00 149.00]
 [225.00 113.00]]
[[225.00 113.00]
 [67.00 10.00]]
[[35.00 46.00]
 [67.00 10.00]]
#3#
[[0.00 1.00 1.00 0.00 0.00 1.00]
 [1.00 0.00 0.00 1.00 1.00 0.00]
 [1.00 0.00 0.00 1.00 0.00 0.00]
 [0.00 1.00 1.00 0.00 0.00 0.00]
 [0.00 1.00 0.00 0.00 0.00 1.00]
 [1.00 0.00 0.00 0.00 1.00 0.00]]