#1#
[98.00 23.00]
[36.00 10.00]
[10.00 140.00]
[72.00 153.00]
[74.00 154.00]
[61.00 110.00]
[70.00 62.00]
[45.00 58.00]
[37.00 106.00]
[134.00 164.00]
[160.00 35.00]
#2#
[[98.00 23.00]
 [36.00 10.00]]
[[36.00 10.00]
 [10.00 140.00]]
[[10.00 140.00]
 [72.00 153.00]]
[[72.00 153.00]
 [74.00 154.00]]
[[61.00 110.00]
 [70.00 62.00]]
[[70.00 62.00]
 [45.00 58.00]]
[[37.00 106.00]
 [45.00 58.00]]
[[37.00 106.00]
 [61.00 110.00]]
[[98.00 23.00]
 [74.00 154.00]]
[[134.00 164.00]
 [74.00 154.00]]
[[134.00 164.00]
 [160.00 35.00]]
[[98.00 23.00]
 [160.00 35.00]]
#3#
[[0.00 1.00 0.00 0.00 1.00 0.00 0.00 0.00 0.00 0.00 1.00]
 [1.00 0.00 1.00 0.00 0.00 0.00 0.00 0.00 0.00 0.00 0.00]
 [0.00 1.00 0.00 1.00 0.00 0.00 0.00 0.00 0.00 0.00 0.00]
 [0.00 0.00 1.00 0.00 1.00 0.00 0.00 0.00 0.00 0.00 0.00]
 [1.00 0.00 0.00 1.00 0.00 0.00 0.00 0.00 0.00 1.00 0.00]
 [0.00 0.00 0.00 0.00 0.00 0.00 1.00 0.00 1.00 0.00 0.00]
 [0.00 0.00 0.00 0.00 0.00 1.00 0.00 1.00 0.00 0.00 0.00]
 [0.00 0.00 0.00 0.00 0.00 0.00 1.00 0.00 1.00 0.00 0.00]
 [0.00 0.00 0.00 0.00 0.00 1.00 0.00 1.00 0.00 0.00 0.00]
 [0.00 0.00 0.00 0.00 1.00 0.00 0.00 0.00 0.00 0.00 1.00]
 [1.00 0.00 0.00 0.00 0.00 0.00 0.00 0.00 0.00 1.00 0.00]]