#1#
[94.00 10.00]
[10.00 53.00]
[69.00 62.00]
[90.00 211.00]
[114.00 153.00]
[175.00 171.00]
[124.00 68.00]
[105.00 55.00]
[94.00 35.00]
#2#
[[94.00 10.00]
 [10.00 53.00]]
[[94.00 10.00]
 [69.00 62.00]]
[[10.00 53.00]
 [90.00 211.00]]
[[10.00 53.00]
 [69.00 62.00]]
[[69.00 62.00]
 [114.00 153.00]]
[[114.00 153.00]
 [175.00 171.00]]
[[90.00 211.00]
 [114.00 153.00]]
[[175.00 171.00]
 [124.00 68.00]]
[[124.00 68.00]
 [105.00 55.00]]
[[94.00 35.00]
 [105.00 55.00]]
[[94.00 35.00]
 [94.00 10.00]]
[[90.00 211.00]
 [175.00 171.00]]
#3#
[[0.00 1.00 1.00 0.00 0.00 0.00 0.00 0.00 1.00]
 [1.00 0.00 1.00 1.00 0.00 0.00 0.00 0.00 0.00]
 [1.00 1.00 0.00 0.00 1.00 0.00 0.00 0.00 0.00]
 [0.00 1.00 0.00 0.00 1.00 1.00 0.00 0.00 0.00]
 [0.00 0.00 1.00 1.00 0.00 1.00 0.00 0.00 0.00]
 [0.00 0.00 0.00 1.00 1.00 0.00 1.00 0.00 0.00]
 [0.00 0.00 0.00 0.00 0.00 1.00 0.00 1.00 0.00]
 [0.00 0.00 0.00 0.00 0.00 0.00 1.00 0.00 1.00]
 [1.00 0.00 0.00 0.00 0.00 0.00 0.00 1.00 0.00]]