#1#
[26.00 31.00]
[10.00 42.00]
[69.00 96.00]
[83.00 87.00]
[100.00 67.00]
[40.00 10.00]
#2#
[[26.00 31.00]
 [10.00 42.00]]
[[10.00 42.00]
 [69.00 96.00]]
[[69.00 96.00]
 [83.00 87.00]]
[[26.00 31.00]
 [83.00 87.00]]
[[83.00 87.00]
 [100.00 67.00]]
[[100.00 67.00]
 [40.00 10.00]]
[[26.00 31.00]
 [40.00 10.00]]
#3#
[[0.00 1.00 0.00 1.00 0.00 1.00]
 [1.00 0.00 1.00 0.00 0.00 0.00]
 [0.00 1.00 0.00 1.00 0.00 0.00]
 [1.00 0.00 1.00 0.00 1.00 0.00]
 [0.00 0.00 0.00 1.00 0.00 1.00]
 [1.00 0.00 0.00 0.00 1.00 0.00]]