#1#
[135.00 61.00]
[152.00 110.00]
[46.00 149.00]
[28.00 100.00]
[10.00 53.00]
[118.00 10.00]
#2#
[[135.00 61.00]
 [152.00 110.00]]
[[152.00 110.00]
 [46.00 149.00]]
[[46.00 149.00]
 [28.00 100.00]]
[[135.00 61.00]
 [28.00 100.00]]
[[28.00 100.00]
 [10.00 53.00]]
[[10.00 53.00]
 [118.00 10.00]]
[[135.00 61.00]
 [118.00 10.00]]
#3#
[[0.00 1.00 0.00 1.00 0.00 1.00]
 [1.00 0.00 1.00 0.00 0.00 0.00]
 [0.00 1.00 0.00 1.00 0.00 0.00]
 [1.00 0.00 1.00 0.00 1.00 0.00]
 [0.00 0.00 0.00 1.00 0.00 1.00]
 [1.00 0.00 0.00 0.00 1.00 0.00]]