#1#
[11.00 70.00]
[10.00 11.00]
[129.00 10.00]
[132.00 68.00]
[12.00 125.00]
[131.00 125.00]
#2#
[[11.00 70.00]
 [10.00 11.00]]
[[10.00 11.00]
 [129.00 10.00]]
[[129.00 10.00]
 [132.00 68.00]]
[[11.00 70.00]
 [132.00 68.00]]
[[11.00 70.00]
 [12.00 125.00]]
[[12.00 125.00]
 [131.00 125.00]]
[[132.00 68.00]
 [131.00 125.00]]
#3#
[[0.00 1.00 0.00 1.00 1.00 0.00]
 [1.00 0.00 1.00 0.00 0.00 0.00]
 [0.00 1.00 0.00 1.00 0.00 0.00]
 [1.00 0.00 1.00 0.00 0.00 1.00]
 [1.00 0.00 0.00 0.00 0.00 1.00]
 [0.00 0.00 0.00 1.00 1.00 0.00]]