#1#
[124.00 21.00]
[95.00 331.00]
[10.00 322.00]
[42.00 10.00]
[188.00 26.00]
[157.00 338.00]
#2#
[[124.00 21.00]
 [95.00 331.00]]
[[95.00 331.00]
 [10.00 322.00]]
[[10.00 322.00]
 [42.00 10.00]]
[[124.00 21.00]
 [42.00 10.00]]
[[124.00 21.00]
 [188.00 26.00]]
[[188.00 26.00]
 [157.00 338.00]]
[[95.00 331.00]
 [157.00 338.00]]
#3#
[[0.00 1.00 0.00 1.00 1.00 0.00]
 [1.00 0.00 1.00 0.00 0.00 1.00]
 [0.00 1.00 0.00 1.00 0.00 0.00]
 [1.00 0.00 1.00 0.00 0.00 0.00]
 [1.00 0.00 0.00 0.00 0.00 1.00]
 [0.00 1.00 0.00 0.00 1.00 0.00]]