#1#
[147.00 35.00]
[31.00 10.00]
[55.00 77.00]
[103.00 87.00]
[146.00 36.00]
[10.00 112.00]
[125.00 137.00]
#2#
[[147.00 35.00]
 [31.00 10.00]]
[[31.00 10.00]
 [55.00 77.00]]
[[55.00 77.00]
 [103.00 87.00]]
[[103.00 87.00]
 [146.00 36.00]]
[[147.00 35.00]
 [146.00 36.00]]
[[55.00 77.00]
 [10.00 112.00]]
[[31.00 10.00]
 [10.00 112.00]]
[[10.00 112.00]
 [125.00 137.00]]
[[103.00 87.00]
 [125.00 137.00]]
[[147.00 35.00]
 [125.00 137.00]]
#3#
[[0.00 1.00 0.00 0.00 1.00 0.00 1.00]
 [1.00 0.00 1.00 0.00 0.00 1.00 0.00]
 [0.00 1.00 0.00 1.00 0.00 1.00 0.00]
 [0.00 0.00 1.00 0.00 1.00 0.00 1.00]
 [1.00 0.00 0.00 1.00 0.00 0.00 0.00]
 [0.00 1.00 1.00 0.00 0.00 0.00 1.00]
 [1.00 0.00 0.00 1.00 0.00 1.00 0.00]]