#1#
[22.00 60.00]
[130.00 76.00]
[10.00 124.00]
[119.00 140.00]
[137.00 26.00]
[29.00 10.00]
#2#
[[22.00 60.00]
 [130.00 76.00]]
[[22.00 60.00]
 [10.00 124.00]]
[[10.00 124.00]
 [119.00 140.00]]
[[130.00 76.00]
 [119.00 140.00]]
[[130.00 76.00]
 [137.00 26.00]]
[[137.00 26.00]
 [29.00 10.00]]
[[22.00 60.00]
 [29.00 10.00]]
#3#
[[0.00 1.00 1.00 0.00 0.00 1.00]
 [1.00 0.00 0.00 1.00 1.00 0.00]
 [1.00 0.00 0.00 1.00 0.00 0.00]
 [0.00 1.00 1.00 0.00 0.00 0.00]
 [0.00 1.00 0.00 0.00 0.00 1.00]
 [1.00 0.00 0.00 0.00 1.00 0.00]]