#1#
[141.00 107.00]
[125.00 143.00]
[10.00 102.00]
[29.00 66.00]
[44.00 10.00]
[157.00 49.00]
#2#
[[141.00 107.00]
 [125.00 143.00]]
[[125.00 143.00]
 [10.00 102.00]]
[[10.00 102.00]
 [29.00 66.00]]
[[29.00 66.00]
 [44.00 10.00]]
[[44.00 10.00]
 [157.00 49.00]]
[[141.00 107.00]
 [157.00 49.00]]
[[141.00 107.00]
 [29.00 66.00]]
#3#
[[0.00 1.00 0.00 1.00 0.00 1.00]
 [1.00 0.00 1.00 0.00 0.00 0.00]
 [0.00 1.00 0.00 1.00 0.00 0.00]
 [1.00 0.00 1.00 0.00 1.00 0.00]
 [0.00 0.00 0.00 1.00 0.00 1.00]
 [1.00 0.00 0.00 0.00 1.00 0.00]]