#1#
[27.00 63.00]
[39.00 10.00]
[141.00 37.00]
[127.00 90.00]
[110.00 146.00]
[10.00 120.00]
#2#
[[27.00 63.00]
 [39.00 10.00]]
[[39.00 10.00]
 [141.00 37.00]]
[[141.00 37.00]
 [127.00 90.00]]
[[27.00 63.00]
 [127.00 90.00]]
[[127.00 90.00]
 [110.00 146.00]]
[[110.00 146.00]
 [10.00 120.00]]
[[27.00 63.00]
 [10.00 120.00]]
#3#
[[0.00 1.00 0.00 1.00 0.00 1.00]
 [1.00 0.00 1.00 0.00 0.00 0.00]
 [0.00 1.00 0.00 1.00 0.00 0.00]
 [1.00 0.00 1.00 0.00 1.00 0.00]
 [0.00 0.00 0.00 1.00 0.00 1.00]
 [1.00 0.00 0.00 0.00 1.00 0.00]]