#1#
[195.00 239.00]
[242.00 208.00]
[107.00 10.00]
[59.00 42.00]
[10.00 75.00]
[144.00 274.00]
#2#
[[195.00 239.00]
 [242.00 208.00]]
[[242.00 208.00]
 [107.00 10.00]]
[[107.00 10.00]
 [59.00 42.00]]
[[195.00 239.00]
 [59.00 42.00]]
[[59.00 42.00]
 [10.00 75.00]]
[[10.00 75.00]
 [144.00 274.00]]
[[195.00 239.00]
 [144.00 274.00]]
#3#
[[0.00 1.00 0.00 1.00 0.00 1.00]
 [1.00 0.00 1.00 0.00 0.00 0.00]
 [0.00 1.00 0.00 1.00 0.00 0.00]
 [1.00 0.00 1.00 0.00 1.00 0.00]
 [0.00 0.00 0.00 1.00 0.00 1.00]
 [1.00 0.00 0.00 0.00 1.00 0.00]]