#1#
[46.00 119.00]
[94.00 21.00]
[10.00 108.00]
[57.00 10.00]
[133.00 44.00]
[87.00 142.00]
#2#
[[46.00 119.00]
 [94.00 21.00]]
[[46.00 119.00]
 [10.00 108.00]]
[[10.00 108.00]
 [57.00 10.00]]
[[94.00 21.00]
 [57.00 10.00]]
[[94.00 21.00]
 [133.00 44.00]]
[[133.00 44.00]
 [87.00 142.00]]
[[46.00 119.00]
 [87.00 142.00]]
#3#
[[0.00 1.00 1.00 0.00 0.00 1.00]
 [1.00 0.00 0.00 1.00 1.00 0.00]
 [1.00 0.00 0.00 1.00 0.00 0.00]
 [0.00 1.00 1.00 0.00 0.00 0.00]
 [0.00 1.00 0.00 0.00 0.00 1.00]
 [1.00 0.00 0.00 0.00 1.00 0.00]]