#1#
[61.00 20.00]
[106.00 12.00]
[12.00 10.00]
[57.00 135.00]
[103.00 129.00]
[10.00 126.00]
#2#
[[61.00 20.00]
 [106.00 12.00]]
[[61.00 20.00]
 [12.00 10.00]]
[[61.00 20.00]
 [57.00 135.00]]
[[57.00 135.00]
 [103.00 129.00]]
[[106.00 12.00]
 [103.00 129.00]]
[[57.00 135.00]
 [10.00 126.00]]
[[12.00 10.00]
 [10.00 126.00]]
#3#
[[0.00 1.00 1.00 1.00 0.00 0.00]
 [1.00 0.00 0.00 0.00 1.00 0.00]
 [1.00 0.00 0.00 0.00 0.00 1.00]
 [1.00 0.00 0.00 0.00 1.00 1.00]
 [0.00 1.00 0.00 1.00 0.00 0.00]
 [0.00 0.00 1.00 1.00 0.00 0.00]]