#1#
[243.00 84.00]
[242.00 152.00]
[10.00 149.00]
[11.00 80.00]
[13.00 10.00]
[240.00 20.00]
#2#
[[243.00 84.00]
 [242.00 152.00]]
[[242.00 152.00]
 [10.00 149.00]]
[[10.00 149.00]
 [11.00 80.00]]
[[243.00 84.00]
 [11.00 80.00]]
[[11.00 80.00]
 [13.00 10.00]]
[[13.00 10.00]
 [240.00 20.00]]
[[243.00 84.00]
 [240.00 20.00]]
#3#
[[0.00 1.00 0.00 1.00 0.00 1.00]
 [1.00 0.00 1.00 0.00 0.00 0.00]
 [0.00 1.00 0.00 1.00 0.00 0.00]
 [1.00 0.00 1.00 0.00 1.00 0.00]
 [0.00 0.00 0.00 1.00 0.00 1.00]
 [1.00 0.00 0.00 0.00 1.00 0.00]]