#1#
[151.00 103.00]
[21.00 85.00]
[10.00 138.00]
[139.00 154.00]
[28.00 10.00]
[69.00 16.00]
[78.00 10.00]
[109.00 14.00]
[116.00 23.00]
[157.00 28.00]
#2#
[[151.00 103.00]
 [21.00 85.00]]
[[21.00 85.00]
 [10.00 138.00]]
[[10.00 138.00]
 [139.00 154.00]]
[[151.00 103.00]
 [139.00 154.00]]
[[21.00 85.00]
 [28.00 10.00]]
[[28.00 10.00]
 [69.00 16.00]]
[[69.00 16.00]
 [78.00 10.00]]
[[78.00 10.00]
 [109.00 14.00]]
[[116.00 23.00]
 [109.00 14.00]]
[[116.00 23.00]
 [157.00 28.00]]
[[151.00 103.00]
 [157.00 28.00]]
#3#
[[0.00 1.00 0.00 1.00 0.00 0.00 0.00 0.00 0.00 1.00]
 [1.00 0.00 1.00 0.00 1.00 0.00 0.00 0.00 0.00 0.00]
 [0.00 1.00 0.00 1.00 0.00 0.00 0.00 0.00 0.00 0.00]
 [1.00 0.00 1.00 0.00 0.00 0.00 0.00 0.00 0.00 0.00]
 [0.00 1.00 0.00 0.00 0.00 1.00 0.00 0.00 0.00 0.00]
 [0.00 0.00 0.00 0.00 1.00 0.00 1.00 0.00 0.00 0.00]
 [0.00 0.00 0.00 0.00 0.00 1.00 0.00 1.00 0.00 0.00]
 [0.00 0.00 0.00 0.00 0.00 0.00 1.00 0.00 1.00 0.00]
 [0.00 0.00 0.00 0.00 0.00 0.00 0.00 1.00 0.00 1.00]
 [1.00 0.00 0.00 0.00 0.00 0.00 0.00 0.00 1.00 0.00]]