#1#
[10.00 59.00]
[10.00 10.00]
[117.00 10.00]
[117.00 59.00]
[118.00 115.00]
[10.00 115.00]
#2#
[[10.00 59.00]
 [10.00 10.00]]
[[10.00 10.00]
 [117.00 10.00]]
[[117.00 10.00]
 [117.00 59.00]]
[[117.00 59.00]
 [118.00 115.00]]
[[118.00 115.00]
 [10.00 115.00]]
[[10.00 59.00]
 [10.00 115.00]]
[[10.00 59.00]
 [117.00 59.00]]
#3#
[[0.00 1.00 0.00 1.00 0.00 1.00]
 [1.00 0.00 1.00 0.00 0.00 0.00]
 [0.00 1.00 0.00 1.00 0.00 0.00]
 [1.00 0.00 1.00 0.00 1.00 0.00]
 [0.00 0.00 0.00 1.00 0.00 1.00]
 [1.00 0.00 0.00 0.00 1.00 0.00]]