#1#
[58.00 19.00]
[10.00 20.00]
[106.00 31.00]
[155.00 10.00]
[58.00 15.00]
[60.00 31.00]
[76.60 52.00]
[10.00 53.00]
[60.00 69.00]
[13.00 69.00]
[159.00 126.00]
[64.00 128.00]
[111.00 144.00]
#2#
[[58.00 19.00]
 [10.00 20.00]]
[[106.00 31.00]
 [155.00 10.00]]
[[58.00 19.00]
 [58.00 15.00]]
[[58.00 19.00]
 [60.00 31.00]]
[[106.00 31.00]
 [58.00 15.00]]
[[60.00 31.00]
 [76.60 52.00]]
[[76.60 52.00]
 [10.00 53.00]]
[[10.00 20.00]
 [10.00 53.00]]
[[60.00 69.00]
 [76.60 52.00]]
[[60.00 69.00]
 [13.00 69.00]]
[[13.00 69.00]
 [10.00 53.00]]
[[159.00 126.00]
 [155.00 10.00]]
[[60.00 69.00]
 [64.00 128.00]]
[[106.00 31.00]
 [111.00 144.00]]
[[159.00 126.00]
 [111.00 144.00]]
[[64.00 128.00]
 [111.00 144.00]]
#3#
[[0.00 1.00 0.00 0.00 1.00 1.00 0.00 0.00 0.00 0.00 0.00 0.00 0.00]
 [1.00 0.00 0.00 0.00 0.00 0.00 0.00 1.00 0.00 0.00 0.00 0.00 0.00]
 [0.00 0.00 0.00 1.00 1.00 0.00 0.00 0.00 0.00 0.00 0.00 0.00 1.00]
 [0.00 0.00 1.00 0.00 0.00 0.00 0.00 0.00 0.00 0.00 1.00 0.00 0.00]
 [1.00 0.00 1.00 0.00 0.00 0.00 0.00 0.00 0.00 0.00 0.00 0.00 0.00]
 [1.00 0.00 0.00 0.00 0.00 0.00 1.00 0.00 0.00 0.00 0.00 0.00 0.00]
 [0.00 0.00 0.00 0.00 0.00 1.00 0.00 1.00 1.00 0.00 0.00 0.00 0.00]
 [0.00 1.00 0.00 0.00 0.00 0.00 1.00 0.00 0.00 1.00 0.00 0.00 0.00]
 [0.00 0.00 0.00 0.00 0.00 0.00 1.00 0.00 0.00 1.00 0.00 1.00 0.00]
 [0.00 0.00 0.00 0.00 0.00 0.00 0.00 1.00 1.00 0.00 0.00 0.00 0.00]
 [0.00 0.00 0.00 1.00 0.00 0.00 0.00 0.00 0.00 0.00 0.00 0.00 1.00]
 [0.00 0.00 0.00 0.00 0.00 0.00 0.00 0.00 1.00 0.00 0.00 0.00 1.00]
 [0.00 0.00 1.00 0.00 0.00 0.00 0.00 0.00 0.00 0.00 1.00 1.00 0.00]]