#1#
[161.00 26.00]
[120.00 10.00]
[10.00 291.00]
[50.00 307.00]
[91.00 322.00]
[201.00 41.00]
#2#
[[161.00 26.00]
 [120.00 10.00]]
[[120.00 10.00]
 [10.00 291.00]]
[[10.00 291.00]
 [50.00 307.00]]
[[50.00 307.00]
 [91.00 322.00]]
[[91.00 322.00]
 [201.00 41.00]]
[[161.00 26.00]
 [201.00 41.00]]
[[161.00 26.00]
 [50.00 307.00]]
#3#
[[0.00 1.00 0.00 1.00 0.00 1.00]
 [1.00 0.00 1.00 0.00 0.00 0.00]
 [0.00 1.00 0.00 1.00 0.00 0.00]
 [1.00 0.00 1.00 0.00 1.00 0.00]
 [0.00 0.00 0.00 1.00 0.00 1.00]
 [1.00 0.00 0.00 0.00 1.00 0.00]]