#1#
[27.00 67.00]
[47.00 18.00]
[46.00 72.00]
[67.00 25.00]
[31.00 10.00]
[10.00 57.00]
#2#
[[27.00 67.00]
 [47.00 18.00]]
[[27.00 67.00]
 [46.00 72.00]]
[[46.00 72.00]
 [67.00 25.00]]
[[47.00 18.00]
 [67.00 25.00]]
[[47.00 18.00]
 [31.00 10.00]]
[[31.00 10.00]
 [10.00 57.00]]
[[27.00 67.00]
 [10.00 57.00]]
#3#
[[0.00 1.00 1.00 0.00 0.00 1.00]
 [1.00 0.00 0.00 1.00 1.00 0.00]
 [1.00 0.00 0.00 1.00 0.00 0.00]
 [0.00 1.00 1.00 0.00 0.00 0.00]
 [0.00 1.00 0.00 0.00 0.00 1.00]
 [1.00 0.00 0.00 0.00 1.00 0.00]]