#1#
[140.00 151.00]
[161.00 141.00]
[147.00 110.00]
[87.00 134.00]
[99.00 166.00]
[169.00 213.00]
[170.00 218.00]
[336.00 152.00]
[278.00 10.00]
[10.00 123.00]
[65.00 254.00]
#2#
[[140.00 151.00]
 [161.00 141.00]]
[[161.00 141.00]
 [147.00 110.00]]
[[147.00 110.00]
 [87.00 134.00]]
[[87.00 134.00]
 [99.00 166.00]]
[[140.00 151.00]
 [99.00 166.00]]
[[140.00 151.00]
 [169.00 213.00]]
[[169.00 213.00]
 [170.00 218.00]]
[[170.00 218.00]
 [336.00 152.00]]
[[278.00 10.00]
 [336.00 152.00]]
[[278.00 10.00]
 [10.00 123.00]]
[[10.00 123.00]
 [65.00 254.00]]
[[65.00 254.00]
 [169.00 213.00]]
#3#
[[0.00 1.00 0.00 0.00 1.00 1.00 0.00 0.00 0.00 0.00 0.00]
 [1.00 0.00 1.00 0.00 0.00 0.00 0.00 0.00 0.00 0.00 0.00]
 [0.00 1.00 0.00 1.00 0.00 0.00 0.00 0.00 0.00 0.00 0.00]
 [0.00 0.00 1.00 0.00 1.00 0.00 0.00 0.00 0.00 0.00 0.00]
 [1.00 0.00 0.00 1.00 0.00 0.00 0.00 0.00 0.00 0.00 0.00]
 [1.00 0.00 0.00 0.00 0.00 0.00 1.00 0.00 0.00 0.00 1.00]
 [0.00 0.00 0.00 0.00 0.00 1.00 0.00 1.00 0.00 0.00 0.00]
 [0.00 0.00 0.00 0.00 0.00 0.00 1.00 0.00 1.00 0.00 0.00]
 [0.00 0.00 0.00 0.00 0.00 0.00 0.00 1.00 0.00 1.00 0.00]
 [0.00 0.00 0.00 0.00 0.00 0.00 0.00 0.00 1.00 0.00 1.00]
 [0.00 0.00 0.00 0.00 0.00 1.00 0.00 0.00 0.00 1.00 0.00]]