#1#
[149.00 72.00]
[63.00 133.00]
[118.00 24.00]
[91.00 43.00]
[68.00 10.00]
[10.00 52.00]
[102.00 183.00]
[189.00 123.00]
#2#
[[149.00 72.00]
 [63.00 133.00]]
[[149.00 72.00]
 [118.00 24.00]]
[[118.00 24.00]
 [91.00 43.00]]
[[91.00 43.00]
 [68.00 10.00]]
[[68.00 10.00]
 [10.00 52.00]]
[[63.00 133.00]
 [10.00 52.00]]
[[63.00 133.00]
 [102.00 183.00]]
[[102.00 183.00]
 [189.00 123.00]]
[[149.00 72.00]
 [189.00 123.00]]
#3#
[[0.00 1.00 1.00 0.00 0.00 0.00 0.00 1.00]
 [1.00 0.00 0.00 0.00 0.00 1.00 1.00 0.00]
 [1.00 0.00 0.00 1.00 0.00 0.00 0.00 0.00]
 [0.00 0.00 1.00 0.00 1.00 0.00 0.00 0.00]
 [0.00 0.00 0.00 1.00 0.00 1.00 0.00 0.00]
 [0.00 1.00 0.00 0.00 1.00 0.00 0.00 0.00]
 [0.00 1.00 0.00 0.00 0.00 0.00 0.00 1.00]
 [1.00 0.00 0.00 0.00 0.00 0.00 1.00 0.00]]