#1#
[167.00 181.00]
[92.00 117.00]
[66.00 149.00]
[10.00 102.00]
[87.00 10.00]
[218.00 121.00]
#2#
[[167.00 181.00]
 [92.00 117.00]]
[[92.00 117.00]
 [66.00 149.00]]
[[66.00 149.00]
 [10.00 102.00]]
[[10.00 102.00]
 [87.00 10.00]]
[[87.00 10.00]
 [218.00 121.00]]
[[167.00 181.00]
 [218.00 121.00]]
#3#
[[0.00 1.00 0.00 0.00 0.00 1.00]
 [1.00 0.00 1.00 0.00 0.00 0.00]
 [0.00 1.00 0.00 1.00 0.00 0.00]
 [0.00 0.00 1.00 0.00 1.00 0.00]
 [0.00 0.00 0.00 1.00 0.00 1.00]
 [1.00 0.00 0.00 0.00 1.00 0.00]]