#1#
[132.00 56.00]
[97.00 10.00]
[10.00 80.00]
[44.00 124.00]
[79.00 169.00]
[167.00 101.00]
#2#
[[132.00 56.00]
 [97.00 10.00]]
[[97.00 10.00]
 [10.00 80.00]]
[[10.00 80.00]
 [44.00 124.00]]
[[132.00 56.00]
 [44.00 124.00]]
[[44.00 124.00]
 [79.00 169.00]]
[[79.00 169.00]
 [167.00 101.00]]
[[132.00 56.00]
 [167.00 101.00]]
#3#
[[0.00 1.00 0.00 1.00 0.00 1.00]
 [1.00 0.00 1.00 0.00 0.00 0.00]
 [0.00 1.00 0.00 1.00 0.00 0.00]
 [1.00 0.00 1.00 0.00 1.00 0.00]
 [0.00 0.00 0.00 1.00 0.00 1.00]
 [1.00 0.00 0.00 0.00 1.00 0.00]]