#1#
[59.00 17.00]
[108.00 10.00]
[125.00 117.00]
[76.00 127.00]
[26.00 134.00]
[10.00 24.00]
#2#
[[59.00 17.00]
 [108.00 10.00]]
[[108.00 10.00]
 [125.00 117.00]]
[[125.00 117.00]
 [76.00 127.00]]
[[76.00 127.00]
 [26.00 134.00]]
[[26.00 134.00]
 [10.00 24.00]]
[[59.00 17.00]
 [10.00 24.00]]
[[59.00 17.00]
 [76.00 127.00]]
#3#
[[0.00 1.00 0.00 1.00 0.00 1.00]
 [1.00 0.00 1.00 0.00 0.00 0.00]
 [0.00 1.00 0.00 1.00 0.00 0.00]
 [1.00 0.00 1.00 0.00 1.00 0.00]
 [0.00 0.00 0.00 1.00 0.00 1.00]
 [1.00 0.00 0.00 0.00 1.00 0.00]]