#1#
[269.00 214.00]
[38.00 64.00]
[10.00 103.00]
[240.00 253.00]
[70.00 10.00]
[305.00 164.00]
#2#
[[269.00 214.00]
 [38.00 64.00]]
[[38.00 64.00]
 [10.00 103.00]]
[[10.00 103.00]
 [240.00 253.00]]
[[269.00 214.00]
 [240.00 253.00]]
[[38.00 64.00]
 [70.00 10.00]]
[[70.00 10.00]
 [305.00 164.00]]
[[269.00 214.00]
 [305.00 164.00]]
#3#
[[0.00 1.00 0.00 1.00 0.00 1.00]
 [1.00 0.00 1.00 0.00 1.00 0.00]
 [0.00 1.00 0.00 1.00 0.00 0.00]
 [1.00 0.00 1.00 0.00 0.00 0.00]
 [0.00 1.00 0.00 0.00 0.00 1.00]
 [1.00 0.00 0.00 0.00 1.00 0.00]]