#1#
[151.00 142.00]
[113.00 187.00]
[10.00 102.00]
[49.00 56.00]
[88.00 10.00]
[191.00 94.00]
#2#
[[151.00 142.00]
 [113.00 187.00]]
[[113.00 187.00]
 [10.00 102.00]]
[[10.00 102.00]
 [49.00 56.00]]
[[151.00 142.00]
 [49.00 56.00]]
[[49.00 56.00]
 [88.00 10.00]]
[[88.00 10.00]
 [191.00 94.00]]
[[151.00 142.00]
 [191.00 94.00]]
#3#
[[0.00 1.00 0.00 1.00 0.00 1.00]
 [1.00 0.00 1.00 0.00 0.00 0.00]
 [0.00 1.00 0.00 1.00 0.00 0.00]
 [1.00 0.00 1.00 0.00 1.00 0.00]
 [0.00 0.00 0.00 1.00 0.00 1.00]
 [1.00 0.00 0.00 0.00 1.00 0.00]]