#1#
[10.00 46.00]
[122.00 46.00]
[12.00 114.00]
[123.00 111.00]
[124.00 10.00]
[12.00 11.00]
#2#
[[10.00 46.00]
 [122.00 46.00]]
[[10.00 46.00]
 [12.00 114.00]]
[[12.00 114.00]
 [123.00 111.00]]
[[122.00 46.00]
 [123.00 111.00]]
[[122.00 46.00]
 [124.00 10.00]]
[[124.00 10.00]
 [12.00 11.00]]
[[10.00 46.00]
 [12.00 11.00]]
#3#
[[0.00 1.00 1.00 0.00 0.00 1.00]
 [1.00 0.00 0.00 1.00 1.00 0.00]
 [1.00 0.00 0.00 1.00 0.00 0.00]
 [0.00 1.00 1.00 0.00 0.00 0.00]
 [0.00 1.00 0.00 0.00 0.00 1.00]
 [1.00 0.00 0.00 0.00 1.00 0.00]]