#1#
[37.00 27.00]
[39.00 78.00]
[11.00 79.00]
[10.00 27.00]
[40.00 88.00]
[121.00 85.00]
[118.00 10.00]
[36.00 14.00]
#2#
[[37.00 27.00]
 [39.00 78.00]]
[[39.00 78.00]
 [11.00 79.00]]
[[11.00 79.00]
 [10.00 27.00]]
[[37.00 27.00]
 [10.00 27.00]]
[[39.00 78.00]
 [40.00 88.00]]
[[40.00 88.00]
 [121.00 85.00]]
[[121.00 85.00]
 [118.00 10.00]]
[[118.00 10.00]
 [36.00 14.00]]
[[37.00 27.00]
 [36.00 14.00]]
#3#
[[0.00 1.00 0.00 1.00 0.00 0.00 0.00 1.00]
 [1.00 0.00 1.00 0.00 1.00 0.00 0.00 0.00]
 [0.00 1.00 0.00 1.00 0.00 0.00 0.00 0.00]
 [1.00 0.00 1.00 0.00 0.00 0.00 0.00 0.00]
 [0.00 1.00 0.00 0.00 0.00 1.00 0.00 0.00]
 [0.00 0.00 0.00 0.00 1.00 0.00 1.00 0.00]
 [0.00 0.00 0.00 0.00 0.00 1.00 0.00 1.00]
 [1.00 0.00 0.00 0.00 0.00 0.00 1.00 0.00]]