#1#
[28.00 59.00]
[115.00 102.00]
[138.00 61.00]
[104.00 42.00]
[105.00 38.00]
[51.00 10.00]
[95.00 139.00]
[10.00 94.00]
#2#
[[28.00 59.00]
 [115.00 102.00]]
[[115.00 102.00]
 [138.00 61.00]]
[[138.00 61.00]
 [104.00 42.00]]
[[104.00 42.00]
 [105.00 38.00]]
[[105.00 38.00]
 [51.00 10.00]]
[[28.00 59.00]
 [51.00 10.00]]
[[115.00 102.00]
 [95.00 139.00]]
[[95.00 139.00]
 [10.00 94.00]]
[[28.00 59.00]
 [10.00 94.00]]
#3#
[[0.00 1.00 0.00 0.00 0.00 1.00 0.00 1.00]
 [1.00 0.00 1.00 0.00 0.00 0.00 1.00 0.00]
 [0.00 1.00 0.00 1.00 0.00 0.00 0.00 0.00]
 [0.00 0.00 1.00 0.00 1.00 0.00 0.00 0.00]
 [0.00 0.00 0.00 1.00 0.00 1.00 0.00 0.00]
 [1.00 0.00 0.00 0.00 1.00 0.00 0.00 0.00]
 [0.00 1.00 0.00 0.00 0.00 0.00 0.00 1.00]
 [1.00 0.00 0.00 0.00 0.00 0.00 1.00 0.00]]