#1#
[18.00 37.00]
[114.00 66.00]
[131.00 38.00]
[33.00 10.00]
[106.00 136.00]
[10.00 110.00]
#2#
[[18.00 37.00]
 [114.00 66.00]]
[[114.00 66.00]
 [131.00 38.00]]
[[131.00 38.00]
 [33.00 10.00]]
[[18.00 37.00]
 [33.00 10.00]]
[[114.00 66.00]
 [106.00 136.00]]
[[106.00 136.00]
 [10.00 110.00]]
[[18.00 37.00]
 [10.00 110.00]]
#3#
[[0.00 1.00 0.00 1.00 0.00 1.00]
 [1.00 0.00 1.00 0.00 1.00 0.00]
 [0.00 1.00 0.00 1.00 0.00 0.00]
 [1.00 0.00 1.00 0.00 0.00 0.00]
 [0.00 1.00 0.00 0.00 0.00 1.00]
 [1.00 0.00 0.00 0.00 1.00 0.00]]