#1#
[94.00 71.00]
[92.00 20.00]
[120.00 19.00]
[121.00 71.00]
[91.00 10.00]
[10.00 13.00]
[13.00 88.00]
[95.00 84.00]
#2#
[[94.00 71.00]
 [92.00 20.00]]
[[92.00 20.00]
 [120.00 19.00]]
[[120.00 19.00]
 [121.00 71.00]]
[[94.00 71.00]
 [121.00 71.00]]
[[92.00 20.00]
 [91.00 10.00]]
[[91.00 10.00]
 [10.00 13.00]]
[[10.00 13.00]
 [13.00 88.00]]
[[13.00 88.00]
 [95.00 84.00]]
[[94.00 71.00]
 [95.00 84.00]]
#3#
[[0.00 1.00 0.00 1.00 0.00 0.00 0.00 1.00]
 [1.00 0.00 1.00 0.00 1.00 0.00 0.00 0.00]
 [0.00 1.00 0.00 1.00 0.00 0.00 0.00 0.00]
 [1.00 0.00 1.00 0.00 0.00 0.00 0.00 0.00]
 [0.00 1.00 0.00 0.00 0.00 1.00 0.00 0.00]
 [0.00 0.00 0.00 0.00 1.00 0.00 1.00 0.00]
 [0.00 0.00 0.00 0.00 0.00 1.00 0.00 1.00]
 [1.00 0.00 0.00 0.00 0.00 0.00 1.00 0.00]]