#1#
[138.00 46.00]
[84.00 167.00]
[10.00 131.00]
[62.00 10.00]
[136.00 183.00]
[166.00 116.00]
[149.00 109.00]
[173.00 58.00]
#2#
[[138.00 46.00]
 [84.00 167.00]]
[[84.00 167.00]
 [10.00 131.00]]
[[10.00 131.00]
 [62.00 10.00]]
[[138.00 46.00]
 [62.00 10.00]]
[[84.00 167.00]
 [136.00 183.00]]
[[136.00 183.00]
 [166.00 116.00]]
[[166.00 116.00]
 [149.00 109.00]]
[[149.00 109.00]
 [173.00 58.00]]
[[138.00 46.00]
 [173.00 58.00]]
#3#
[[0.00 1.00 0.00 1.00 0.00 0.00 0.00 1.00]
 [1.00 0.00 1.00 0.00 1.00 0.00 0.00 0.00]
 [0.00 1.00 0.00 1.00 0.00 0.00 0.00 0.00]
 [1.00 0.00 1.00 0.00 0.00 0.00 0.00 0.00]
 [0.00 1.00 0.00 0.00 0.00 1.00 0.00 0.00]
 [0.00 0.00 0.00 0.00 1.00 0.00 1.00 0.00]
 [0.00 0.00 0.00 0.00 0.00 1.00 0.00 1.00]
 [1.00 0.00 0.00 0.00 0.00 0.00 1.00 0.00]]