#1#
[57.00 46.00]
[102.00 10.00]
[342.00 327.00]
[297.00 365.00]
[10.00 78.00]
[249.00 397.00]
#2#
[[57.00 46.00]
 [102.00 10.00]]
[[102.00 10.00]
 [342.00 327.00]]
[[342.00 327.00]
 [297.00 365.00]]
[[57.00 46.00]
 [10.00 78.00]]
[[10.00 78.00]
 [249.00 397.00]]
[[297.00 365.00]
 [249.00 397.00]]
[[57.00 46.00]
 [297.00 365.00]]
#3#
[[0.00 1.00 0.00 1.00 1.00 0.00]
 [1.00 0.00 1.00 0.00 0.00 0.00]
 [0.00 1.00 0.00 1.00 0.00 0.00]
 [1.00 0.00 1.00 0.00 0.00 1.00]
 [1.00 0.00 0.00 0.00 0.00 1.00]
 [0.00 0.00 0.00 1.00 1.00 0.00]]