#1#
[59.00 16.00]
[106.00 10.00]
[121.00 112.00]
[74.00 121.00]
[25.00 128.00]
[10.00 23.00]
#2#
[[59.00 16.00]
 [106.00 10.00]]
[[106.00 10.00]
 [121.00 112.00]]
[[121.00 112.00]
 [74.00 121.00]]
[[74.00 121.00]
 [25.00 128.00]]
[[25.00 128.00]
 [10.00 23.00]]
[[59.00 16.00]
 [10.00 23.00]]
[[59.00 16.00]
 [74.00 121.00]]
#3#
[[0.00 1.00 0.00 1.00 0.00 1.00]
 [1.00 0.00 1.00 0.00 0.00 0.00]
 [0.00 1.00 0.00 1.00 0.00 0.00]
 [1.00 0.00 1.00 0.00 1.00 0.00]
 [0.00 0.00 0.00 1.00 0.00 1.00]
 [1.00 0.00 0.00 0.00 1.00 0.00]]