#1#
[69.00 136.00]
[10.00 135.00]
[13.00 13.00]
[71.00 10.00]
[129.00 14.00]
[127.00 139.00]
#2#
[[69.00 136.00]
 [10.00 135.00]]
[[10.00 135.00]
 [13.00 13.00]]
[[13.00 13.00]
 [71.00 10.00]]
[[69.00 136.00]
 [71.00 10.00]]
[[71.00 10.00]
 [129.00 14.00]]
[[129.00 14.00]
 [127.00 139.00]]
[[69.00 136.00]
 [127.00 139.00]]
#3#
[[0.00 1.00 0.00 1.00 0.00 1.00]
 [1.00 0.00 1.00 0.00 0.00 0.00]
 [0.00 1.00 0.00 1.00 0.00 0.00]
 [1.00 0.00 1.00 0.00 1.00 0.00]
 [0.00 0.00 0.00 1.00 0.00 1.00]
 [1.00 0.00 0.00 0.00 1.00 0.00]]