#1#
[10.00 209.00]
[70.00 10.00]
[136.00 30.00]
[121.00 80.00]
[134.00 84.00]
[128.00 106.00]
[114.00 102.00]
[98.00 157.00]
[142.00 170.00]
[120.00 243.00]
#2#
[[10.00 209.00]
 [70.00 10.00]]
[[70.00 10.00]
 [136.00 30.00]]
[[136.00 30.00]
 [121.00 80.00]]
[[121.00 80.00]
 [134.00 84.00]]
[[134.00 84.00]
 [128.00 106.00]]
[[128.00 106.00]
 [114.00 102.00]]
[[114.00 102.00]
 [98.00 157.00]]
[[142.00 170.00]
 [98.00 157.00]]
[[142.00 170.00]
 [120.00 243.00]]
[[10.00 209.00]
 [120.00 243.00]]
#3#
[[0.00 1.00 0.00 0.00 0.00 0.00 0.00 0.00 0.00 1.00]
 [1.00 0.00 1.00 0.00 0.00 0.00 0.00 0.00 0.00 0.00]
 [0.00 1.00 0.00 1.00 0.00 0.00 0.00 0.00 0.00 0.00]
 [0.00 0.00 1.00 0.00 1.00 0.00 0.00 0.00 0.00 0.00]
 [0.00 0.00 0.00 1.00 0.00 1.00 0.00 0.00 0.00 0.00]
 [0.00 0.00 0.00 0.00 1.00 0.00 1.00 0.00 0.00 0.00]
 [0.00 0.00 0.00 0.00 0.00 1.00 0.00 1.00 0.00 0.00]
 [0.00 0.00 0.00 0.00 0.00 0.00 1.00 0.00 1.00 0.00]
 [0.00 0.00 0.00 0.00 0.00 0.00 0.00 1.00 0.00 1.00]
 [1.00 0.00 0.00 0.00 0.00 0.00 0.00 0.00 1.00 0.00]]