#1#
[386.00 247.00]
[359.00 290.00]
[10.00 106.00]
[38.00 64.00]
[410.00 195.00]
[64.00 10.00]
#2#
[[386.00 247.00]
 [359.00 290.00]]
[[359.00 290.00]
 [10.00 106.00]]
[[10.00 106.00]
 [38.00 64.00]]
[[386.00 247.00]
 [38.00 64.00]]
[[386.00 247.00]
 [410.00 195.00]]
[[410.00 195.00]
 [64.00 10.00]]
[[38.00 64.00]
 [64.00 10.00]]
#3#
[[0.00 1.00 0.00 1.00 1.00 0.00]
 [1.00 0.00 1.00 0.00 0.00 0.00]
 [0.00 1.00 0.00 1.00 0.00 0.00]
 [1.00 0.00 1.00 0.00 0.00 1.00]
 [1.00 0.00 0.00 0.00 0.00 1.00]
 [0.00 0.00 0.00 1.00 1.00 0.00]]