#1#
[23.00 64.00]
[192.00 96.00]
[202.00 43.00]
[33.00 10.00]
[180.00 151.00]
[10.00 121.00]
#2#
[[23.00 64.00]
 [192.00 96.00]]
[[192.00 96.00]
 [202.00 43.00]]
[[202.00 43.00]
 [33.00 10.00]]
[[23.00 64.00]
 [33.00 10.00]]
[[192.00 96.00]
 [180.00 151.00]]
[[180.00 151.00]
 [10.00 121.00]]
[[23.00 64.00]
 [10.00 121.00]]
#3#
[[0.00 1.00 0.00 1.00 0.00 1.00]
 [1.00 0.00 1.00 0.00 1.00 0.00]
 [0.00 1.00 0.00 1.00 0.00 0.00]
 [1.00 0.00 1.00 0.00 0.00 0.00]
 [0.00 1.00 0.00 0.00 0.00 1.00]
 [1.00 0.00 0.00 0.00 1.00 0.00]]