#1#
[78.00 10.00]
[134.00 22.00]
[127.00 146.00]
[71.00 133.00]
[10.00 139.00]
[17.00 16.00]
#2#
[[78.00 10.00]
 [134.00 22.00]]
[[134.00 22.00]
 [127.00 146.00]]
[[127.00 146.00]
 [71.00 133.00]]
[[78.00 10.00]
 [71.00 133.00]]
[[71.00 133.00]
 [10.00 139.00]]
[[10.00 139.00]
 [17.00 16.00]]
[[78.00 10.00]
 [17.00 16.00]]
#3#
[[0.00 1.00 0.00 1.00 0.00 1.00]
 [1.00 0.00 1.00 0.00 0.00 0.00]
 [0.00 1.00 0.00 1.00 0.00 0.00]
 [1.00 0.00 1.00 0.00 1.00 0.00]
 [0.00 0.00 0.00 1.00 0.00 1.00]
 [1.00 0.00 0.00 0.00 1.00 0.00]]