#1#
[19.00 83.00]
[139.00 58.00]
[10.00 34.00]
[129.00 10.00]
[149.00 111.00]
[29.00 132.00]
#2#
[[19.00 83.00]
 [139.00 58.00]]
[[19.00 83.00]
 [10.00 34.00]]
[[10.00 34.00]
 [129.00 10.00]]
[[139.00 58.00]
 [129.00 10.00]]
[[139.00 58.00]
 [149.00 111.00]]
[[149.00 111.00]
 [29.00 132.00]]
[[19.00 83.00]
 [29.00 132.00]]
#3#
[[0.00 1.00 1.00 0.00 0.00 1.00]
 [1.00 0.00 0.00 1.00 1.00 0.00]
 [1.00 0.00 0.00 1.00 0.00 0.00]
 [0.00 1.00 1.00 0.00 0.00 0.00]
 [0.00 1.00 0.00 0.00 0.00 1.00]
 [1.00 0.00 0.00 0.00 1.00 0.00]]