#1#
[119.00 61.00]
[113.00 96.00]
[10.00 70.00]
[17.00 36.00]
[26.00 10.00]
[126.00 35.00]
#2#
[[119.00 61.00]
 [113.00 96.00]]
[[113.00 96.00]
 [10.00 70.00]]
[[10.00 70.00]
 [17.00 36.00]]
[[119.00 61.00]
 [17.00 36.00]]
[[17.00 36.00]
 [26.00 10.00]]
[[26.00 10.00]
 [126.00 35.00]]
[[119.00 61.00]
 [126.00 35.00]]
#3#
[[0.00 1.00 0.00 1.00 0.00 1.00]
 [1.00 0.00 1.00 0.00 0.00 0.00]
 [0.00 1.00 0.00 1.00 0.00 0.00]
 [1.00 0.00 1.00 0.00 1.00 0.00]
 [0.00 0.00 0.00 1.00 0.00 1.00]
 [1.00 0.00 0.00 0.00 1.00 0.00]]