#1#
[70.00 117.00]
[10.00 120.00]
[17.00 14.00]
[76.00 10.00]
[131.00 23.00]
[124.00 128.00]
#2#
[[70.00 117.00]
 [10.00 120.00]]
[[10.00 120.00]
 [17.00 14.00]]
[[17.00 14.00]
 [76.00 10.00]]
[[70.00 117.00]
 [76.00 10.00]]
[[76.00 10.00]
 [131.00 23.00]]
[[131.00 23.00]
 [124.00 128.00]]
[[70.00 117.00]
 [124.00 128.00]]
#3#
[[0.00 1.00 0.00 1.00 0.00 1.00]
 [1.00 0.00 1.00 0.00 0.00 0.00]
 [0.00 1.00 0.00 1.00 0.00 0.00]
 [1.00 0.00 1.00 0.00 1.00 0.00]
 [0.00 0.00 0.00 1.00 0.00 1.00]
 [1.00 0.00 0.00 0.00 1.00 0.00]]