#1#
[113.00 13.00]
[61.00 10.00]
[10.00 369.00]
[62.00 374.00]
[106.00 382.00]
[158.00 23.00]
#2#
[[113.00 13.00]
 [61.00 10.00]]
[[61.00 10.00]
 [10.00 369.00]]
[[10.00 369.00]
 [62.00 374.00]]
[[113.00 13.00]
 [62.00 374.00]]
[[62.00 374.00]
 [106.00 382.00]]
[[106.00 382.00]
 [158.00 23.00]]
[[113.00 13.00]
 [158.00 23.00]]
#3#
[[0.00 1.00 0.00 1.00 0.00 1.00]
 [1.00 0.00 1.00 0.00 0.00 0.00]
 [0.00 1.00 0.00 1.00 0.00 0.00]
 [1.00 0.00 1.00 0.00 1.00 0.00]
 [0.00 0.00 0.00 1.00 0.00 1.00]
 [1.00 0.00 0.00 0.00 1.00 0.00]]