#1#
[32.00 58.00]
[54.00 10.00]
[213.50 90.00]
[191.00 141.00]
[169.00 179.00]
[10.00 97.00]
#2#
[[32.00 58.00]
 [54.00 10.00]]
[[54.00 10.00]
 [213.50 90.00]]
[[32.00 58.00]
 [191.00 141.00]]
[[213.50 90.00]
 [191.00 141.00]]
[[191.00 141.00]
 [169.00 179.00]]
[[169.00 179.00]
 [10.00 97.00]]
[[32.00 58.00]
 [10.00 97.00]]
#3#
[[0.00 1.00 0.00 1.00 0.00 1.00]
 [1.00 0.00 1.00 0.00 0.00 0.00]
 [0.00 1.00 0.00 1.00 0.00 0.00]
 [1.00 0.00 1.00 0.00 1.00 0.00]
 [0.00 0.00 0.00 1.00 0.00 1.00]
 [1.00 0.00 0.00 0.00 1.00 0.00]]