#1#
[123.00 66.00]
[36.00 122.00]
[161.00 125.00]
[110.00 160.00]
[95.00 139.00]
[61.00 162.00]
[10.00 83.00]
[49.00 57.00]
[38.00 41.00]
[86.00 10.00]
#2#
[[123.00 66.00]
 [36.00 122.00]]
[[123.00 66.00]
 [161.00 125.00]]
[[161.00 125.00]
 [110.00 160.00]]
[[110.00 160.00]
 [95.00 139.00]]
[[95.00 139.00]
 [61.00 162.00]]
[[36.00 122.00]
 [61.00 162.00]]
[[36.00 122.00]
 [10.00 83.00]]
[[10.00 83.00]
 [49.00 57.00]]
[[38.00 41.00]
 [49.00 57.00]]
[[38.00 41.00]
 [86.00 10.00]]
[[123.00 66.00]
 [86.00 10.00]]
#3#
[[0.00 1.00 1.00 0.00 0.00 0.00 0.00 0.00 0.00 1.00]
 [1.00 0.00 0.00 0.00 0.00 1.00 1.00 0.00 0.00 0.00]
 [1.00 0.00 0.00 1.00 0.00 0.00 0.00 0.00 0.00 0.00]
 [0.00 0.00 1.00 0.00 1.00 0.00 0.00 0.00 0.00 0.00]
 [0.00 0.00 0.00 1.00 0.00 1.00 0.00 0.00 0.00 0.00]
 [0.00 1.00 0.00 0.00 1.00 0.00 0.00 0.00 0.00 0.00]
 [0.00 1.00 0.00 0.00 0.00 0.00 0.00 1.00 0.00 0.00]
 [0.00 0.00 0.00 0.00 0.00 0.00 1.00 0.00 1.00 0.00]
 [0.00 0.00 0.00 0.00 0.00 0.00 0.00 1.00 0.00 1.00]
 [1.00 0.00 0.00 0.00 0.00 0.00 0.00 0.00 1.00 0.00]]