#1#
[51.00 327.00]
[90.00 371.00]
[372.00 92.00]
[333.00 45.00]
[10.00 291.00]
[290.00 10.00]
#2#
[[51.00 327.00]
 [90.00 371.00]]
[[90.00 371.00]
 [372.00 92.00]]
[[372.00 92.00]
 [333.00 45.00]]
[[51.00 327.00]
 [10.00 291.00]]
[[10.00 291.00]
 [290.00 10.00]]
[[333.00 45.00]
 [290.00 10.00]]
[[51.00 327.00]
 [333.00 45.00]]
#3#
[[0.00 1.00 0.00 1.00 1.00 0.00]
 [1.00 0.00 1.00 0.00 0.00 0.00]
 [0.00 1.00 0.00 1.00 0.00 0.00]
 [1.00 0.00 1.00 0.00 0.00 1.00]
 [1.00 0.00 0.00 0.00 0.00 1.00]
 [0.00 0.00 0.00 1.00 1.00 0.00]]