#1#
[352.00 60.00]
[331.00 10.00]
[10.00 102.00]
[30.00 165.00]
[47.00 219.00]
[368.00 117.00]
#2#
[[352.00 60.00]
 [331.00 10.00]]
[[331.00 10.00]
 [10.00 102.00]]
[[10.00 102.00]
 [30.00 165.00]]
[[352.00 60.00]
 [30.00 165.00]]
[[30.00 165.00]
 [47.00 219.00]]
[[47.00 219.00]
 [368.00 117.00]]
[[352.00 60.00]
 [368.00 117.00]]
#3#
[[0.00 1.00 0.00 1.00 0.00 1.00]
 [1.00 0.00 1.00 0.00 0.00 0.00]
 [0.00 1.00 0.00 1.00 0.00 0.00]
 [1.00 0.00 1.00 0.00 1.00 0.00]
 [0.00 0.00 0.00 1.00 0.00 1.00]
 [1.00 0.00 0.00 0.00 1.00 0.00]]