#1#
[142.00 56.00]
[158.00 103.00]
[45.00 145.00]
[26.00 97.00]
[10.00 51.00]
[126.00 10.00]
#2#
[[142.00 56.00]
 [158.00 103.00]]
[[158.00 103.00]
 [45.00 145.00]]
[[45.00 145.00]
 [26.00 97.00]]
[[26.00 97.00]
 [10.00 51.00]]
[[10.00 51.00]
 [126.00 10.00]]
[[142.00 56.00]
 [126.00 10.00]]
[[142.00 56.00]
 [26.00 97.00]]
#3#
[[0.00 1.00 0.00 1.00 0.00 1.00]
 [1.00 0.00 1.00 0.00 0.00 0.00]
 [0.00 1.00 0.00 1.00 0.00 0.00]
 [1.00 0.00 1.00 0.00 1.00 0.00]
 [0.00 0.00 0.00 1.00 0.00 1.00]
 [1.00 0.00 0.00 0.00 1.00 0.00]]