#1#
[11.00 57.00]
[10.00 131.00]
[158.00 131.00]
[163.00 59.00]
[160.00 12.00]
[11.00 10.00]
#2#
[[11.00 57.00]
 [10.00 131.00]]
[[10.00 131.00]
 [158.00 131.00]]
[[158.00 131.00]
 [163.00 59.00]]
[[11.00 57.00]
 [163.00 59.00]]
[[163.00 59.00]
 [160.00 12.00]]
[[160.00 12.00]
 [11.00 10.00]]
[[11.00 57.00]
 [11.00 10.00]]
#3#
[[0.00 1.00 0.00 1.00 0.00 1.00]
 [1.00 0.00 1.00 0.00 0.00 0.00]
 [0.00 1.00 0.00 1.00 0.00 0.00]
 [1.00 0.00 1.00 0.00 1.00 0.00]
 [0.00 0.00 0.00 1.00 0.00 1.00]
 [1.00 0.00 0.00 0.00 1.00 0.00]]