#1#
[143.00 88.00]
[155.00 40.00]
[36.00 10.00]
[22.00 59.00]
[10.00 108.00]
[132.00 137.00]
#2#
[[143.00 88.00]
 [155.00 40.00]]
[[155.00 40.00]
 [36.00 10.00]]
[[36.00 10.00]
 [22.00 59.00]]
[[22.00 59.00]
 [10.00 108.00]]
[[10.00 108.00]
 [132.00 137.00]]
[[143.00 88.00]
 [132.00 137.00]]
[[143.00 88.00]
 [22.00 59.00]]
#3#
[[0.00 1.00 0.00 1.00 0.00 1.00]
 [1.00 0.00 1.00 0.00 0.00 0.00]
 [0.00 1.00 0.00 1.00 0.00 0.00]
 [1.00 0.00 1.00 0.00 1.00 0.00]
 [0.00 0.00 0.00 1.00 0.00 1.00]
 [1.00 0.00 0.00 0.00 1.00 0.00]]