#1#
[10.00 38.00]
[130.00 10.00]
[154.00 113.00]
[32.00 141.00]
[65.00 81.00]
[99.00 74.00]
#2#
[[10.00 38.00]
 [130.00 10.00]]
[[130.00 10.00]
 [154.00 113.00]]
[[154.00 113.00]
 [32.00 141.00]]
[[32.00 141.00]
 [65.00 81.00]]
[[65.00 81.00]
 [99.00 74.00]]
[[154.00 113.00]
 [99.00 74.00]]
[[154.00 113.00]
 [32.00 141.00]]
[[10.00 38.00]
 [32.00 141.00]]
[[10.00 38.00]
 [65.00 81.00]]
[[65.00 81.00]
 [99.00 74.00]]
[[130.00 10.00]
 [99.00 74.00]]
#3#
[[0.00 1.00 0.00 1.00 1.00 0.00]
 [1.00 0.00 1.00 0.00 0.00 1.00]
 [0.00 1.00 0.00 1.00 0.00 1.00]
 [1.00 0.00 1.00 0.00 1.00 0.00]
 [1.00 0.00 0.00 1.00 0.00 1.00]
 [0.00 1.00 1.00 0.00 1.00 0.00]]