#1#
[173.00 60.00]
[162.00 10.00]
[10.00 46.00]
[21.00 94.00]
[33.00 143.00]
[185.00 108.00]
#2#
[[173.00 60.00]
 [162.00 10.00]]
[[162.00 10.00]
 [10.00 46.00]]
[[10.00 46.00]
 [21.00 94.00]]
[[173.00 60.00]
 [21.00 94.00]]
[[21.00 94.00]
 [33.00 143.00]]
[[33.00 143.00]
 [185.00 108.00]]
[[173.00 60.00]
 [185.00 108.00]]
#3#
[[0.00 1.00 0.00 1.00 0.00 1.00]
 [1.00 0.00 1.00 0.00 0.00 0.00]
 [0.00 1.00 0.00 1.00 0.00 0.00]
 [1.00 0.00 1.00 0.00 1.00 0.00]
 [0.00 0.00 0.00 1.00 0.00 1.00]
 [1.00 0.00 0.00 0.00 1.00 0.00]]