#1#
[22.00 57.00]
[144.00 86.00]
[10.00 121.00]
[127.00 148.00]
[155.00 38.00]
[33.00 10.00]
#2#
[[22.00 57.00]
 [144.00 86.00]]
[[22.00 57.00]
 [10.00 121.00]]
[[10.00 121.00]
 [127.00 148.00]]
[[144.00 86.00]
 [127.00 148.00]]
[[144.00 86.00]
 [155.00 38.00]]
[[155.00 38.00]
 [33.00 10.00]]
[[22.00 57.00]
 [33.00 10.00]]
#3#
[[0.00 1.00 1.00 0.00 0.00 1.00]
 [1.00 0.00 0.00 1.00 1.00 0.00]
 [1.00 0.00 0.00 1.00 0.00 0.00]
 [0.00 1.00 1.00 0.00 0.00 0.00]
 [0.00 1.00 0.00 0.00 0.00 1.00]
 [1.00 0.00 0.00 0.00 1.00 0.00]]