#1#
[66.00 30.00]
[123.00 10.00]
[162.00 139.00]
[106.00 160.00]
[10.00 47.00]
[47.00 175.00]
#2#
[[66.00 30.00]
 [123.00 10.00]]
[[123.00 10.00]
 [162.00 139.00]]
[[162.00 139.00]
 [106.00 160.00]]
[[66.00 30.00]
 [106.00 160.00]]
[[66.00 30.00]
 [10.00 47.00]]
[[10.00 47.00]
 [47.00 175.00]]
[[106.00 160.00]
 [47.00 175.00]]
#3#
[[0.00 1.00 0.00 1.00 1.00 0.00]
 [1.00 0.00 1.00 0.00 0.00 0.00]
 [0.00 1.00 0.00 1.00 0.00 0.00]
 [1.00 0.00 1.00 0.00 0.00 1.00]
 [1.00 0.00 0.00 0.00 0.00 1.00]
 [0.00 0.00 0.00 1.00 1.00 0.00]]