#1#
[371.00 302.00]
[285.00 473.00]
[10.00 334.00]
[98.00 163.00]
[175.00 10.00]
[449.00 146.00]
#2#
[[371.00 302.00]
 [285.00 473.00]]
[[285.00 473.00]
 [10.00 334.00]]
[[10.00 334.00]
 [98.00 163.00]]
[[98.00 163.00]
 [175.00 10.00]]
[[175.00 10.00]
 [449.00 146.00]]
[[371.00 302.00]
 [449.00 146.00]]
[[371.00 302.00]
 [98.00 163.00]]
#3#
[[0.00 1.00 0.00 1.00 0.00 1.00]
 [1.00 0.00 1.00 0.00 0.00 0.00]
 [0.00 1.00 0.00 1.00 0.00 0.00]
 [1.00 0.00 1.00 0.00 1.00 0.00]
 [0.00 0.00 0.00 1.00 0.00 1.00]
 [1.00 0.00 0.00 0.00 1.00 0.00]]