#1#
[209.00 66.00]
[250.00 119.00]
[98.00 245.00]
[56.00 190.00]
[10.00 134.00]
[166.00 10.00]
#2#
[[209.00 66.00]
 [250.00 119.00]]
[[250.00 119.00]
 [98.00 245.00]]
[[98.00 245.00]
 [56.00 190.00]]
[[209.00 66.00]
 [56.00 190.00]]
[[56.00 190.00]
 [10.00 134.00]]
[[10.00 134.00]
 [166.00 10.00]]
[[209.00 66.00]
 [166.00 10.00]]
#3#
[[0.00 1.00 0.00 1.00 0.00 1.00]
 [1.00 0.00 1.00 0.00 0.00 0.00]
 [0.00 1.00 0.00 1.00 0.00 0.00]
 [1.00 0.00 1.00 0.00 1.00 0.00]
 [0.00 0.00 0.00 1.00 0.00 1.00]
 [1.00 0.00 0.00 0.00 1.00 0.00]]