#1#
[65.00 26.00]
[10.00 24.00]
[21.00 131.00]
[75.00 132.00]
[129.00 119.00]
[119.00 10.00]
#2#
[[65.00 26.00]
 [10.00 24.00]]
[[10.00 24.00]
 [21.00 131.00]]
[[21.00 131.00]
 [75.00 132.00]]
[[65.00 26.00]
 [75.00 132.00]]
[[75.00 132.00]
 [129.00 119.00]]
[[129.00 119.00]
 [119.00 10.00]]
[[65.00 26.00]
 [119.00 10.00]]
#3#
[[0.00 1.00 0.00 1.00 0.00 1.00]
 [1.00 0.00 1.00 0.00 0.00 0.00]
 [0.00 1.00 0.00 1.00 0.00 0.00]
 [1.00 0.00 1.00 0.00 1.00 0.00]
 [0.00 0.00 0.00 1.00 0.00 1.00]
 [1.00 0.00 0.00 0.00 1.00 0.00]]