#1#
[102.00 10.00]
[10.00 27.00]
[79.00 54.00]
[21.00 90.00]
[47.00 60.00]
[114.00 72.00]
#2#
[[102.00 10.00]
 [10.00 27.00]]
[[102.00 10.00]
 [79.00 54.00]]
[[10.00 27.00]
 [21.00 90.00]]
[[79.00 54.00]
 [47.00 60.00]]
[[79.00 54.00]
 [114.00 72.00]]
[[10.00 27.00]
 [47.00 60.00]]
[[102.00 10.00]
 [114.00 72.00]]
[[21.00 90.00]
 [47.00 60.00]]
[[21.00 90.00]
 [114.00 72.00]]
#3#
[[0.00 1.00 1.00 0.00 0.00 1.00]
 [1.00 0.00 0.00 1.00 1.00 0.00]
 [1.00 0.00 0.00 0.00 1.00 1.00]
 [0.00 1.00 0.00 0.00 1.00 1.00]
 [0.00 1.00 1.00 1.00 0.00 0.00]
 [1.00 0.00 1.00 1.00 0.00 0.00]]