#1#
[126.00 52.00]
[29.00 95.00]
[145.00 98.00]
[49.00 141.00]
[10.00 50.00]
[105.00 10.00]
#2#
[[126.00 52.00]
 [29.00 95.00]]
[[126.00 52.00]
 [145.00 98.00]]
[[145.00 98.00]
 [49.00 141.00]]
[[29.00 95.00]
 [49.00 141.00]]
[[29.00 95.00]
 [10.00 50.00]]
[[10.00 50.00]
 [105.00 10.00]]
[[126.00 52.00]
 [105.00 10.00]]
#3#
[[0.00 1.00 1.00 0.00 0.00 1.00]
 [1.00 0.00 0.00 1.00 1.00 0.00]
 [1.00 0.00 0.00 1.00 0.00 0.00]
 [0.00 1.00 1.00 0.00 0.00 0.00]
 [0.00 1.00 0.00 0.00 0.00 1.00]
 [1.00 0.00 0.00 0.00 1.00 0.00]]