#1#
[109.00 144.00]
[61.00 165.00]
[10.00 54.00]
[64.00 31.00]
[119.00 10.00]
[164.00 122.00]
#2#
[[109.00 144.00]
 [61.00 165.00]]
[[61.00 165.00]
 [10.00 54.00]]
[[10.00 54.00]
 [64.00 31.00]]
[[64.00 31.00]
 [119.00 10.00]]
[[119.00 10.00]
 [164.00 122.00]]
[[109.00 144.00]
 [164.00 122.00]]
[[109.00 144.00]
 [64.00 31.00]]
#3#
[[0.00 1.00 0.00 1.00 0.00 1.00]
 [1.00 0.00 1.00 0.00 0.00 0.00]
 [0.00 1.00 0.00 1.00 0.00 0.00]
 [1.00 0.00 1.00 0.00 1.00 0.00]
 [0.00 0.00 0.00 1.00 0.00 1.00]
 [1.00 0.00 0.00 0.00 1.00 0.00]]