#1#
[157.00 58.00]
[153.00 10.00]
[10.00 19.00]
[12.00 65.00]
[14.00 133.00]
[160.00 126.00]
#2#
[[157.00 58.00]
 [153.00 10.00]]
[[153.00 10.00]
 [10.00 19.00]]
[[10.00 19.00]
 [12.00 65.00]]
[[157.00 58.00]
 [12.00 65.00]]
[[12.00 65.00]
 [14.00 133.00]]
[[14.00 133.00]
 [160.00 126.00]]
[[157.00 58.00]
 [160.00 126.00]]
#3#
[[0.00 1.00 0.00 1.00 0.00 1.00]
 [1.00 0.00 1.00 0.00 0.00 0.00]
 [0.00 1.00 0.00 1.00 0.00 0.00]
 [1.00 0.00 1.00 0.00 1.00 0.00]
 [0.00 0.00 0.00 1.00 0.00 1.00]
 [1.00 0.00 0.00 0.00 1.00 0.00]]