#1#
[45.00 30.00]
[118.00 103.00]
[10.00 79.00]
[83.00 152.00]
[153.00 86.00]
[80.00 10.00]
#2#
[[45.00 30.00]
 [118.00 103.00]]
[[45.00 30.00]
 [10.00 79.00]]
[[10.00 79.00]
 [83.00 152.00]]
[[118.00 103.00]
 [83.00 152.00]]
[[118.00 103.00]
 [153.00 86.00]]
[[153.00 86.00]
 [80.00 10.00]]
[[45.00 30.00]
 [80.00 10.00]]
#3#
[[0.00 1.00 1.00 0.00 0.00 1.00]
 [1.00 0.00 0.00 1.00 1.00 0.00]
 [1.00 0.00 0.00 1.00 0.00 0.00]
 [0.00 1.00 1.00 0.00 0.00 0.00]
 [0.00 1.00 0.00 0.00 0.00 1.00]
 [1.00 0.00 0.00 0.00 1.00 0.00]]