#1#
[57.00 10.00]
[77.00 156.00]
[10.00 24.00]
[31.00 169.00]
[104.00 11.00]
[125.00 155.00]
[146.00 300.00]
[98.00 300.00]
[50.00 305.00]
#2#
[[57.00 10.00]
 [77.00 156.00]]
[[57.00 10.00]
 [10.00 24.00]]
[[10.00 24.00]
 [31.00 169.00]]
[[57.00 10.00]
 [104.00 11.00]]
[[104.00 11.00]
 [125.00 155.00]]
[[125.00 155.00]
 [146.00 300.00]]
[[146.00 300.00]
 [98.00 300.00]]
[[77.00 156.00]
 [125.00 155.00]]
[[77.00 156.00]
 [98.00 300.00]]
[[77.00 156.00]
 [31.00 169.00]]
[[50.00 305.00]
 [31.00 169.00]]
[[50.00 305.00]
 [98.00 300.00]]
#3#
[[0.00 1.00 1.00 0.00 1.00 0.00 0.00 0.00 0.00]
 [1.00 0.00 0.00 1.00 0.00 1.00 0.00 1.00 0.00]
 [1.00 0.00 0.00 1.00 0.00 0.00 0.00 0.00 0.00]
 [0.00 1.00 1.00 0.00 0.00 0.00 0.00 0.00 1.00]
 [1.00 0.00 0.00 0.00 0.00 1.00 0.00 0.00 0.00]
 [0.00 1.00 0.00 0.00 1.00 0.00 1.00 0.00 0.00]
 [0.00 0.00 0.00 0.00 0.00 1.00 0.00 1.00 0.00]
 [0.00 1.00 0.00 0.00 0.00 0.00 1.00 0.00 1.00]
 [0.00 0.00 0.00 1.00 0.00 0.00 0.00 1.00 0.00]]