#1#
[67.00 35.00]
[184.00 265.00]
[127.00 296.00]
[10.00 69.00]
[118.00 10.00]
[237.00 240.00]
#2#
[[67.00 35.00]
 [184.00 265.00]]
[[184.00 265.00]
 [127.00 296.00]]
[[127.00 296.00]
 [10.00 69.00]]
[[67.00 35.00]
 [10.00 69.00]]
[[67.00 35.00]
 [118.00 10.00]]
[[118.00 10.00]
 [237.00 240.00]]
[[184.00 265.00]
 [237.00 240.00]]
#3#
[[0.00 1.00 0.00 1.00 1.00 0.00]
 [1.00 0.00 1.00 0.00 0.00 1.00]
 [0.00 1.00 0.00 1.00 0.00 0.00]
 [1.00 0.00 1.00 0.00 0.00 0.00]
 [1.00 0.00 0.00 0.00 0.00 1.00]
 [0.00 1.00 0.00 0.00 1.00 0.00]]