#1#
[133.00 86.00]
[126.00 130.00]
[10.00 122.00]
[17.00 78.00]
[22.00 10.00]
[131.00 17.00]
#2#
[[133.00 86.00]
 [126.00 130.00]]
[[126.00 130.00]
 [10.00 122.00]]
[[10.00 122.00]
 [17.00 78.00]]
[[133.00 86.00]
 [17.00 78.00]]
[[17.00 78.00]
 [22.00 10.00]]
[[22.00 10.00]
 [131.00 17.00]]
[[133.00 86.00]
 [131.00 17.00]]
#3#
[[0.00 1.00 0.00 1.00 0.00 1.00]
 [1.00 0.00 1.00 0.00 0.00 0.00]
 [0.00 1.00 0.00 1.00 0.00 0.00]
 [1.00 0.00 1.00 0.00 1.00 0.00]
 [0.00 0.00 0.00 1.00 0.00 1.00]
 [1.00 0.00 0.00 0.00 1.00 0.00]]