#1#
[128.00 65.00]
[110.00 10.00]
[10.00 46.00]
[27.00 101.00]
[42.00 133.00]
[81.00 121.00]
[114.00 109.00]
[105.00 86.00]
[141.00 101.00]
[71.00 98.00]
#2#
[[128.00 65.00]
 [110.00 10.00]]
[[110.00 10.00]
 [10.00 46.00]]
[[10.00 46.00]
 [27.00 101.00]]
[[128.00 65.00]
 [27.00 101.00]]
[[27.00 101.00]
 [42.00 133.00]]
[[42.00 133.00]
 [81.00 121.00]]
[[114.00 109.00]
 [105.00 86.00]]
[[141.00 101.00]
 [114.00 109.00]]
[[141.00 101.00]
 [128.00 65.00]]
[[71.00 98.00]
 [81.00 121.00]]
[[81.00 121.00]
 [114.00 109.00]]
#3#
[[0.00 1.00 0.00 1.00 0.00 0.00 0.00 0.00 1.00 0.00]
 [1.00 0.00 1.00 0.00 0.00 0.00 0.00 0.00 0.00 0.00]
 [0.00 1.00 0.00 1.00 0.00 0.00 0.00 0.00 0.00 0.00]
 [1.00 0.00 1.00 0.00 1.00 0.00 0.00 0.00 0.00 0.00]
 [0.00 0.00 0.00 1.00 0.00 1.00 0.00 0.00 0.00 0.00]
 [0.00 0.00 0.00 0.00 1.00 0.00 1.00 0.00 0.00 1.00]
 [0.00 0.00 0.00 0.00 0.00 1.00 0.00 1.00 1.00 0.00]
 [0.00 0.00 0.00 0.00 0.00 0.00 1.00 0.00 0.00 0.00]
 [1.00 0.00 0.00 0.00 0.00 0.00 1.00 0.00 0.00 0.00]
 [0.00 0.00 0.00 0.00 0.00 1.00 0.00 0.00 0.00 0.00]]