#1#
[134.00 89.00]
[117.00 155.00]
[10.00 113.00]
[29.00 45.00]
[99.00 88.00]
[89.00 128.00]
[44.00 112.00]
[50.00 10.00]
[124.00 39.00]
[122.00 44.00]
[155.00 56.00]
#2#
[[134.00 89.00]
 [117.00 155.00]]
[[117.00 155.00]
 [10.00 113.00]]
[[10.00 113.00]
 [29.00 45.00]]
[[99.00 88.00]
 [89.00 128.00]]
[[89.00 128.00]
 [44.00 112.00]]
[[134.00 89.00]
 [29.00 45.00]]
[[29.00 45.00]
 [50.00 10.00]]
[[124.00 39.00]
 [50.00 10.00]]
[[124.00 39.00]
 [122.00 44.00]]
[[122.00 44.00]
 [155.00 56.00]]
[[134.00 89.00]
 [155.00 56.00]]
#3#
[[0.00 1.00 0.00 1.00 0.00 0.00 0.00 0.00 0.00 0.00 1.00]
 [1.00 0.00 1.00 0.00 0.00 0.00 0.00 0.00 0.00 0.00 0.00]
 [0.00 1.00 0.00 1.00 0.00 0.00 0.00 0.00 0.00 0.00 0.00]
 [1.00 0.00 1.00 0.00 0.00 0.00 0.00 1.00 0.00 0.00 0.00]
 [0.00 0.00 0.00 0.00 0.00 1.00 0.00 0.00 0.00 0.00 0.00]
 [0.00 0.00 0.00 0.00 1.00 0.00 1.00 0.00 0.00 0.00 0.00]
 [0.00 0.00 0.00 0.00 0.00 1.00 0.00 0.00 0.00 0.00 0.00]
 [0.00 0.00 0.00 1.00 0.00 0.00 0.00 0.00 1.00 0.00 0.00]
 [0.00 0.00 0.00 0.00 0.00 0.00 0.00 1.00 0.00 1.00 0.00]
 [0.00 0.00 0.00 0.00 0.00 0.00 0.00 0.00 1.00 0.00 1.00]
 [1.00 0.00 0.00 0.00 0.00 0.00 0.00 0.00 0.00 1.00 0.00]]