#1#
[404.00 10.00]
[396.00 77.00]
[456.00 110.00]
[69.00 238.00]
[59.00 302.00]
[10.00 202.00]
#2#
[[404.00 10.00]
 [396.00 77.00]]
[[404.00 10.00]
 [456.00 110.00]]
[[396.00 77.00]
 [69.00 238.00]]
[[396.00 77.00]
 [456.00 110.00]]
[[456.00 110.00]
 [59.00 302.00]]
[[404.00 10.00]
 [10.00 202.00]]
[[59.00 302.00]
 [10.00 202.00]]
[[69.00 238.00]
 [10.00 202.00]]
[[69.00 238.00]
 [59.00 302.00]]
#3#
[[0.00 1.00 1.00 0.00 0.00 1.00]
 [1.00 0.00 1.00 1.00 0.00 0.00]
 [1.00 1.00 0.00 0.00 1.00 0.00]
 [0.00 1.00 0.00 0.00 1.00 1.00]
 [0.00 0.00 1.00 1.00 0.00 1.00]
 [1.00 0.00 0.00 1.00 1.00 0.00]]