#1#
[109.00 10.00]
[10.00 32.00]
[130.00 95.00]
[48.00 88.00]
[29.00 119.00]
[91.00 79.00]
#2#
[[109.00 10.00]
 [10.00 32.00]]
[[109.00 10.00]
 [130.00 95.00]]
[[10.00 32.00]
 [48.00 88.00]]
[[10.00 32.00]
 [29.00 119.00]]
[[109.00 10.00]
 [91.00 79.00]]
[[48.00 88.00]
 [91.00 79.00]]
[[130.00 95.00]
 [91.00 79.00]]
[[48.00 88.00]
 [29.00 119.00]]
[[130.00 95.00]
 [29.00 119.00]]
#3#
[[0.00 1.00 1.00 0.00 0.00 1.00]
 [1.00 0.00 0.00 1.00 1.00 0.00]
 [1.00 0.00 0.00 0.00 1.00 1.00]
 [0.00 1.00 0.00 0.00 1.00 1.00]
 [0.00 1.00 1.00 1.00 0.00 0.00]
 [1.00 0.00 1.00 1.00 0.00 0.00]]