#1#
[117.00 39.00]
[106.00 10.00]
[10.00 39.00]
[23.00 70.00]
[127.00 79.00]
[33.00 109.00]
#2#
[[117.00 39.00]
 [106.00 10.00]]
[[106.00 10.00]
 [10.00 39.00]]
[[10.00 39.00]
 [23.00 70.00]]
[[117.00 39.00]
 [23.00 70.00]]
[[117.00 39.00]
 [127.00 79.00]]
[[127.00 79.00]
 [33.00 109.00]]
[[23.00 70.00]
 [33.00 109.00]]
#3#
[[0.00 1.00 0.00 1.00 1.00 0.00]
 [1.00 0.00 1.00 0.00 0.00 0.00]
 [0.00 1.00 0.00 1.00 0.00 0.00]
 [1.00 0.00 1.00 0.00 0.00 1.00]
 [1.00 0.00 0.00 0.00 0.00 1.00]
 [0.00 0.00 0.00 1.00 1.00 0.00]]