#1#
[80.00 154.00]
[134.00 139.00]
[119.00 10.00]
[65.00 22.00]
[10.00 22.00]
[22.00 152.00]
#2#
[[80.00 154.00]
 [134.00 139.00]]
[[134.00 139.00]
 [119.00 10.00]]
[[119.00 10.00]
 [65.00 22.00]]
[[65.00 22.00]
 [10.00 22.00]]
[[10.00 22.00]
 [22.00 152.00]]
[[80.00 154.00]
 [22.00 152.00]]
[[80.00 154.00]
 [65.00 22.00]]
#3#
[[0.00 1.00 0.00 1.00 0.00 1.00]
 [1.00 0.00 1.00 0.00 0.00 0.00]
 [0.00 1.00 0.00 1.00 0.00 0.00]
 [1.00 0.00 1.00 0.00 1.00 0.00]
 [0.00 0.00 0.00 1.00 0.00 1.00]
 [1.00 0.00 0.00 0.00 1.00 0.00]]