#1#
[57.00 45.00]
[80.00 70.00]
[56.00 95.00]
[33.00 73.00]
[111.00 50.00]
[149.00 73.00]
[82.00 148.00]
[47.00 123.00]
[10.00 84.00]
[74.00 10.00]
#2#
[[57.00 45.00]
 [80.00 70.00]]
[[80.00 70.00]
 [56.00 95.00]]
[[56.00 95.00]
 [33.00 73.00]]
[[57.00 45.00]
 [33.00 73.00]]
[[111.00 50.00]
 [149.00 73.00]]
[[149.00 73.00]
 [82.00 148.00]]
[[82.00 148.00]
 [47.00 123.00]]
[[111.00 50.00]
 [47.00 123.00]]
[[10.00 84.00]
 [47.00 123.00]]
[[10.00 84.00]
 [74.00 10.00]]
[[74.00 10.00]
 [111.00 50.00]]
#3#
[[0.00 1.00 0.00 1.00 0.00 0.00 0.00 0.00 0.00 0.00]
 [1.00 0.00 1.00 0.00 0.00 0.00 0.00 0.00 0.00 0.00]
 [0.00 1.00 0.00 1.00 0.00 0.00 0.00 0.00 0.00 0.00]
 [1.00 0.00 1.00 0.00 0.00 0.00 0.00 0.00 0.00 0.00]
 [0.00 0.00 0.00 0.00 0.00 1.00 0.00 1.00 0.00 1.00]
 [0.00 0.00 0.00 0.00 1.00 0.00 1.00 0.00 0.00 0.00]
 [0.00 0.00 0.00 0.00 0.00 1.00 0.00 1.00 0.00 0.00]
 [0.00 0.00 0.00 0.00 1.00 0.00 1.00 0.00 1.00 0.00]
 [0.00 0.00 0.00 0.00 0.00 0.00 0.00 1.00 0.00 1.00]
 [0.00 0.00 0.00 0.00 1.00 0.00 0.00 0.00 1.00 0.00]]