#1#
[87.00 217.00]
[74.00 22.00]
[143.00 206.00]
[129.00 10.00]
[17.00 17.00]
[19.00 41.00]
[10.00 42.00]
[17.00 130.00]
[25.00 131.00]
[30.00 213.00]
#2#
[[87.00 217.00]
 [74.00 22.00]]
[[87.00 217.00]
 [143.00 206.00]]
[[143.00 206.00]
 [129.00 10.00]]
[[74.00 22.00]
 [129.00 10.00]]
[[74.00 22.00]
 [17.00 17.00]]
[[17.00 17.00]
 [19.00 41.00]]
[[19.00 41.00]
 [10.00 42.00]]
[[10.00 42.00]
 [17.00 130.00]]
[[25.00 131.00]
 [17.00 130.00]]
[[25.00 131.00]
 [30.00 213.00]]
[[87.00 217.00]
 [30.00 213.00]]
#3#
[[0.00 1.00 1.00 0.00 0.00 0.00 0.00 0.00 0.00 1.00]
 [1.00 0.00 0.00 1.00 1.00 0.00 0.00 0.00 0.00 0.00]
 [1.00 0.00 0.00 1.00 0.00 0.00 0.00 0.00 0.00 0.00]
 [0.00 1.00 1.00 0.00 0.00 0.00 0.00 0.00 0.00 0.00]
 [0.00 1.00 0.00 0.00 0.00 1.00 0.00 0.00 0.00 0.00]
 [0.00 0.00 0.00 0.00 1.00 0.00 1.00 0.00 0.00 0.00]
 [0.00 0.00 0.00 0.00 0.00 1.00 0.00 1.00 0.00 0.00]
 [0.00 0.00 0.00 0.00 0.00 0.00 1.00 0.00 1.00 0.00]
 [0.00 0.00 0.00 0.00 0.00 0.00 0.00 1.00 0.00 1.00]
 [1.00 0.00 0.00 0.00 0.00 0.00 0.00 0.00 1.00 0.00]]