#1#
[180.00 64.00]
[160.00 10.00]
[10.00 68.00]
[32.00 122.00]
[55.00 182.00]
[202.00 123.00]
#2#
[[180.00 64.00]
 [160.00 10.00]]
[[160.00 10.00]
 [10.00 68.00]]
[[10.00 68.00]
 [32.00 122.00]]
[[180.00 64.00]
 [32.00 122.00]]
[[32.00 122.00]
 [55.00 182.00]]
[[55.00 182.00]
 [202.00 123.00]]
[[180.00 64.00]
 [202.00 123.00]]
#3#
[[0.00 1.00 0.00 1.00 0.00 1.00]
 [1.00 0.00 1.00 0.00 0.00 0.00]
 [0.00 1.00 0.00 1.00 0.00 0.00]
 [1.00 0.00 1.00 0.00 1.00 0.00]
 [0.00 0.00 0.00 1.00 0.00 1.00]
 [1.00 0.00 0.00 0.00 1.00 0.00]]