#1#
[11.00 53.00]
[16.00 10.00]
[128.00 19.00]
[126.00 62.00]
[121.00 114.00]
[10.00 104.00]
#2#
[[11.00 53.00]
 [16.00 10.00]]
[[16.00 10.00]
 [128.00 19.00]]
[[128.00 19.00]
 [126.00 62.00]]
[[11.00 53.00]
 [126.00 62.00]]
[[126.00 62.00]
 [121.00 114.00]]
[[121.00 114.00]
 [10.00 104.00]]
[[11.00 53.00]
 [10.00 104.00]]
#3#
[[0.00 1.00 0.00 1.00 0.00 1.00]
 [1.00 0.00 1.00 0.00 0.00 0.00]
 [0.00 1.00 0.00 1.00 0.00 0.00]
 [1.00 0.00 1.00 0.00 1.00 0.00]
 [0.00 0.00 0.00 1.00 0.00 1.00]
 [1.00 0.00 0.00 0.00 1.00 0.00]]