#1#
[40.00 221.00]
[10.00 175.00]
[266.00 10.00]
[295.00 56.00]
[328.00 105.00]
[73.00 270.00]
#2#
[[40.00 221.00]
 [10.00 175.00]]
[[10.00 175.00]
 [266.00 10.00]]
[[266.00 10.00]
 [295.00 56.00]]
[[40.00 221.00]
 [295.00 56.00]]
[[295.00 56.00]
 [328.00 105.00]]
[[328.00 105.00]
 [73.00 270.00]]
[[40.00 221.00]
 [73.00 270.00]]
#3#
[[0.00 1.00 0.00 1.00 0.00 1.00]
 [1.00 0.00 1.00 0.00 0.00 0.00]
 [0.00 1.00 0.00 1.00 0.00 0.00]
 [1.00 0.00 1.00 0.00 1.00 0.00]
 [0.00 0.00 0.00 1.00 0.00 1.00]
 [1.00 0.00 0.00 0.00 1.00 0.00]]