#1#
[13.00 61.00]
[130.00 65.00]
[126.00 128.00]
[94.00 127.00]
[91.00 162.00]
[42.00 159.00]
[43.00 125.00]
[10.00 124.00]
[16.00 10.00]
[131.00 15.00]
#2#
[[13.00 61.00]
 [130.00 65.00]]
[[130.00 65.00]
 [126.00 128.00]]
[[126.00 128.00]
 [94.00 127.00]]
[[94.00 127.00]
 [91.00 162.00]]
[[91.00 162.00]
 [42.00 159.00]]
[[42.00 159.00]
 [43.00 125.00]]
[[43.00 125.00]
 [10.00 124.00]]
[[13.00 61.00]
 [10.00 124.00]]
[[13.00 61.00]
 [16.00 10.00]]
[[16.00 10.00]
 [131.00 15.00]]
[[131.00 15.00]
 [130.00 65.00]]
#3#
[[0.00 1.00 0.00 0.00 0.00 0.00 0.00 1.00 1.00 0.00]
 [1.00 0.00 1.00 0.00 0.00 0.00 0.00 0.00 0.00 1.00]
 [0.00 1.00 0.00 1.00 0.00 0.00 0.00 0.00 0.00 0.00]
 [0.00 0.00 1.00 0.00 1.00 0.00 0.00 0.00 0.00 0.00]
 [0.00 0.00 0.00 1.00 0.00 1.00 0.00 0.00 0.00 0.00]
 [0.00 0.00 0.00 0.00 1.00 0.00 1.00 0.00 0.00 0.00]
 [0.00 0.00 0.00 0.00 0.00 1.00 0.00 1.00 0.00 0.00]
 [1.00 0.00 0.00 0.00 0.00 0.00 1.00 0.00 0.00 0.00]
 [1.00 0.00 0.00 0.00 0.00 0.00 0.00 0.00 0.00 1.00]
 [0.00 1.00 0.00 0.00 0.00 0.00 0.00 0.00 1.00 0.00]]