#1#
[118.00 152.00]
[117.00 151.00]
[173.00 101.00]
[196.00 80.00]
[360.00 260.00]
[282.00 332.00]
[92.00 10.00]
[10.00 83.00]
[92.00 175.00]
#2#
[[118.00 152.00]
 [117.00 151.00]]
[[117.00 151.00]
 [173.00 101.00]]
[[173.00 101.00]
 [196.00 80.00]]
[[196.00 80.00]
 [360.00 260.00]]
[[360.00 260.00]
 [282.00 332.00]]
[[118.00 152.00]
 [282.00 332.00]]
[[173.00 101.00]
 [92.00 10.00]]
[[92.00 10.00]
 [10.00 83.00]]
[[92.00 175.00]
 [10.00 83.00]]
[[92.00 175.00]
 [118.00 152.00]]
#3#
[[0.00 1.00 0.00 0.00 0.00 1.00 0.00 0.00 1.00]
 [1.00 0.00 1.00 0.00 0.00 0.00 0.00 0.00 0.00]
 [0.00 1.00 0.00 1.00 0.00 0.00 1.00 0.00 0.00]
 [0.00 0.00 1.00 0.00 1.00 0.00 0.00 0.00 0.00]
 [0.00 0.00 0.00 1.00 0.00 1.00 0.00 0.00 0.00]
 [1.00 0.00 0.00 0.00 1.00 0.00 0.00 0.00 0.00]
 [0.00 0.00 1.00 0.00 0.00 0.00 0.00 1.00 0.00]
 [0.00 0.00 0.00 0.00 0.00 0.00 1.00 0.00 1.00]
 [1.00 0.00 0.00 0.00 0.00 0.00 0.00 1.00 0.00]]