#1#
[145.00 128.00]
[34.00 73.00]
[17.00 108.00]
[25.00 115.00]
[10.00 138.00]
[113.00 186.00]
[64.00 10.00]
[158.00 56.00]
[133.00 112.00]
[149.00 121.00]
#2#
[[145.00 128.00]
 [34.00 73.00]]
[[34.00 73.00]
 [17.00 108.00]]
[[17.00 108.00]
 [25.00 115.00]]
[[25.00 115.00]
 [10.00 138.00]]
[[10.00 138.00]
 [113.00 186.00]]
[[145.00 128.00]
 [113.00 186.00]]
[[34.00 73.00]
 [64.00 10.00]]
[[64.00 10.00]
 [158.00 56.00]]
[[133.00 112.00]
 [158.00 56.00]]
[[133.00 112.00]
 [149.00 121.00]]
[[145.00 128.00]
 [149.00 121.00]]
#3#
[[0.00 1.00 0.00 0.00 0.00 1.00 0.00 0.00 0.00 1.00]
 [1.00 0.00 1.00 0.00 0.00 0.00 1.00 0.00 0.00 0.00]
 [0.00 1.00 0.00 1.00 0.00 0.00 0.00 0.00 0.00 0.00]
 [0.00 0.00 1.00 0.00 1.00 0.00 0.00 0.00 0.00 0.00]
 [0.00 0.00 0.00 1.00 0.00 1.00 0.00 0.00 0.00 0.00]
 [1.00 0.00 0.00 0.00 1.00 0.00 0.00 0.00 0.00 0.00]
 [0.00 1.00 0.00 0.00 0.00 0.00 0.00 1.00 0.00 0.00]
 [0.00 0.00 0.00 0.00 0.00 0.00 1.00 0.00 1.00 0.00]
 [0.00 0.00 0.00 0.00 0.00 0.00 0.00 1.00 0.00 1.00]
 [1.00 0.00 0.00 0.00 0.00 0.00 0.00 0.00 1.00 0.00]]