#1#
[28.00 63.00]
[10.00 101.00]
[174.00 167.00]
[193.00 129.00]
[211.00 77.00]
[49.00 10.00]
#2#
[[28.00 63.00]
 [10.00 101.00]]
[[10.00 101.00]
 [174.00 167.00]]
[[174.00 167.00]
 [193.00 129.00]]
[[193.00 129.00]
 [211.00 77.00]]
[[211.00 77.00]
 [49.00 10.00]]
[[28.00 63.00]
 [49.00 10.00]]
[[28.00 63.00]
 [193.00 129.00]]
#3#
[[0.00 1.00 0.00 1.00 0.00 1.00]
 [1.00 0.00 1.00 0.00 0.00 0.00]
 [0.00 1.00 0.00 1.00 0.00 0.00]
 [1.00 0.00 1.00 0.00 1.00 0.00]
 [0.00 0.00 0.00 1.00 0.00 1.00]
 [1.00 0.00 0.00 0.00 1.00 0.00]]