#1#
[27.00 98.00]
[10.00 49.00]
[116.00 10.00]
[134.00 59.00]
[152.00 106.00]
[44.00 149.00]
#2#
[[27.00 98.00]
 [10.00 49.00]]
[[10.00 49.00]
 [116.00 10.00]]
[[116.00 10.00]
 [134.00 59.00]]
[[27.00 98.00]
 [134.00 59.00]]
[[134.00 59.00]
 [152.00 106.00]]
[[152.00 106.00]
 [44.00 149.00]]
[[27.00 98.00]
 [44.00 149.00]]
#3#
[[0.00 1.00 0.00 1.00 0.00 1.00]
 [1.00 0.00 1.00 0.00 0.00 0.00]
 [0.00 1.00 0.00 1.00 0.00 0.00]
 [1.00 0.00 1.00 0.00 1.00 0.00]
 [0.00 0.00 0.00 1.00 0.00 1.00]
 [1.00 0.00 0.00 0.00 1.00 0.00]]