#1#
[67.00 112.00]
[10.00 116.00]
[12.00 16.00]
[69.00 10.00]
[119.00 21.00]
[115.00 121.00]
#2#
[[67.00 112.00]
 [10.00 116.00]]
[[10.00 116.00]
 [12.00 16.00]]
[[12.00 16.00]
 [69.00 10.00]]
[[67.00 112.00]
 [69.00 10.00]]
[[69.00 10.00]
 [119.00 21.00]]
[[119.00 21.00]
 [115.00 121.00]]
[[67.00 112.00]
 [115.00 121.00]]
#3#
[[0.00 1.00 0.00 1.00 0.00 1.00]
 [1.00 0.00 1.00 0.00 0.00 0.00]
 [0.00 1.00 0.00 1.00 0.00 0.00]
 [1.00 0.00 1.00 0.00 1.00 0.00]
 [0.00 0.00 0.00 1.00 0.00 1.00]
 [1.00 0.00 0.00 0.00 1.00 0.00]]