#1#
[174.00 28.00]
[133.00 10.00]
[10.00 283.00]
[49.00 302.00]
[87.00 319.00]
[212.00 46.00]
#2#
[[174.00 28.00]
 [133.00 10.00]]
[[133.00 10.00]
 [10.00 283.00]]
[[10.00 283.00]
 [49.00 302.00]]
[[49.00 302.00]
 [87.00 319.00]]
[[87.00 319.00]
 [212.00 46.00]]
[[174.00 28.00]
 [212.00 46.00]]
[[174.00 28.00]
 [49.00 302.00]]
#3#
[[0.00 1.00 0.00 1.00 0.00 1.00]
 [1.00 0.00 1.00 0.00 0.00 0.00]
 [0.00 1.00 0.00 1.00 0.00 0.00]
 [1.00 0.00 1.00 0.00 1.00 0.00]
 [0.00 0.00 0.00 1.00 0.00 1.00]
 [1.00 0.00 0.00 0.00 1.00 0.00]]