#1#
[133.00 57.00]
[136.00 55.00]
[109.00 10.00]
[10.00 71.00]
[37.00 116.00]
[56.00 149.00]
[154.00 90.00]
#2#
[[133.00 57.00]
 [136.00 55.00]]
[[136.00 55.00]
 [109.00 10.00]]
[[109.00 10.00]
 [10.00 71.00]]
[[10.00 71.00]
 [37.00 116.00]]
[[133.00 57.00]
 [37.00 116.00]]
[[37.00 116.00]
 [56.00 149.00]]
[[56.00 149.00]
 [154.00 90.00]]
[[133.00 57.00]
 [154.00 90.00]]
#3#
[[0.00 1.00 0.00 0.00 1.00 0.00 1.00]
 [1.00 0.00 1.00 0.00 0.00 0.00 0.00]
 [0.00 1.00 0.00 1.00 0.00 0.00 0.00]
 [0.00 0.00 1.00 0.00 1.00 0.00 0.00]
 [1.00 0.00 0.00 1.00 0.00 1.00 0.00]
 [0.00 0.00 0.00 0.00 1.00 0.00 1.00]
 [1.00 0.00 0.00 0.00 0.00 1.00 0.00]]