#1#
[10.00 78.00]
[11.00 10.00]
[243.00 13.00]
[242.00 82.00]
[240.00 152.00]
[13.00 142.00]
#2#
[[10.00 78.00]
 [11.00 10.00]]
[[11.00 10.00]
 [243.00 13.00]]
[[243.00 13.00]
 [242.00 82.00]]
[[10.00 78.00]
 [242.00 82.00]]
[[242.00 82.00]
 [240.00 152.00]]
[[240.00 152.00]
 [13.00 142.00]]
[[10.00 78.00]
 [13.00 142.00]]
#3#
[[0.00 1.00 0.00 1.00 0.00 1.00]
 [1.00 0.00 1.00 0.00 0.00 0.00]
 [0.00 1.00 0.00 1.00 0.00 0.00]
 [1.00 0.00 1.00 0.00 1.00 0.00]
 [0.00 0.00 0.00 1.00 0.00 1.00]
 [1.00 0.00 0.00 0.00 1.00 0.00]]