#1#
[55.00 10.00]
[98.00 17.00]
[93.00 113.00]
[51.00 102.00]
[10.00 110.00]
[12.00 14.00]
#2#
[[55.00 10.00]
 [98.00 17.00]]
[[98.00 17.00]
 [93.00 113.00]]
[[93.00 113.00]
 [51.00 102.00]]
[[51.00 102.00]
 [10.00 110.00]]
[[10.00 110.00]
 [12.00 14.00]]
[[55.00 10.00]
 [12.00 14.00]]
[[55.00 10.00]
 [51.00 102.00]]
#3#
[[0.00 1.00 0.00 1.00 0.00 1.00]
 [1.00 0.00 1.00 0.00 0.00 0.00]
 [0.00 1.00 0.00 1.00 0.00 0.00]
 [1.00 0.00 1.00 0.00 1.00 0.00]
 [0.00 0.00 0.00 1.00 0.00 1.00]
 [1.00 0.00 0.00 0.00 1.00 0.00]]