#1#
[82.00 20.00]
[15.00 10.00]
[10.00 131.00]
[76.00 141.00]
[150.00 137.00]
[155.00 16.00]
#2#
[[82.00 20.00]
 [15.00 10.00]]
[[15.00 10.00]
 [10.00 131.00]]
[[10.00 131.00]
 [76.00 141.00]]
[[82.00 20.00]
 [76.00 141.00]]
[[76.00 141.00]
 [150.00 137.00]]
[[150.00 137.00]
 [155.00 16.00]]
[[82.00 20.00]
 [155.00 16.00]]
#3#
[[0.00 1.00 0.00 1.00 0.00 1.00]
 [1.00 0.00 1.00 0.00 0.00 0.00]
 [0.00 1.00 0.00 1.00 0.00 0.00]
 [1.00 0.00 1.00 0.00 1.00 0.00]
 [0.00 0.00 0.00 1.00 0.00 1.00]
 [1.00 0.00 0.00 0.00 1.00 0.00]]