#1#
[67.00 10.00]
[61.00 196.00]
[15.00 16.00]
[10.00 203.00]
[118.00 203.00]
[124.00 17.00]
#2#
[[67.00 10.00]
 [61.00 196.00]]
[[67.00 10.00]
 [15.00 16.00]]
[[15.00 16.00]
 [10.00 203.00]]
[[61.00 196.00]
 [10.00 203.00]]
[[61.00 196.00]
 [118.00 203.00]]
[[118.00 203.00]
 [124.00 17.00]]
[[67.00 10.00]
 [124.00 17.00]]
#3#
[[0.00 1.00 1.00 0.00 0.00 1.00]
 [1.00 0.00 0.00 1.00 1.00 0.00]
 [1.00 0.00 0.00 1.00 0.00 0.00]
 [0.00 1.00 1.00 0.00 0.00 0.00]
 [0.00 1.00 0.00 0.00 0.00 1.00]
 [1.00 0.00 0.00 0.00 1.00 0.00]]