#1#
[29.00 88.00]
[10.00 76.00]
[37.00 10.00]
[55.00 23.00]
[52.00 90.00]
[77.00 28.00]
#2#
[[29.00 88.00]
 [10.00 76.00]]
[[10.00 76.00]
 [37.00 10.00]]
[[37.00 10.00]
 [55.00 23.00]]
[[29.00 88.00]
 [55.00 23.00]]
[[29.00 88.00]
 [52.00 90.00]]
[[52.00 90.00]
 [77.00 28.00]]
[[55.00 23.00]
 [77.00 28.00]]
#3#
[[0.00 1.00 0.00 1.00 1.00 0.00]
 [1.00 0.00 1.00 0.00 0.00 0.00]
 [0.00 1.00 0.00 1.00 0.00 0.00]
 [1.00 0.00 1.00 0.00 0.00 1.00]
 [1.00 0.00 0.00 0.00 0.00 1.00]
 [0.00 0.00 0.00 1.00 1.00 0.00]]