#1#
[109.00 33.00]
[56.00 139.00]
[148.00 58.00]
[94.00 162.00]
[10.00 119.00]
[26.00 89.00]
[16.00 85.00]
[53.00 10.00]
[74.00 19.00]
#2#
[[109.00 33.00]
 [56.00 139.00]]
[[109.00 33.00]
 [148.00 58.00]]
[[148.00 58.00]
 [94.00 162.00]]
[[56.00 139.00]
 [94.00 162.00]]
[[56.00 139.00]
 [10.00 119.00]]
[[10.00 119.00]
 [26.00 89.00]]
[[26.00 89.00]
 [16.00 85.00]]
[[16.00 85.00]
 [53.00 10.00]]
[[74.00 19.00]
 [53.00 10.00]]
[[74.00 19.00]
 [109.00 33.00]]
#3#
[[0.00 1.00 1.00 0.00 0.00 0.00 0.00 0.00 1.00]
 [1.00 0.00 0.00 1.00 1.00 0.00 0.00 0.00 0.00]
 [1.00 0.00 0.00 1.00 0.00 0.00 0.00 0.00 0.00]
 [0.00 1.00 1.00 0.00 0.00 0.00 0.00 0.00 0.00]
 [0.00 1.00 0.00 0.00 0.00 1.00 0.00 0.00 0.00]
 [0.00 0.00 0.00 0.00 1.00 0.00 1.00 0.00 0.00]
 [0.00 0.00 0.00 0.00 0.00 1.00 0.00 1.00 0.00]
 [0.00 0.00 0.00 0.00 0.00 0.00 1.00 0.00 1.00]
 [1.00 0.00 0.00 0.00 0.00 0.00 0.00 1.00 0.00]]