#1#
[18.00 72.00]
[26.00 10.00]
[588.00 111.00]
[579.00 172.00]
[10.00 109.00]
[569.00 211.00]
#2#
[[18.00 72.00]
 [26.00 10.00]]
[[26.00 10.00]
 [588.00 111.00]]
[[588.00 111.00]
 [579.00 172.00]]
[[18.00 72.00]
 [10.00 109.00]]
[[10.00 109.00]
 [569.00 211.00]]
[[579.00 172.00]
 [569.00 211.00]]
[[18.00 72.00]
 [579.00 172.00]]
#3#
[[0.00 1.00 0.00 1.00 1.00 0.00]
 [1.00 0.00 1.00 0.00 0.00 0.00]
 [0.00 1.00 0.00 1.00 0.00 0.00]
 [1.00 0.00 1.00 0.00 0.00 1.00]
 [1.00 0.00 0.00 0.00 0.00 1.00]
 [0.00 0.00 0.00 1.00 1.00 0.00]]