#1#
[192.00 10.00]
[164.00 63.00]
[221.00 103.00]
[63.00 95.00]
[10.00 67.00]
[39.00 159.00]
#2#
[[192.00 10.00]
 [164.00 63.00]]
[[192.00 10.00]
 [221.00 103.00]]
[[164.00 63.00]
 [63.00 95.00]]
[[192.00 10.00]
 [10.00 67.00]]
[[63.00 95.00]
 [10.00 67.00]]
[[63.00 95.00]
 [39.00 159.00]]
[[164.00 63.00]
 [221.00 103.00]]
[[221.00 103.00]
 [39.00 159.00]]
[[10.00 67.00]
 [39.00 159.00]]
#3#
[[0.00 1.00 1.00 0.00 1.00 0.00]
 [1.00 0.00 1.00 1.00 0.00 0.00]
 [1.00 1.00 0.00 0.00 0.00 1.00]
 [0.00 1.00 0.00 0.00 1.00 1.00]
 [1.00 0.00 0.00 1.00 0.00 1.00]
 [0.00 0.00 1.00 1.00 1.00 0.00]]