#1#
[274.00 66.00]
[280.00 118.00]
[25.00 150.00]
[17.00 97.00]
[10.00 43.00]
[266.00 10.00]
#2#
[[274.00 66.00]
 [280.00 118.00]]
[[280.00 118.00]
 [25.00 150.00]]
[[25.00 150.00]
 [17.00 97.00]]
[[17.00 97.00]
 [10.00 43.00]]
[[10.00 43.00]
 [266.00 10.00]]
[[274.00 66.00]
 [266.00 10.00]]
[[274.00 66.00]
 [17.00 97.00]]
#3#
[[0.00 1.00 0.00 1.00 0.00 1.00]
 [1.00 0.00 1.00 0.00 0.00 0.00]
 [0.00 1.00 0.00 1.00 0.00 0.00]
 [1.00 0.00 1.00 0.00 1.00 0.00]
 [0.00 0.00 0.00 1.00 0.00 1.00]
 [1.00 0.00 0.00 0.00 1.00 0.00]]