#1#
[218.00 96.00]
[134.00 218.00]
[10.00 135.00]
[93.00 10.00]
[114.00 108.00]
[113.00 109.00]
#2#
[[218.00 96.00]
 [134.00 218.00]]
[[134.00 218.00]
 [10.00 135.00]]
[[10.00 135.00]
 [93.00 10.00]]
[[218.00 96.00]
 [93.00 10.00]]
[[218.00 96.00]
 [114.00 108.00]]
[[134.00 218.00]
 [114.00 108.00]]
[[134.00 218.00]
 [113.00 109.00]]
[[93.00 10.00]
 [113.00 109.00]]
[[93.00 10.00]
 [114.00 108.00]]
[[114.00 108.00]
 [113.00 109.00]]
[[10.00 135.00]
 [113.00 109.00]]
#3#
[[0.00 1.00 0.00 1.00 1.00 0.00]
 [1.00 0.00 1.00 0.00 1.00 1.00]
 [0.00 1.00 0.00 1.00 0.00 1.00]
 [1.00 0.00 1.00 0.00 1.00 1.00]
 [1.00 1.00 0.00 1.00 0.00 1.00]
 [0.00 1.00 1.00 1.00 1.00 0.00]]