#1#
[168.00 58.00]
[160.00 10.00]
[10.00 54.00]
[23.00 105.00]
[42.00 149.00]
[189.00 101.00]
#2#
[[168.00 58.00]
 [160.00 10.00]]
[[160.00 10.00]
 [10.00 54.00]]
[[10.00 54.00]
 [23.00 105.00]]
[[168.00 58.00]
 [23.00 105.00]]
[[23.00 105.00]
 [42.00 149.00]]
[[42.00 149.00]
 [189.00 101.00]]
[[168.00 58.00]
 [189.00 101.00]]
#3#
[[0.00 1.00 0.00 1.00 0.00 1.00]
 [1.00 0.00 1.00 0.00 0.00 0.00]
 [0.00 1.00 0.00 1.00 0.00 0.00]
 [1.00 0.00 1.00 0.00 1.00 0.00]
 [0.00 0.00 0.00 1.00 0.00 1.00]
 [1.00 0.00 0.00 0.00 1.00 0.00]]