#1#
[108.00 33.00]
[53.00 10.00]
[10.00 127.00]
[64.00 148.00]
[161.00 53.00]
[116.00 169.00]
#2#
[[108.00 33.00]
 [53.00 10.00]]
[[53.00 10.00]
 [10.00 127.00]]
[[10.00 127.00]
 [64.00 148.00]]
[[108.00 33.00]
 [64.00 148.00]]
[[108.00 33.00]
 [161.00 53.00]]
[[161.00 53.00]
 [116.00 169.00]]
[[64.00 148.00]
 [116.00 169.00]]
#3#
[[0.00 1.00 0.00 1.00 1.00 0.00]
 [1.00 0.00 1.00 0.00 0.00 0.00]
 [0.00 1.00 0.00 1.00 0.00 0.00]
 [1.00 0.00 1.00 0.00 0.00 1.00]
 [1.00 0.00 0.00 0.00 0.00 1.00]
 [0.00 0.00 0.00 1.00 1.00 0.00]]