#1#
[69.00 176.00]
[78.00 24.00]
[18.00 10.00]
[10.00 162.00]
[137.00 172.00]
[146.00 16.00]
#2#
[[69.00 176.00]
 [78.00 24.00]]
[[78.00 24.00]
 [18.00 10.00]]
[[18.00 10.00]
 [10.00 162.00]]
[[69.00 176.00]
 [10.00 162.00]]
[[69.00 176.00]
 [137.00 172.00]]
[[137.00 172.00]
 [146.00 16.00]]
[[78.00 24.00]
 [146.00 16.00]]
#3#
[[0.00 1.00 0.00 1.00 1.00 0.00]
 [1.00 0.00 1.00 0.00 0.00 1.00]
 [0.00 1.00 0.00 1.00 0.00 0.00]
 [1.00 0.00 1.00 0.00 0.00 0.00]
 [1.00 0.00 0.00 0.00 0.00 1.00]
 [0.00 1.00 0.00 0.00 1.00 0.00]]