#1#
[10.00 70.00]
[13.00 10.00]
[149.00 16.00]
[146.00 73.00]
[147.00 130.00]
[10.00 125.00]
#2#
[[10.00 70.00]
 [13.00 10.00]]
[[13.00 10.00]
 [149.00 16.00]]
[[149.00 16.00]
 [146.00 73.00]]
[[10.00 70.00]
 [146.00 73.00]]
[[146.00 73.00]
 [147.00 130.00]]
[[147.00 130.00]
 [10.00 125.00]]
[[10.00 70.00]
 [10.00 125.00]]
#3#
[[0.00 1.00 0.00 1.00 0.00 1.00]
 [1.00 0.00 1.00 0.00 0.00 0.00]
 [0.00 1.00 0.00 1.00 0.00 0.00]
 [1.00 0.00 1.00 0.00 1.00 0.00]
 [0.00 0.00 0.00 1.00 0.00 1.00]
 [1.00 0.00 0.00 0.00 1.00 0.00]]