#1#
[62.00 18.00]
[107.00 14.00]
[14.00 10.00]
[10.00 112.00]
[106.00 114.00]
[60.00 121.00]
#2#
[[62.00 18.00]
 [107.00 14.00]]
[[62.00 18.00]
 [14.00 10.00]]
[[14.00 10.00]
 [10.00 112.00]]
[[107.00 14.00]
 [106.00 114.00]]
[[62.00 18.00]
 [60.00 121.00]]
[[106.00 114.00]
 [60.00 121.00]]
[[10.00 112.00]
 [60.00 121.00]]
#3#
[[0.00 1.00 1.00 0.00 0.00 1.00]
 [1.00 0.00 0.00 0.00 1.00 0.00]
 [1.00 0.00 0.00 1.00 0.00 0.00]
 [0.00 0.00 1.00 0.00 0.00 1.00]
 [0.00 1.00 0.00 0.00 0.00 1.00]
 [1.00 0.00 0.00 1.00 1.00 0.00]]