#1#
[79.00 26.00]
[40.00 10.00]
[10.00 85.00]
[48.00 101.00]
[88.00 119.00]
[118.00 43.00]
#2#
[[79.00 26.00]
 [40.00 10.00]]
[[40.00 10.00]
 [10.00 85.00]]
[[10.00 85.00]
 [48.00 101.00]]
[[79.00 26.00]
 [48.00 101.00]]
[[48.00 101.00]
 [88.00 119.00]]
[[88.00 119.00]
 [118.00 43.00]]
[[79.00 26.00]
 [118.00 43.00]]
#3#
[[0.00 1.00 0.00 1.00 0.00 1.00]
 [1.00 0.00 1.00 0.00 0.00 0.00]
 [0.00 1.00 0.00 1.00 0.00 0.00]
 [1.00 0.00 1.00 0.00 1.00 0.00]
 [0.00 0.00 0.00 1.00 0.00 1.00]
 [1.00 0.00 0.00 0.00 1.00 0.00]]