#1#
[25.00 60.00]
[10.00 105.00]
[222.00 169.00]
[244.00 124.00]
[105.00 66.00]
[111.00 42.00]
[174.00 61.00]
[171.00 85.00]
[254.00 76.00]
[35.00 10.00]
#2#
[[25.00 60.00]
 [10.00 105.00]]
[[10.00 105.00]
 [222.00 169.00]]
[[222.00 169.00]
 [244.00 124.00]]
[[105.00 66.00]
 [111.00 42.00]]
[[111.00 42.00]
 [174.00 61.00]]
[[174.00 61.00]
 [171.00 85.00]]
[[254.00 76.00]
 [244.00 124.00]]
[[254.00 76.00]
 [35.00 10.00]]
[[25.00 60.00]
 [35.00 10.00]]
[[25.00 60.00]
 [244.00 124.00]]
#3#
[[0.00 1.00 0.00 1.00 0.00 0.00 0.00 0.00 0.00 1.00]
 [1.00 0.00 1.00 0.00 0.00 0.00 0.00 0.00 0.00 0.00]
 [0.00 1.00 0.00 1.00 0.00 0.00 0.00 0.00 0.00 0.00]
 [1.00 0.00 1.00 0.00 0.00 0.00 0.00 0.00 1.00 0.00]
 [0.00 0.00 0.00 0.00 0.00 1.00 0.00 0.00 0.00 0.00]
 [0.00 0.00 0.00 0.00 1.00 0.00 1.00 0.00 0.00 0.00]
 [0.00 0.00 0.00 0.00 0.00 1.00 0.00 1.00 0.00 0.00]
 [0.00 0.00 0.00 0.00 0.00 0.00 1.00 0.00 0.00 0.00]
 [0.00 0.00 0.00 1.00 0.00 0.00 0.00 0.00 0.00 1.00]
 [1.00 0.00 0.00 0.00 0.00 0.00 0.00 0.00 1.00 0.00]]