#1#
[134.00 107.00]
[113.00 154.00]
[10.00 115.00]
[32.00 69.00]
[49.00 10.00]
[152.00 47.00]
#2#
[[134.00 107.00]
 [113.00 154.00]]
[[113.00 154.00]
 [10.00 115.00]]
[[10.00 115.00]
 [32.00 69.00]]
[[134.00 107.00]
 [32.00 69.00]]
[[32.00 69.00]
 [49.00 10.00]]
[[49.00 10.00]
 [152.00 47.00]]
[[134.00 107.00]
 [152.00 47.00]]
#3#
[[0.00 1.00 0.00 1.00 0.00 1.00]
 [1.00 0.00 1.00 0.00 0.00 0.00]
 [0.00 1.00 0.00 1.00 0.00 0.00]
 [1.00 0.00 1.00 0.00 1.00 0.00]
 [0.00 0.00 0.00 1.00 0.00 1.00]
 [1.00 0.00 0.00 0.00 1.00 0.00]]