#1#
[68.00 14.00]
[28.00 10.00]
[10.00 131.00]
[51.00 135.00]
[91.00 141.00]
[111.00 21.00]
#2#
[[68.00 14.00]
 [28.00 10.00]]
[[28.00 10.00]
 [10.00 131.00]]
[[10.00 131.00]
 [51.00 135.00]]
[[68.00 14.00]
 [51.00 135.00]]
[[51.00 135.00]
 [91.00 141.00]]
[[91.00 141.00]
 [111.00 21.00]]
[[68.00 14.00]
 [111.00 21.00]]
#3#
[[0.00 1.00 0.00 1.00 0.00 1.00]
 [1.00 0.00 1.00 0.00 0.00 0.00]
 [0.00 1.00 0.00 1.00 0.00 0.00]
 [1.00 0.00 1.00 0.00 1.00 0.00]
 [0.00 0.00 0.00 1.00 0.00 1.00]
 [1.00 0.00 0.00 0.00 1.00 0.00]]