#1#
[68.00 134.00]
[10.00 116.00]
[45.00 10.00]
[107.00 22.00]
[164.00 49.00]
[124.00 160.00]
#2#
[[68.00 134.00]
 [10.00 116.00]]
[[10.00 116.00]
 [45.00 10.00]]
[[45.00 10.00]
 [107.00 22.00]]
[[68.00 134.00]
 [107.00 22.00]]
[[107.00 22.00]
 [164.00 49.00]]
[[164.00 49.00]
 [124.00 160.00]]
[[68.00 134.00]
 [124.00 160.00]]
#3#
[[0.00 1.00 0.00 1.00 0.00 1.00]
 [1.00 0.00 1.00 0.00 0.00 0.00]
 [0.00 1.00 0.00 1.00 0.00 0.00]
 [1.00 0.00 1.00 0.00 1.00 0.00]
 [0.00 0.00 0.00 1.00 0.00 1.00]
 [1.00 0.00 0.00 0.00 1.00 0.00]]