#1#
[163.00 109.00]
[20.00 70.00]
[39.00 10.00]
[180.00 51.00]
[151.00 157.00]
[10.00 117.00]
#2#
[[163.00 109.00]
 [20.00 70.00]]
[[20.00 70.00]
 [39.00 10.00]]
[[39.00 10.00]
 [180.00 51.00]]
[[163.00 109.00]
 [180.00 51.00]]
[[163.00 109.00]
 [151.00 157.00]]
[[151.00 157.00]
 [10.00 117.00]]
[[20.00 70.00]
 [10.00 117.00]]
#3#
[[0.00 1.00 0.00 1.00 1.00 0.00]
 [1.00 0.00 1.00 0.00 0.00 1.00]
 [0.00 1.00 0.00 1.00 0.00 0.00]
 [1.00 0.00 1.00 0.00 0.00 0.00]
 [1.00 0.00 0.00 0.00 0.00 1.00]
 [0.00 1.00 0.00 0.00 1.00 0.00]]