#1#
[108.00 10.00]
[10.00 25.00]
[67.00 63.00]
[68.00 341.00]
[112.00 296.00]
[166.00 323.00]
#2#
[[108.00 10.00]
 [10.00 25.00]]
[[10.00 25.00]
 [67.00 63.00]]
[[10.00 25.00]
 [68.00 341.00]]
[[108.00 10.00]
 [67.00 63.00]]
[[67.00 63.00]
 [112.00 296.00]]
[[112.00 296.00]
 [166.00 323.00]]
[[68.00 341.00]
 [112.00 296.00]]
[[108.00 10.00]
 [166.00 323.00]]
[[68.00 341.00]
 [166.00 323.00]]
#3#
[[0.00 1.00 1.00 0.00 0.00 1.00]
 [1.00 0.00 1.00 1.00 0.00 0.00]
 [1.00 1.00 0.00 0.00 1.00 0.00]
 [0.00 1.00 0.00 0.00 1.00 1.00]
 [0.00 0.00 1.00 1.00 0.00 1.00]
 [1.00 0.00 0.00 1.00 1.00 0.00]]