#1#
[69.00 35.00]
[128.00 10.00]
[181.00 135.00]
[113.00 160.00]
[55.00 41.00]
[50.00 56.00]
[10.00 74.00]
[50.00 183.00]
#2#
[[69.00 35.00]
 [128.00 10.00]]
[[128.00 10.00]
 [181.00 135.00]]
[[181.00 135.00]
 [113.00 160.00]]
[[69.00 35.00]
 [113.00 160.00]]
[[69.00 35.00]
 [55.00 41.00]]
[[55.00 41.00]
 [50.00 56.00]]
[[50.00 56.00]
 [10.00 74.00]]
[[10.00 74.00]
 [50.00 183.00]]
[[113.00 160.00]
 [50.00 183.00]]
#3#
[[0.00 1.00 0.00 1.00 1.00 0.00 0.00 0.00]
 [1.00 0.00 1.00 0.00 0.00 0.00 0.00 0.00]
 [0.00 1.00 0.00 1.00 0.00 0.00 0.00 0.00]
 [1.00 0.00 1.00 0.00 0.00 0.00 0.00 1.00]
 [1.00 0.00 0.00 0.00 0.00 1.00 0.00 0.00]
 [0.00 0.00 0.00 0.00 1.00 0.00 1.00 0.00]
 [0.00 0.00 0.00 0.00 0.00 1.00 0.00 1.00]
 [0.00 0.00 0.00 1.00 0.00 0.00 1.00 0.00]]