#1#
[116.00 76.00]
[110.00 10.00]
[10.00 22.00]
[15.00 87.00]
[123.00 104.00]
[22.00 113.00]
#2#
[[116.00 76.00]
 [110.00 10.00]]
[[110.00 10.00]
 [10.00 22.00]]
[[10.00 22.00]
 [15.00 87.00]]
[[116.00 76.00]
 [123.00 104.00]]
[[123.00 104.00]
 [22.00 113.00]]
[[15.00 87.00]
 [22.00 113.00]]
[[116.00 76.00]
 [15.00 87.00]]
#3#
[[0.00 1.00 0.00 1.00 1.00 0.00]
 [1.00 0.00 1.00 0.00 0.00 0.00]
 [0.00 1.00 0.00 1.00 0.00 0.00]
 [1.00 0.00 1.00 0.00 0.00 1.00]
 [1.00 0.00 0.00 0.00 0.00 1.00]
 [0.00 0.00 0.00 1.00 1.00 0.00]]