#1#
[150.00 102.00]
[168.00 53.00]
[44.00 10.00]
[27.00 56.00]
[10.00 104.00]
[133.00 149.00]
#2#
[[150.00 102.00]
 [168.00 53.00]]
[[168.00 53.00]
 [44.00 10.00]]
[[44.00 10.00]
 [27.00 56.00]]
[[27.00 56.00]
 [10.00 104.00]]
[[10.00 104.00]
 [133.00 149.00]]
[[150.00 102.00]
 [133.00 149.00]]
[[150.00 102.00]
 [27.00 56.00]]
#3#
[[0.00 1.00 0.00 1.00 0.00 1.00]
 [1.00 0.00 1.00 0.00 0.00 0.00]
 [0.00 1.00 0.00 1.00 0.00 0.00]
 [1.00 0.00 1.00 0.00 1.00 0.00]
 [0.00 0.00 0.00 1.00 0.00 1.00]
 [1.00 0.00 0.00 0.00 1.00 0.00]]