#1#
[35.00 114.00]
[52.00 163.00]
[168.00 119.00]
[149.00 71.00]
[130.00 21.00]
[110.00 31.00]
[102.00 10.00]
[10.00 45.00]
#2#
[[35.00 114.00]
 [52.00 163.00]]
[[52.00 163.00]
 [168.00 119.00]]
[[168.00 119.00]
 [149.00 71.00]]
[[35.00 114.00]
 [149.00 71.00]]
[[149.00 71.00]
 [130.00 21.00]]
[[130.00 21.00]
 [110.00 31.00]]
[[110.00 31.00]
 [102.00 10.00]]
[[102.00 10.00]
 [10.00 45.00]]
[[35.00 114.00]
 [10.00 45.00]]
#3#
[[0.00 1.00 0.00 1.00 0.00 0.00 0.00 1.00]
 [1.00 0.00 1.00 0.00 0.00 0.00 0.00 0.00]
 [0.00 1.00 0.00 1.00 0.00 0.00 0.00 0.00]
 [1.00 0.00 1.00 0.00 1.00 0.00 0.00 0.00]
 [0.00 0.00 0.00 1.00 0.00 1.00 0.00 0.00]
 [0.00 0.00 0.00 0.00 1.00 0.00 1.00 0.00]
 [0.00 0.00 0.00 0.00 0.00 1.00 0.00 1.00]
 [1.00 0.00 0.00 0.00 0.00 0.00 1.00 0.00]]