#1#
[60.00 139.00]
[10.00 108.00]
[76.00 10.00]
[124.00 41.00]
[172.00 73.00]
[106.00 169.00]
#2#
[[60.00 139.00]
 [10.00 108.00]]
[[10.00 108.00]
 [76.00 10.00]]
[[76.00 10.00]
 [124.00 41.00]]
[[124.00 41.00]
 [172.00 73.00]]
[[172.00 73.00]
 [106.00 169.00]]
[[60.00 139.00]
 [106.00 169.00]]
[[60.00 139.00]
 [124.00 41.00]]
#3#
[[0.00 1.00 0.00 1.00 0.00 1.00]
 [1.00 0.00 1.00 0.00 0.00 0.00]
 [0.00 1.00 0.00 1.00 0.00 0.00]
 [1.00 0.00 1.00 0.00 1.00 0.00]
 [0.00 0.00 0.00 1.00 0.00 1.00]
 [1.00 0.00 0.00 0.00 1.00 0.00]]