#1#
[151.00 55.00]
[10.00 63.00]
[10.00 17.00]
[152.00 10.00]
[156.00 128.00]
[16.00 136.00]
#2#
[[151.00 55.00]
 [10.00 63.00]]
[[10.00 63.00]
 [10.00 17.00]]
[[10.00 17.00]
 [152.00 10.00]]
[[151.00 55.00]
 [152.00 10.00]]
[[151.00 55.00]
 [156.00 128.00]]
[[156.00 128.00]
 [16.00 136.00]]
[[10.00 63.00]
 [16.00 136.00]]
#3#
[[0.00 1.00 0.00 1.00 1.00 0.00]
 [1.00 0.00 1.00 0.00 0.00 1.00]
 [0.00 1.00 0.00 1.00 0.00 0.00]
 [1.00 0.00 1.00 0.00 0.00 0.00]
 [1.00 0.00 0.00 0.00 0.00 1.00]
 [0.00 1.00 0.00 0.00 1.00 0.00]]