#1#
[28.00 58.00]
[46.00 10.00]
[163.00 45.00]
[145.00 95.00]
[10.00 123.00]
[127.00 160.00]
#2#
[[28.00 58.00]
 [46.00 10.00]]
[[46.00 10.00]
 [163.00 45.00]]
[[163.00 45.00]
 [145.00 95.00]]
[[28.00 58.00]
 [145.00 95.00]]
[[28.00 58.00]
 [10.00 123.00]]
[[10.00 123.00]
 [127.00 160.00]]
[[145.00 95.00]
 [127.00 160.00]]
#3#
[[0.00 1.00 0.00 1.00 1.00 0.00]
 [1.00 0.00 1.00 0.00 0.00 0.00]
 [0.00 1.00 0.00 1.00 0.00 0.00]
 [1.00 0.00 1.00 0.00 0.00 1.00]
 [1.00 0.00 0.00 0.00 0.00 1.00]
 [0.00 0.00 0.00 1.00 1.00 0.00]]