#1#
[60.00 154.00]
[156.00 55.00]
[10.00 107.00]
[110.00 10.00]
[207.00 100.00]
[111.00 200.00]
#2#
[[60.00 154.00]
 [156.00 55.00]]
[[60.00 154.00]
 [10.00 107.00]]
[[10.00 107.00]
 [110.00 10.00]]
[[156.00 55.00]
 [110.00 10.00]]
[[156.00 55.00]
 [207.00 100.00]]
[[207.00 100.00]
 [111.00 200.00]]
[[60.00 154.00]
 [111.00 200.00]]
#3#
[[0.00 1.00 1.00 0.00 0.00 1.00]
 [1.00 0.00 0.00 1.00 1.00 0.00]
 [1.00 0.00 0.00 1.00 0.00 0.00]
 [0.00 1.00 1.00 0.00 0.00 0.00]
 [0.00 1.00 0.00 0.00 0.00 1.00]
 [1.00 0.00 0.00 0.00 1.00 0.00]]