#1#
[64.00 143.00]
[116.00 161.00]
[158.00 45.00]
[101.00 27.00]
[47.00 10.00]
[10.00 126.00]
#2#
[[64.00 143.00]
 [116.00 161.00]]
[[116.00 161.00]
 [158.00 45.00]]
[[158.00 45.00]
 [101.00 27.00]]
[[101.00 27.00]
 [47.00 10.00]]
[[47.00 10.00]
 [10.00 126.00]]
[[64.00 143.00]
 [10.00 126.00]]
[[64.00 143.00]
 [101.00 27.00]]
#3#
[[0.00 1.00 0.00 1.00 0.00 1.00]
 [1.00 0.00 1.00 0.00 0.00 0.00]
 [0.00 1.00 0.00 1.00 0.00 0.00]
 [1.00 0.00 1.00 0.00 1.00 0.00]
 [0.00 0.00 0.00 1.00 0.00 1.00]
 [1.00 0.00 0.00 0.00 1.00 0.00]]