#1#
[217.00 74.00]
[177.00 10.00]
[10.00 118.00]
[47.00 184.00]
[109.00 122.00]
[87.00 86.00]
[38.00 118.00]
[59.00 152.00]
[87.00 236.00]
[256.00 127.00]
#2#
[[217.00 74.00]
 [177.00 10.00]]
[[177.00 10.00]
 [10.00 118.00]]
[[10.00 118.00]
 [47.00 184.00]]
[[109.00 122.00]
 [87.00 86.00]]
[[87.00 86.00]
 [38.00 118.00]]
[[38.00 118.00]
 [59.00 152.00]]
[[109.00 122.00]
 [59.00 152.00]]
[[217.00 74.00]
 [47.00 184.00]]
[[87.00 236.00]
 [47.00 184.00]]
[[87.00 236.00]
 [256.00 127.00]]
[[217.00 74.00]
 [256.00 127.00]]
#3#
[[0.00 1.00 0.00 1.00 0.00 0.00 0.00 0.00 0.00 1.00]
 [1.00 0.00 1.00 0.00 0.00 0.00 0.00 0.00 0.00 0.00]
 [0.00 1.00 0.00 1.00 0.00 0.00 0.00 0.00 0.00 0.00]
 [1.00 0.00 1.00 0.00 0.00 0.00 0.00 0.00 1.00 0.00]
 [0.00 0.00 0.00 0.00 0.00 1.00 0.00 1.00 0.00 0.00]
 [0.00 0.00 0.00 0.00 1.00 0.00 1.00 0.00 0.00 0.00]
 [0.00 0.00 0.00 0.00 0.00 1.00 0.00 1.00 0.00 0.00]
 [0.00 0.00 0.00 0.00 1.00 0.00 1.00 0.00 0.00 0.00]
 [0.00 0.00 0.00 1.00 0.00 0.00 0.00 0.00 0.00 1.00]
 [1.00 0.00 0.00 0.00 0.00 0.00 0.00 0.00 1.00 0.00]]