#1#
[19.00 90.00]
[10.00 33.00]
[110.00 10.00]
[120.00 67.00]
[131.00 106.00]
[32.00 129.00]
[19.00 93.00]
#2#
[[19.00 90.00]
 [10.00 33.00]]
[[10.00 33.00]
 [110.00 10.00]]
[[110.00 10.00]
 [120.00 67.00]]
[[19.00 90.00]
 [120.00 67.00]]
[[120.00 67.00]
 [131.00 106.00]]
[[131.00 106.00]
 [32.00 129.00]]
[[32.00 129.00]
 [19.00 93.00]]
[[19.00 90.00]
 [19.00 93.00]]
#3#
[[0.00 1.00 0.00 1.00 0.00 0.00 1.00]
 [1.00 0.00 1.00 0.00 0.00 0.00 0.00]
 [0.00 1.00 0.00 1.00 0.00 0.00 0.00]
 [1.00 0.00 1.00 0.00 1.00 0.00 0.00]
 [0.00 0.00 0.00 1.00 0.00 1.00 0.00]
 [0.00 0.00 0.00 0.00 1.00 0.00 1.00]
 [1.00 0.00 0.00 0.00 0.00 1.00 0.00]]