#1#
[110.00 307.00]
[98.00 222.00]
[312.00 111.00]
[10.00 207.00]
[213.00 10.00]
[229.00 95.00]
#2#
[[110.00 307.00]
 [98.00 222.00]]
[[110.00 307.00]
 [312.00 111.00]]
[[98.00 222.00]
 [10.00 207.00]]
[[110.00 307.00]
 [10.00 207.00]]
[[10.00 207.00]
 [213.00 10.00]]
[[312.00 111.00]
 [229.00 95.00]]
[[312.00 111.00]
 [213.00 10.00]]
[[98.00 222.00]
 [229.00 95.00]]
[[213.00 10.00]
 [229.00 95.00]]
#3#
[[0.00 1.00 1.00 1.00 0.00 0.00]
 [1.00 0.00 0.00 1.00 0.00 1.00]
 [1.00 0.00 0.00 0.00 1.00 1.00]
 [1.00 1.00 0.00 0.00 1.00 0.00]
 [0.00 0.00 1.00 1.00 0.00 1.00]
 [0.00 1.00 1.00 0.00 1.00 0.00]]