#1#
[38.00 138.00]
[65.00 179.00]
[186.00 98.00]
[159.00 57.00]
[128.00 10.00]
[60.00 52.00]
[66.00 59.00]
[10.00 95.00]
#2#
[[38.00 138.00]
 [65.00 179.00]]
[[65.00 179.00]
 [186.00 98.00]]
[[186.00 98.00]
 [159.00 57.00]]
[[38.00 138.00]
 [159.00 57.00]]
[[159.00 57.00]
 [128.00 10.00]]
[[128.00 10.00]
 [60.00 52.00]]
[[60.00 52.00]
 [66.00 59.00]]
[[66.00 59.00]
 [10.00 95.00]]
[[38.00 138.00]
 [10.00 95.00]]
#3#
[[0.00 1.00 0.00 1.00 0.00 0.00 0.00 1.00]
 [1.00 0.00 1.00 0.00 0.00 0.00 0.00 0.00]
 [0.00 1.00 0.00 1.00 0.00 0.00 0.00 0.00]
 [1.00 0.00 1.00 0.00 1.00 0.00 0.00 0.00]
 [0.00 0.00 0.00 1.00 0.00 1.00 0.00 0.00]
 [0.00 0.00 0.00 0.00 1.00 0.00 1.00 0.00]
 [0.00 0.00 0.00 0.00 0.00 1.00 0.00 1.00]
 [1.00 0.00 0.00 0.00 0.00 0.00 1.00 0.00]]