#1#
[85.00 122.00]
[20.00 118.00]
[10.00 19.00]
[76.00 21.00]
[135.00 10.00]
[144.00 107.00]
#2#
[[85.00 122.00]
 [20.00 118.00]]
[[20.00 118.00]
 [10.00 19.00]]
[[10.00 19.00]
 [76.00 21.00]]
[[85.00 122.00]
 [76.00 21.00]]
[[76.00 21.00]
 [135.00 10.00]]
[[135.00 10.00]
 [144.00 107.00]]
[[85.00 122.00]
 [144.00 107.00]]
#3#
[[0.00 1.00 0.00 1.00 0.00 1.00]
 [1.00 0.00 1.00 0.00 0.00 0.00]
 [0.00 1.00 0.00 1.00 0.00 0.00]
 [1.00 0.00 1.00 0.00 1.00 0.00]
 [0.00 0.00 0.00 1.00 0.00 1.00]
 [1.00 0.00 0.00 0.00 1.00 0.00]]