#1#
[29.00 53.00]
[373.00 162.00]
[49.00 10.00]
[392.00 118.00]
[357.00 222.00]
[10.00 110.00]
#2#
[[29.00 53.00]
 [373.00 162.00]]
[[29.00 53.00]
 [49.00 10.00]]
[[49.00 10.00]
 [392.00 118.00]]
[[373.00 162.00]
 [392.00 118.00]]
[[373.00 162.00]
 [357.00 222.00]]
[[357.00 222.00]
 [10.00 110.00]]
[[29.00 53.00]
 [10.00 110.00]]
#3#
[[0.00 1.00 1.00 0.00 0.00 1.00]
 [1.00 0.00 0.00 1.00 1.00 0.00]
 [1.00 0.00 0.00 1.00 0.00 0.00]
 [0.00 1.00 1.00 0.00 0.00 0.00]
 [0.00 1.00 0.00 0.00 0.00 1.00]
 [1.00 0.00 0.00 0.00 1.00 0.00]]