#1#
[61.00 24.00]
[10.00 19.00]
[18.00 123.00]
[67.00 127.00]
[121.00 114.00]
[112.00 10.00]
#2#
[[61.00 24.00]
 [10.00 19.00]]
[[10.00 19.00]
 [18.00 123.00]]
[[18.00 123.00]
 [67.00 127.00]]
[[61.00 24.00]
 [67.00 127.00]]
[[67.00 127.00]
 [121.00 114.00]]
[[121.00 114.00]
 [112.00 10.00]]
[[61.00 24.00]
 [112.00 10.00]]
#3#
[[0.00 1.00 0.00 1.00 0.00 1.00]
 [1.00 0.00 1.00 0.00 0.00 0.00]
 [0.00 1.00 0.00 1.00 0.00 0.00]
 [1.00 0.00 1.00 0.00 1.00 0.00]
 [0.00 0.00 0.00 1.00 0.00 1.00]
 [1.00 0.00 0.00 0.00 1.00 0.00]]