#1#
[20.00 87.00]
[129.00 71.00]
[10.00 25.00]
[118.00 10.00]
[134.00 124.00]
[25.00 136.00]
#2#
[[20.00 87.00]
 [129.00 71.00]]
[[20.00 87.00]
 [10.00 25.00]]
[[10.00 25.00]
 [118.00 10.00]]
[[129.00 71.00]
 [118.00 10.00]]
[[129.00 71.00]
 [134.00 124.00]]
[[134.00 124.00]
 [25.00 136.00]]
[[20.00 87.00]
 [25.00 136.00]]
#3#
[[0.00 1.00 1.00 0.00 0.00 1.00]
 [1.00 0.00 0.00 1.00 1.00 0.00]
 [1.00 0.00 0.00 1.00 0.00 0.00]
 [0.00 1.00 1.00 0.00 0.00 0.00]
 [0.00 1.00 0.00 0.00 0.00 1.00]
 [1.00 0.00 0.00 0.00 1.00 0.00]]