#1#
[67.00 10.00]
[73.00 132.00]
[126.00 139.00]
[119.00 17.00]
[10.00 22.00]
[15.00 147.00]
#2#
[[67.00 10.00]
 [73.00 132.00]]
[[73.00 132.00]
 [126.00 139.00]]
[[126.00 139.00]
 [119.00 17.00]]
[[67.00 10.00]
 [119.00 17.00]]
[[67.00 10.00]
 [10.00 22.00]]
[[10.00 22.00]
 [15.00 147.00]]
[[73.00 132.00]
 [15.00 147.00]]
#3#
[[0.00 1.00 0.00 1.00 1.00 0.00]
 [1.00 0.00 1.00 0.00 0.00 1.00]
 [0.00 1.00 0.00 1.00 0.00 0.00]
 [1.00 0.00 1.00 0.00 0.00 0.00]
 [1.00 0.00 0.00 0.00 0.00 1.00]
 [0.00 1.00 0.00 0.00 1.00 0.00]]