#1#
[443.00 48.00]
[399.00 10.00]
[10.00 441.00]
[52.00 479.00]
[482.00 86.00]
[94.00 516.00]
#2#
[[443.00 48.00]
 [399.00 10.00]]
[[399.00 10.00]
 [10.00 441.00]]
[[10.00 441.00]
 [52.00 479.00]]
[[443.00 48.00]
 [482.00 86.00]]
[[482.00 86.00]
 [94.00 516.00]]
[[52.00 479.00]
 [94.00 516.00]]
[[443.00 48.00]
 [52.00 479.00]]
#3#
[[0.00 1.00 0.00 1.00 1.00 0.00]
 [1.00 0.00 1.00 0.00 0.00 0.00]
 [0.00 1.00 0.00 1.00 0.00 0.00]
 [1.00 0.00 1.00 0.00 0.00 1.00]
 [1.00 0.00 0.00 0.00 0.00 1.00]
 [0.00 0.00 0.00 1.00 1.00 0.00]]