#1#
[10.00 27.00]
[70.00 71.00]
[27.00 124.00]
[108.00 10.00]
[125.00 105.00]
#2#
[[10.00 27.00]
 [70.00 71.00]]
[[70.00 71.00]
 [27.00 124.00]]
[[70.00 71.00]
 [27.00 124.00]]
[[70.00 71.00]
 [108.00 10.00]]
[[10.00 27.00]
 [108.00 10.00]]
[[10.00 27.00]
 [27.00 124.00]]
[[27.00 124.00]
 [125.00 105.00]]
[[108.00 10.00]
 [125.00 105.00]]
[[70.00 71.00]
 [108.00 10.00]]
[[70.00 71.00]
 [125.00 105.00]]
#3#
[[0.00 1.00 1.00 1.00 0.00]
 [1.00 0.00 1.00 1.00 1.00]
 [1.00 1.00 0.00 0.00 1.00]
 [1.00 1.00 0.00 0.00 1.00]
 [0.00 1.00 1.00 1.00 0.00]]