#1#
[67.00 217.00]
[114.00 244.00]
[183.00 111.00]
[138.00 86.00]
[196.00 87.00]
[53.00 10.00]
[10.00 95.00]
[87.00 140.00]
[51.00 208.00]
#2#
[[67.00 217.00]
 [114.00 244.00]]
[[114.00 244.00]
 [183.00 111.00]]
[[67.00 217.00]
 [138.00 86.00]]
[[183.00 111.00]
 [138.00 86.00]]
[[183.00 111.00]
 [196.00 87.00]]
[[196.00 87.00]
 [53.00 10.00]]
[[53.00 10.00]
 [10.00 95.00]]
[[10.00 95.00]
 [87.00 140.00]]
[[51.00 208.00]
 [87.00 140.00]]
[[51.00 208.00]
 [67.00 217.00]]
#3#
[[0.00 1.00 0.00 1.00 0.00 0.00 0.00 0.00 1.00]
 [1.00 0.00 1.00 0.00 0.00 0.00 0.00 0.00 0.00]
 [0.00 1.00 0.00 1.00 1.00 0.00 0.00 0.00 0.00]
 [1.00 0.00 1.00 0.00 0.00 0.00 0.00 0.00 0.00]
 [0.00 0.00 1.00 0.00 0.00 1.00 0.00 0.00 0.00]
 [0.00 0.00 0.00 0.00 1.00 0.00 1.00 0.00 0.00]
 [0.00 0.00 0.00 0.00 0.00 1.00 0.00 1.00 0.00]
 [0.00 0.00 0.00 0.00 0.00 0.00 1.00 0.00 1.00]
 [1.00 0.00 0.00 0.00 0.00 0.00 0.00 1.00 0.00]]