#1#
[51.00 89.00]
[10.00 75.00]
[30.00 10.00]
[69.00 21.00]
[116.00 35.00]
[98.00 101.00]
#2#
[[51.00 89.00]
 [10.00 75.00]]
[[10.00 75.00]
 [30.00 10.00]]
[[30.00 10.00]
 [69.00 21.00]]
[[51.00 89.00]
 [69.00 21.00]]
[[69.00 21.00]
 [116.00 35.00]]
[[116.00 35.00]
 [98.00 101.00]]
[[51.00 89.00]
 [98.00 101.00]]
#3#
[[0.00 1.00 0.00 1.00 0.00 1.00]
 [1.00 0.00 1.00 0.00 0.00 0.00]
 [0.00 1.00 0.00 1.00 0.00 0.00]
 [1.00 0.00 1.00 0.00 1.00 0.00]
 [0.00 0.00 0.00 1.00 0.00 1.00]
 [1.00 0.00 0.00 0.00 1.00 0.00]]