#1#
[142.00 36.00]
[106.00 10.00]
[10.00 183.00]
[46.33 210.00]
[105.00 235.00]
[194.00 58.00]
#2#
[[142.00 36.00]
 [106.00 10.00]]
[[106.00 10.00]
 [10.00 183.00]]
[[10.00 183.00]
 [46.33 210.00]]
[[46.33 210.00]
 [105.00 235.00]]
[[105.00 235.00]
 [194.00 58.00]]
[[142.00 36.00]
 [194.00 58.00]]
[[142.00 36.00]
 [46.33 210.00]]
#3#
[[0.00 1.00 0.00 1.00 0.00 1.00]
 [1.00 0.00 1.00 0.00 0.00 0.00]
 [0.00 1.00 0.00 1.00 0.00 0.00]
 [1.00 0.00 1.00 0.00 1.00 0.00]
 [0.00 0.00 0.00 1.00 0.00 1.00]
 [1.00 0.00 0.00 0.00 1.00 0.00]]