#1#
[214.00 82.00]
[200.00 10.00]
[10.00 49.00]
[25.00 122.00]
[41.00 193.00]
[229.00 154.00]
#2#
[[214.00 82.00]
 [200.00 10.00]]
[[200.00 10.00]
 [10.00 49.00]]
[[10.00 49.00]
 [25.00 122.00]]
[[214.00 82.00]
 [25.00 122.00]]
[[25.00 122.00]
 [41.00 193.00]]
[[41.00 193.00]
 [229.00 154.00]]
[[214.00 82.00]
 [229.00 154.00]]
#3#
[[0.00 1.00 0.00 1.00 0.00 1.00]
 [1.00 0.00 1.00 0.00 0.00 0.00]
 [0.00 1.00 0.00 1.00 0.00 0.00]
 [1.00 0.00 1.00 0.00 1.00 0.00]
 [0.00 0.00 0.00 1.00 0.00 1.00]
 [1.00 0.00 0.00 0.00 1.00 0.00]]