#1#
[39.00 99.00]
[10.00 71.00]
[111.00 10.00]
[140.00 38.00]
[60.00 155.00]
[161.00 95.00]
#2#
[[39.00 99.00]
 [10.00 71.00]]
[[10.00 71.00]
 [111.00 10.00]]
[[111.00 10.00]
 [140.00 38.00]]
[[39.00 99.00]
 [60.00 155.00]]
[[60.00 155.00]
 [161.00 95.00]]
[[140.00 38.00]
 [161.00 95.00]]
[[39.00 99.00]
 [140.00 38.00]]
#3#
[[0.00 1.00 0.00 1.00 1.00 0.00]
 [1.00 0.00 1.00 0.00 0.00 0.00]
 [0.00 1.00 0.00 1.00 0.00 0.00]
 [1.00 0.00 1.00 0.00 0.00 1.00]
 [1.00 0.00 0.00 0.00 0.00 1.00]
 [0.00 0.00 0.00 1.00 1.00 0.00]]