#1#
[132.00 176.00]
[139.00 197.00]
[59.00 224.00]
[10.00 102.00]
[286.00 10.00]
[322.00 113.00]
#2#
[[132.00 176.00]
 [139.00 197.00]]
[[139.00 197.00]
 [59.00 224.00]]
[[59.00 224.00]
 [10.00 102.00]]
[[10.00 102.00]
 [286.00 10.00]]
[[286.00 10.00]
 [322.00 113.00]]
[[132.00 176.00]
 [322.00 113.00]]
#3#
[[0.00 1.00 0.00 0.00 0.00 1.00]
 [1.00 0.00 1.00 0.00 0.00 0.00]
 [0.00 1.00 0.00 1.00 0.00 0.00]
 [0.00 0.00 1.00 0.00 1.00 0.00]
 [0.00 0.00 0.00 1.00 0.00 1.00]
 [1.00 0.00 0.00 0.00 1.00 0.00]]