#1#
[40.00 63.00]
[72.00 10.00]
[550.00 340.00]
[517.00 387.00]
[10.00 108.00]
[482.00 430.00]
#2#
[[40.00 63.00]
 [72.00 10.00]]
[[72.00 10.00]
 [550.00 340.00]]
[[550.00 340.00]
 [517.00 387.00]]
[[40.00 63.00]
 [10.00 108.00]]
[[10.00 108.00]
 [482.00 430.00]]
[[517.00 387.00]
 [482.00 430.00]]
[[40.00 63.00]
 [517.00 387.00]]
#3#
[[0.00 1.00 0.00 1.00 1.00 0.00]
 [1.00 0.00 1.00 0.00 0.00 0.00]
 [0.00 1.00 0.00 1.00 0.00 0.00]
 [1.00 0.00 1.00 0.00 0.00 1.00]
 [1.00 0.00 0.00 0.00 0.00 1.00]
 [0.00 0.00 0.00 1.00 1.00 0.00]]