#1#
[88.00 12.00]
[136.00 35.00]
[106.00 144.00]
[61.00 124.00]
[10.00 119.00]
[39.00 10.00]
#2#
[[88.00 12.00]
 [136.00 35.00]]
[[136.00 35.00]
 [106.00 144.00]]
[[106.00 144.00]
 [61.00 124.00]]
[[88.00 12.00]
 [61.00 124.00]]
[[61.00 124.00]
 [10.00 119.00]]
[[10.00 119.00]
 [39.00 10.00]]
[[88.00 12.00]
 [39.00 10.00]]
#3#
[[0.00 1.00 0.00 1.00 0.00 1.00]
 [1.00 0.00 1.00 0.00 0.00 0.00]
 [0.00 1.00 0.00 1.00 0.00 0.00]
 [1.00 0.00 1.00 0.00 1.00 0.00]
 [0.00 0.00 0.00 1.00 0.00 1.00]
 [1.00 0.00 0.00 0.00 1.00 0.00]]