#1#
[37.00 59.00]
[10.00 112.00]
[262.00 253.00]
[289.00 197.00]
[318.00 149.00]
[69.00 10.00]
#2#
[[37.00 59.00]
 [10.00 112.00]]
[[10.00 112.00]
 [262.00 253.00]]
[[262.00 253.00]
 [289.00 197.00]]
[[289.00 197.00]
 [318.00 149.00]]
[[318.00 149.00]
 [69.00 10.00]]
[[37.00 59.00]
 [69.00 10.00]]
[[37.00 59.00]
 [289.00 197.00]]
#3#
[[0.00 1.00 0.00 1.00 0.00 1.00]
 [1.00 0.00 1.00 0.00 0.00 0.00]
 [0.00 1.00 0.00 1.00 0.00 0.00]
 [1.00 0.00 1.00 0.00 1.00 0.00]
 [0.00 0.00 0.00 1.00 0.00 1.00]
 [1.00 0.00 0.00 0.00 1.00 0.00]]