#1#
[250.00 62.00]
[293.00 137.00]
[53.00 275.00]
[339.00 10.00]
[481.00 260.00]
[152.00 447.00]
[10.00 200.00]
#2#
[[250.00 62.00]
 [293.00 137.00]]
[[293.00 137.00]
 [53.00 275.00]]
[[250.00 62.00]
 [339.00 10.00]]
[[339.00 10.00]
 [481.00 260.00]]
[[481.00 260.00]
 [152.00 447.00]]
[[53.00 275.00]
 [152.00 447.00]]
[[53.00 275.00]
 [10.00 200.00]]
[[250.00 62.00]
 [10.00 200.00]]
#3#
[[0.00 1.00 0.00 1.00 0.00 0.00 1.00]
 [1.00 0.00 1.00 0.00 0.00 0.00 0.00]
 [0.00 1.00 0.00 0.00 0.00 1.00 1.00]
 [1.00 0.00 0.00 0.00 1.00 0.00 0.00]
 [0.00 0.00 0.00 1.00 0.00 1.00 0.00]
 [0.00 0.00 1.00 0.00 1.00 0.00 0.00]
 [1.00 0.00 1.00 0.00 0.00 0.00 0.00]]