#1#
[160.00 103.00]
[180.00 58.00]
[77.00 10.00]
[56.00 57.00]
[10.00 153.00]
[53.00 172.00]
[40.00 200.00]
[101.00 229.00]
#2#
[[160.00 103.00]
 [180.00 58.00]]
[[180.00 58.00]
 [77.00 10.00]]
[[77.00 10.00]
 [56.00 57.00]]
[[56.00 57.00]
 [10.00 153.00]]
[[10.00 153.00]
 [53.00 172.00]]
[[53.00 172.00]
 [40.00 200.00]]
[[40.00 200.00]
 [101.00 229.00]]
[[160.00 103.00]
 [101.00 229.00]]
[[160.00 103.00]
 [56.00 57.00]]
#3#
[[0.00 1.00 0.00 1.00 0.00 0.00 0.00 1.00]
 [1.00 0.00 1.00 0.00 0.00 0.00 0.00 0.00]
 [0.00 1.00 0.00 1.00 0.00 0.00 0.00 0.00]
 [1.00 0.00 1.00 0.00 1.00 0.00 0.00 0.00]
 [0.00 0.00 0.00 1.00 0.00 1.00 0.00 0.00]
 [0.00 0.00 0.00 0.00 1.00 0.00 1.00 0.00]
 [0.00 0.00 0.00 0.00 0.00 1.00 0.00 1.00]
 [1.00 0.00 0.00 0.00 0.00 0.00 1.00 0.00]]