#1#
[57.00 27.00]
[10.00 56.00]
[67.00 173.00]
[113.00 145.00]
[163.00 129.00]
[110.00 10.00]
#2#
[[57.00 27.00]
 [10.00 56.00]]
[[10.00 56.00]
 [67.00 173.00]]
[[67.00 173.00]
 [113.00 145.00]]
[[57.00 27.00]
 [113.00 145.00]]
[[113.00 145.00]
 [163.00 129.00]]
[[163.00 129.00]
 [110.00 10.00]]
[[57.00 27.00]
 [110.00 10.00]]
#3#
[[0.00 1.00 0.00 1.00 0.00 1.00]
 [1.00 0.00 1.00 0.00 0.00 0.00]
 [0.00 1.00 0.00 1.00 0.00 0.00]
 [1.00 0.00 1.00 0.00 1.00 0.00]
 [0.00 0.00 0.00 1.00 0.00 1.00]
 [1.00 0.00 0.00 0.00 1.00 0.00]]