#1#
[61.00 121.00]
[112.00 140.00]
[152.00 64.00]
[103.00 45.00]
[52.00 10.00]
[10.00 84.00]
#2#
[[61.00 121.00]
 [112.00 140.00]]
[[112.00 140.00]
 [152.00 64.00]]
[[152.00 64.00]
 [103.00 45.00]]
[[61.00 121.00]
 [103.00 45.00]]
[[103.00 45.00]
 [52.00 10.00]]
[[52.00 10.00]
 [10.00 84.00]]
[[61.00 121.00]
 [10.00 84.00]]
#3#
[[0.00 1.00 0.00 1.00 0.00 1.00]
 [1.00 0.00 1.00 0.00 0.00 0.00]
 [0.00 1.00 0.00 1.00 0.00 0.00]
 [1.00 0.00 1.00 0.00 1.00 0.00]
 [0.00 0.00 0.00 1.00 0.00 1.00]
 [1.00 0.00 0.00 0.00 1.00 0.00]]