#1#
[27.00 58.00]
[170.00 97.00]
[151.00 157.00]
[10.00 116.00]
[39.00 10.00]
[180.00 50.00]
#2#
[[27.00 58.00]
 [170.00 97.00]]
[[170.00 97.00]
 [151.00 157.00]]
[[151.00 157.00]
 [10.00 116.00]]
[[27.00 58.00]
 [10.00 116.00]]
[[27.00 58.00]
 [39.00 10.00]]
[[39.00 10.00]
 [180.00 50.00]]
[[170.00 97.00]
 [180.00 50.00]]
#3#
[[0.00 1.00 0.00 1.00 1.00 0.00]
 [1.00 0.00 1.00 0.00 0.00 1.00]
 [0.00 1.00 0.00 1.00 0.00 0.00]
 [1.00 0.00 1.00 0.00 0.00 0.00]
 [1.00 0.00 0.00 0.00 0.00 1.00]
 [0.00 1.00 0.00 0.00 1.00 0.00]]