#1#
[62.00 160.00]
[10.00 131.00]
[37.00 10.00]
[88.00 37.00]
[140.00 32.00]
[115.00 154.00]
#2#
[[62.00 160.00]
 [10.00 131.00]]
[[10.00 131.00]
 [37.00 10.00]]
[[37.00 10.00]
 [88.00 37.00]]
[[62.00 160.00]
 [88.00 37.00]]
[[88.00 37.00]
 [140.00 32.00]]
[[140.00 32.00]
 [115.00 154.00]]
[[62.00 160.00]
 [115.00 154.00]]
#3#
[[0.00 1.00 0.00 1.00 0.00 1.00]
 [1.00 0.00 1.00 0.00 0.00 0.00]
 [0.00 1.00 0.00 1.00 0.00 0.00]
 [1.00 0.00 1.00 0.00 1.00 0.00]
 [0.00 0.00 0.00 1.00 0.00 1.00]
 [1.00 0.00 0.00 0.00 1.00 0.00]]