#1#
[262.00 466.00]
[210.00 496.00]
[10.00 55.00]
[62.00 27.00]
[315.00 448.00]
[116.00 10.00]
#2#
[[262.00 466.00]
 [210.00 496.00]]
[[210.00 496.00]
 [10.00 55.00]]
[[10.00 55.00]
 [62.00 27.00]]
[[262.00 466.00]
 [315.00 448.00]]
[[315.00 448.00]
 [116.00 10.00]]
[[62.00 27.00]
 [116.00 10.00]]
[[262.00 466.00]
 [62.00 27.00]]
#3#
[[0.00 1.00 0.00 1.00 1.00 0.00]
 [1.00 0.00 1.00 0.00 0.00 0.00]
 [0.00 1.00 0.00 1.00 0.00 0.00]
 [1.00 0.00 1.00 0.00 0.00 1.00]
 [1.00 0.00 0.00 0.00 0.00 1.00]
 [0.00 0.00 0.00 1.00 1.00 0.00]]