#1#
[10.00 152.00]
[143.00 159.00]
[150.00 65.00]
[16.00 58.00]
[16.00 10.00]
[150.00 18.00]
#2#
[[10.00 152.00]
 [143.00 159.00]]
[[143.00 159.00]
 [150.00 65.00]]
[[150.00 65.00]
 [16.00 58.00]]
[[10.00 152.00]
 [16.00 58.00]]
[[16.00 58.00]
 [16.00 10.00]]
[[16.00 10.00]
 [150.00 18.00]]
[[150.00 65.00]
 [150.00 18.00]]
#3#
[[0.00 1.00 0.00 1.00 0.00 0.00]
 [1.00 0.00 1.00 0.00 0.00 0.00]
 [0.00 1.00 0.00 1.00 0.00 1.00]
 [1.00 0.00 1.00 0.00 1.00 0.00]
 [0.00 0.00 0.00 1.00 0.00 1.00]
 [0.00 0.00 1.00 0.00 1.00 0.00]]