#1#
[79.00 32.00]
[58.00 10.00]
[10.00 87.00]
[29.00 110.00]
[111.00 41.00]
[60.00 115.00]
#2#
[[79.00 32.00]
 [58.00 10.00]]
[[58.00 10.00]
 [10.00 87.00]]
[[10.00 87.00]
 [29.00 110.00]]
[[79.00 32.00]
 [29.00 110.00]]
[[79.00 32.00]
 [111.00 41.00]]
[[111.00 41.00]
 [60.00 115.00]]
[[29.00 110.00]
 [60.00 115.00]]
#3#
[[0.00 1.00 0.00 1.00 1.00 0.00]
 [1.00 0.00 1.00 0.00 0.00 0.00]
 [0.00 1.00 0.00 1.00 0.00 0.00]
 [1.00 0.00 1.00 0.00 0.00 1.00]
 [1.00 0.00 0.00 0.00 0.00 1.00]
 [0.00 0.00 0.00 1.00 1.00 0.00]]