#1#
[68.00 10.00]
[166.00 28.00]
[108.00 72.00]
[109.00 328.00]
[68.00 276.00]
[10.00 311.00]
#2#
[[68.00 10.00]
 [166.00 28.00]]
[[166.00 28.00]
 [108.00 72.00]]
[[166.00 28.00]
 [109.00 328.00]]
[[68.00 10.00]
 [108.00 72.00]]
[[108.00 72.00]
 [68.00 276.00]]
[[68.00 276.00]
 [10.00 311.00]]
[[109.00 328.00]
 [68.00 276.00]]
[[68.00 10.00]
 [10.00 311.00]]
[[109.00 328.00]
 [10.00 311.00]]
#3#
[[0.00 1.00 1.00 0.00 0.00 1.00]
 [1.00 0.00 1.00 1.00 0.00 0.00]
 [1.00 1.00 0.00 0.00 1.00 0.00]
 [0.00 1.00 0.00 0.00 1.00 1.00]
 [0.00 0.00 1.00 1.00 0.00 1.00]
 [1.00 0.00 0.00 1.00 1.00 0.00]]