#1#
[64.00 10.00]
[92.00 14.00]
[59.00 14.00]
[29.00 10.00]
[98.00 22.00]
[144.00 30.00]
[15.00 80.00]
[129.00 101.00]
[10.00 118.00]
[121.00 138.00]
#2#
[[64.00 10.00]
 [92.00 14.00]]
[[64.00 10.00]
 [59.00 14.00]]
[[59.00 14.00]
 [29.00 10.00]]
[[92.00 14.00]
 [98.00 22.00]]
[[98.00 22.00]
 [144.00 30.00]]
[[29.00 10.00]
 [15.00 80.00]]
[[15.00 80.00]
 [129.00 101.00]]
[[144.00 30.00]
 [129.00 101.00]]
[[10.00 118.00]
 [15.00 80.00]]
[[121.00 138.00]
 [129.00 101.00]]
[[10.00 118.00]
 [121.00 138.00]]
#3#
[[0.00 1.00 1.00 0.00 0.00 0.00 0.00 0.00 0.00 0.00]
 [1.00 0.00 0.00 0.00 1.00 0.00 0.00 0.00 0.00 0.00]
 [1.00 0.00 0.00 1.00 0.00 0.00 0.00 0.00 0.00 0.00]
 [0.00 0.00 1.00 0.00 0.00 0.00 1.00 0.00 0.00 0.00]
 [0.00 1.00 0.00 0.00 0.00 1.00 0.00 0.00 0.00 0.00]
 [0.00 0.00 0.00 0.00 1.00 0.00 0.00 1.00 0.00 0.00]
 [0.00 0.00 0.00 1.00 0.00 0.00 0.00 1.00 1.00 0.00]
 [0.00 0.00 0.00 0.00 0.00 1.00 1.00 0.00 0.00 1.00]
 [0.00 0.00 0.00 0.00 0.00 0.00 1.00 0.00 0.00 1.00]
 [0.00 0.00 0.00 0.00 0.00 0.00 0.00 1.00 1.00 0.00]]