#1#
[52.00 123.00]
[102.00 41.00]
[90.00 140.00]
[139.00 59.00]
[60.00 10.00]
[10.00 91.00]
#2#
[[52.00 123.00]
 [102.00 41.00]]
[[52.00 123.00]
 [90.00 140.00]]
[[90.00 140.00]
 [139.00 59.00]]
[[102.00 41.00]
 [139.00 59.00]]
[[102.00 41.00]
 [60.00 10.00]]
[[60.00 10.00]
 [10.00 91.00]]
[[52.00 123.00]
 [10.00 91.00]]
#3#
[[0.00 1.00 1.00 0.00 0.00 1.00]
 [1.00 0.00 0.00 1.00 1.00 0.00]
 [1.00 0.00 0.00 1.00 0.00 0.00]
 [0.00 1.00 1.00 0.00 0.00 0.00]
 [0.00 1.00 0.00 0.00 0.00 1.00]
 [1.00 0.00 0.00 0.00 1.00 0.00]]