#1#
[67.00 26.00]
[117.00 152.00]
[176.00 137.00]
[128.00 10.00]
[10.00 54.00]
[62.00 184.00]
#2#
[[67.00 26.00]
 [117.00 152.00]]
[[117.00 152.00]
 [176.00 137.00]]
[[176.00 137.00]
 [128.00 10.00]]
[[67.00 26.00]
 [128.00 10.00]]
[[67.00 26.00]
 [10.00 54.00]]
[[10.00 54.00]
 [62.00 184.00]]
[[117.00 152.00]
 [62.00 184.00]]
#3#
[[0.00 1.00 0.00 1.00 1.00 0.00]
 [1.00 0.00 1.00 0.00 0.00 1.00]
 [0.00 1.00 0.00 1.00 0.00 0.00]
 [1.00 0.00 1.00 0.00 0.00 0.00]
 [1.00 0.00 0.00 0.00 0.00 1.00]
 [0.00 1.00 0.00 0.00 1.00 0.00]]