#1#
[77.00 26.00]
[83.00 163.00]
[137.00 10.00]
[142.00 148.00]
[15.00 154.00]
[10.00 13.00]
#2#
[[77.00 26.00]
 [83.00 163.00]]
[[77.00 26.00]
 [137.00 10.00]]
[[137.00 10.00]
 [142.00 148.00]]
[[83.00 163.00]
 [142.00 148.00]]
[[83.00 163.00]
 [15.00 154.00]]
[[15.00 154.00]
 [10.00 13.00]]
[[77.00 26.00]
 [10.00 13.00]]
#3#
[[0.00 1.00 1.00 0.00 0.00 1.00]
 [1.00 0.00 0.00 1.00 1.00 0.00]
 [1.00 0.00 0.00 1.00 0.00 0.00]
 [0.00 1.00 1.00 0.00 0.00 0.00]
 [0.00 1.00 0.00 0.00 0.00 1.00]
 [1.00 0.00 0.00 0.00 1.00 0.00]]