#1#
[58.00 44.00]
[10.00 72.00]
[160.00 300.00]
[207.00 271.00]
[256.00 239.00]
[112.00 10.00]
#2#
[[58.00 44.00]
 [10.00 72.00]]
[[10.00 72.00]
 [160.00 300.00]]
[[160.00 300.00]
 [207.00 271.00]]
[[58.00 44.00]
 [207.00 271.00]]
[[207.00 271.00]
 [256.00 239.00]]
[[256.00 239.00]
 [112.00 10.00]]
[[58.00 44.00]
 [112.00 10.00]]
#3#
[[0.00 1.00 0.00 1.00 0.00 1.00]
 [1.00 0.00 1.00 0.00 0.00 0.00]
 [0.00 1.00 0.00 1.00 0.00 0.00]
 [1.00 0.00 1.00 0.00 1.00 0.00]
 [0.00 0.00 0.00 1.00 0.00 1.00]
 [1.00 0.00 0.00 0.00 1.00 0.00]]