#1#
[33.00 45.00]
[42.00 10.00]
[130.00 45.00]
[119.00 80.00]
[97.00 126.00]
[10.00 91.00]
#2#
[[33.00 45.00]
 [42.00 10.00]]
[[42.00 10.00]
 [130.00 45.00]]
[[130.00 45.00]
 [119.00 80.00]]
[[33.00 45.00]
 [119.00 80.00]]
[[119.00 80.00]
 [97.00 126.00]]
[[97.00 126.00]
 [10.00 91.00]]
[[33.00 45.00]
 [10.00 91.00]]
#3#
[[0.00 1.00 0.00 1.00 0.00 1.00]
 [1.00 0.00 1.00 0.00 0.00 0.00]
 [0.00 1.00 0.00 1.00 0.00 0.00]
 [1.00 0.00 1.00 0.00 1.00 0.00]
 [0.00 0.00 0.00 1.00 0.00 1.00]
 [1.00 0.00 0.00 0.00 1.00 0.00]]