#1#
[81.00 184.00]
[98.00 103.00]
[88.00 86.00]
[10.00 69.00]
[109.00 10.00]
[182.00 124.00]
#2#
[[81.00 184.00]
 [98.00 103.00]]
[[98.00 103.00]
 [88.00 86.00]]
[[88.00 86.00]
 [10.00 69.00]]
[[88.00 86.00]
 [10.00 69.00]]
[[88.00 86.00]
 [109.00 10.00]]
[[109.00 10.00]
 [182.00 124.00]]
[[98.00 103.00]
 [182.00 124.00]]
[[98.00 103.00]
 [182.00 124.00]]
[[81.00 184.00]
 [182.00 124.00]]
[[81.00 184.00]
 [10.00 69.00]]
[[10.00 69.00]
 [109.00 10.00]]
#3#
[[0.00 1.00 0.00 1.00 0.00 1.00]
 [1.00 0.00 1.00 0.00 0.00 1.00]
 [0.00 1.00 0.00 1.00 1.00 0.00]
 [1.00 0.00 1.00 0.00 1.00 0.00]
 [0.00 0.00 1.00 1.00 0.00 1.00]
 [1.00 1.00 0.00 0.00 1.00 0.00]]