#1#
[26.00 110.00]
[40.00 169.00]
[211.00 127.00]
[198.00 68.00]
[184.00 10.00]
[10.00 51.00]
#2#
[[26.00 110.00]
 [40.00 169.00]]
[[40.00 169.00]
 [211.00 127.00]]
[[211.00 127.00]
 [198.00 68.00]]
[[198.00 68.00]
 [184.00 10.00]]
[[184.00 10.00]
 [10.00 51.00]]
[[26.00 110.00]
 [10.00 51.00]]
[[26.00 110.00]
 [198.00 68.00]]
#3#
[[0.00 1.00 0.00 1.00 0.00 1.00]
 [1.00 0.00 1.00 0.00 0.00 0.00]
 [0.00 1.00 0.00 1.00 0.00 0.00]
 [1.00 0.00 1.00 0.00 1.00 0.00]
 [0.00 0.00 0.00 1.00 0.00 1.00]
 [1.00 0.00 0.00 0.00 1.00 0.00]]