#1#
[24.00 59.00]
[46.00 10.00]
[151.00 49.00]
[130.00 96.00]
[111.00 156.00]
[10.00 117.00]
#2#
[[24.00 59.00]
 [46.00 10.00]]
[[46.00 10.00]
 [151.00 49.00]]
[[151.00 49.00]
 [130.00 96.00]]
[[24.00 59.00]
 [130.00 96.00]]
[[130.00 96.00]
 [111.00 156.00]]
[[111.00 156.00]
 [10.00 117.00]]
[[24.00 59.00]
 [10.00 117.00]]
#3#
[[0.00 1.00 0.00 1.00 0.00 1.00]
 [1.00 0.00 1.00 0.00 0.00 0.00]
 [0.00 1.00 0.00 1.00 0.00 0.00]
 [1.00 0.00 1.00 0.00 1.00 0.00]
 [0.00 0.00 0.00 1.00 0.00 1.00]
 [1.00 0.00 0.00 0.00 1.00 0.00]]