#1#
[144.00 60.00]
[113.00 10.00]
[10.00 90.00]
[41.00 138.00]
[73.00 174.00]
[114.00 144.00]
[127.00 159.00]
[191.00 110.00]
#2#
[[144.00 60.00]
 [113.00 10.00]]
[[113.00 10.00]
 [10.00 90.00]]
[[10.00 90.00]
 [41.00 138.00]]
[[144.00 60.00]
 [41.00 138.00]]
[[41.00 138.00]
 [73.00 174.00]]
[[73.00 174.00]
 [114.00 144.00]]
[[114.00 144.00]
 [127.00 159.00]]
[[127.00 159.00]
 [191.00 110.00]]
[[144.00 60.00]
 [191.00 110.00]]
#3#
[[0.00 1.00 0.00 1.00 0.00 0.00 0.00 1.00]
 [1.00 0.00 1.00 0.00 0.00 0.00 0.00 0.00]
 [0.00 1.00 0.00 1.00 0.00 0.00 0.00 0.00]
 [1.00 0.00 1.00 0.00 1.00 0.00 0.00 0.00]
 [0.00 0.00 0.00 1.00 0.00 1.00 0.00 0.00]
 [0.00 0.00 0.00 0.00 1.00 0.00 1.00 0.00]
 [0.00 0.00 0.00 0.00 0.00 1.00 0.00 1.00]
 [1.00 0.00 0.00 0.00 0.00 0.00 1.00 0.00]]