#1#
[12.00 60.00]
[10.00 10.00]
[102.00 10.00]
[101.00 62.00]
[11.00 110.00]
[100.00 110.00]
#2#
[[12.00 60.00]
 [10.00 10.00]]
[[10.00 10.00]
 [102.00 10.00]]
[[102.00 10.00]
 [101.00 62.00]]
[[12.00 60.00]
 [101.00 62.00]]
[[12.00 60.00]
 [11.00 110.00]]
[[11.00 110.00]
 [100.00 110.00]]
[[101.00 62.00]
 [100.00 110.00]]
#3#
[[0.00 1.00 0.00 1.00 1.00 0.00]
 [1.00 0.00 1.00 0.00 0.00 0.00]
 [0.00 1.00 0.00 1.00 0.00 0.00]
 [1.00 0.00 1.00 0.00 0.00 1.00]
 [1.00 0.00 0.00 0.00 0.00 1.00]
 [0.00 0.00 0.00 1.00 1.00 0.00]]