#1#
[156.00 60.00]
[155.00 10.00]
[10.00 19.00]
[10.00 67.00]
[14.00 130.00]
[157.00 121.00]
#2#
[[156.00 60.00]
 [155.00 10.00]]
[[155.00 10.00]
 [10.00 19.00]]
[[10.00 19.00]
 [10.00 67.00]]
[[156.00 60.00]
 [10.00 67.00]]
[[10.00 67.00]
 [14.00 130.00]]
[[14.00 130.00]
 [157.00 121.00]]
[[156.00 60.00]
 [157.00 121.00]]
#3#
[[0.00 1.00 0.00 1.00 0.00 1.00]
 [1.00 0.00 1.00 0.00 0.00 0.00]
 [0.00 1.00 0.00 1.00 0.00 0.00]
 [1.00 0.00 1.00 0.00 1.00 0.00]
 [0.00 0.00 0.00 1.00 0.00 1.00]
 [1.00 0.00 0.00 0.00 1.00 0.00]]