#1#
[103.00 15.00]
[156.00 31.00]
[113.00 233.00]
[63.00 216.00]
[10.00 211.00]
[49.00 10.00]
#2#
[[103.00 15.00]
 [156.00 31.00]]
[[156.00 31.00]
 [113.00 233.00]]
[[113.00 233.00]
 [63.00 216.00]]
[[103.00 15.00]
 [63.00 216.00]]
[[63.00 216.00]
 [10.00 211.00]]
[[10.00 211.00]
 [49.00 10.00]]
[[103.00 15.00]
 [49.00 10.00]]
#3#
[[0.00 1.00 0.00 1.00 0.00 1.00]
 [1.00 0.00 1.00 0.00 0.00 0.00]
 [0.00 1.00 0.00 1.00 0.00 0.00]
 [1.00 0.00 1.00 0.00 1.00 0.00]
 [0.00 0.00 0.00 1.00 0.00 1.00]
 [1.00 0.00 0.00 0.00 1.00 0.00]]