#1#
[48.00 38.00]
[151.00 170.00]
[10.00 68.00]
[113.00 199.00]
[185.00 143.00]
[81.00 10.00]
#2#
[[48.00 38.00]
 [151.00 170.00]]
[[48.00 38.00]
 [10.00 68.00]]
[[10.00 68.00]
 [113.00 199.00]]
[[151.00 170.00]
 [113.00 199.00]]
[[151.00 170.00]
 [185.00 143.00]]
[[185.00 143.00]
 [81.00 10.00]]
[[48.00 38.00]
 [81.00 10.00]]
#3#
[[0.00 1.00 1.00 0.00 0.00 1.00]
 [1.00 0.00 0.00 1.00 1.00 0.00]
 [1.00 0.00 0.00 1.00 0.00 0.00]
 [0.00 1.00 1.00 0.00 0.00 0.00]
 [0.00 1.00 0.00 0.00 0.00 1.00]
 [1.00 0.00 0.00 0.00 1.00 0.00]]