#1#
[64.00 12.00]
[117.00 10.00]
[126.00 129.00]
[74.00 130.00]
[20.00 136.00]
[10.00 18.00]
#2#
[[64.00 12.00]
 [117.00 10.00]]
[[117.00 10.00]
 [126.00 129.00]]
[[126.00 129.00]
 [74.00 130.00]]
[[74.00 130.00]
 [20.00 136.00]]
[[20.00 136.00]
 [10.00 18.00]]
[[64.00 12.00]
 [10.00 18.00]]
[[64.00 12.00]
 [74.00 130.00]]
#3#
[[0.00 1.00 0.00 1.00 0.00 1.00]
 [1.00 0.00 1.00 0.00 0.00 0.00]
 [0.00 1.00 0.00 1.00 0.00 0.00]
 [1.00 0.00 1.00 0.00 1.00 0.00]
 [0.00 0.00 0.00 1.00 0.00 1.00]
 [1.00 0.00 0.00 0.00 1.00 0.00]]