#1#
[76.00 10.00]
[18.00 16.00]
[10.00 173.00]
[68.00 166.00]
[120.00 179.00]
[130.00 23.00]
#2#
[[76.00 10.00]
 [18.00 16.00]]
[[18.00 16.00]
 [10.00 173.00]]
[[10.00 173.00]
 [68.00 166.00]]
[[76.00 10.00]
 [68.00 166.00]]
[[68.00 166.00]
 [120.00 179.00]]
[[120.00 179.00]
 [130.00 23.00]]
[[76.00 10.00]
 [130.00 23.00]]
#3#
[[0.00 1.00 0.00 1.00 0.00 1.00]
 [1.00 0.00 1.00 0.00 0.00 0.00]
 [0.00 1.00 0.00 1.00 0.00 0.00]
 [1.00 0.00 1.00 0.00 1.00 0.00]
 [0.00 0.00 0.00 1.00 0.00 1.00]
 [1.00 0.00 0.00 0.00 1.00 0.00]]