#1#
[48.00 49.00]
[10.00 66.00]
[76.00 157.00]
[114.00 140.00]
[155.00 100.00]
[91.00 10.00]
#2#
[[48.00 49.00]
 [10.00 66.00]]
[[10.00 66.00]
 [76.00 157.00]]
[[76.00 157.00]
 [114.00 140.00]]
[[114.00 140.00]
 [155.00 100.00]]
[[155.00 100.00]
 [91.00 10.00]]
[[48.00 49.00]
 [91.00 10.00]]
[[48.00 49.00]
 [114.00 140.00]]
#3#
[[0.00 1.00 0.00 1.00 0.00 1.00]
 [1.00 0.00 1.00 0.00 0.00 0.00]
 [0.00 1.00 0.00 1.00 0.00 0.00]
 [1.00 0.00 1.00 0.00 1.00 0.00]
 [0.00 0.00 0.00 1.00 0.00 1.00]
 [1.00 0.00 0.00 0.00 1.00 0.00]]