#1#
[66.00 110.00]
[72.00 33.00]
[122.00 17.00]
[111.00 151.00]
[10.00 144.00]
[19.00 10.00]
#2#
[[66.00 110.00]
 [72.00 33.00]]
[[72.00 33.00]
 [122.00 17.00]]
[[122.00 17.00]
 [111.00 151.00]]
[[66.00 110.00]
 [111.00 151.00]]
[[111.00 151.00]
 [10.00 144.00]]
[[66.00 110.00]
 [10.00 144.00]]
[[10.00 144.00]
 [19.00 10.00]]
[[122.00 17.00]
 [19.00 10.00]]
[[72.00 33.00]
 [19.00 10.00]]
#3#
[[0.00 1.00 0.00 1.00 1.00 0.00]
 [1.00 0.00 1.00 0.00 0.00 1.00]
 [0.00 1.00 0.00 1.00 0.00 1.00]
 [1.00 0.00 1.00 0.00 1.00 0.00]
 [1.00 0.00 0.00 1.00 0.00 1.00]
 [0.00 1.00 1.00 0.00 1.00 0.00]]