#1#
[117.00 65.00]
[117.00 120.00]
[10.00 121.00]
[10.00 67.00]
[10.00 12.00]
[117.00 10.00]
#2#
[[117.00 65.00]
 [117.00 120.00]]
[[117.00 120.00]
 [10.00 121.00]]
[[10.00 121.00]
 [10.00 67.00]]
[[10.00 67.00]
 [10.00 12.00]]
[[10.00 12.00]
 [117.00 10.00]]
[[117.00 65.00]
 [117.00 10.00]]
[[117.00 65.00]
 [10.00 67.00]]
#3#
[[0.00 1.00 0.00 1.00 0.00 1.00]
 [1.00 0.00 1.00 0.00 0.00 0.00]
 [0.00 1.00 0.00 1.00 0.00 0.00]
 [1.00 0.00 1.00 0.00 1.00 0.00]
 [0.00 0.00 0.00 1.00 0.00 1.00]
 [1.00 0.00 0.00 0.00 1.00 0.00]]