#1#
[53.00 51.00]
[85.00 54.00]
[116.00 117.00]
[10.00 107.00]
[19.00 10.00]
[123.00 18.00]
#2#
[[53.00 51.00]
 [85.00 54.00]]
[[85.00 54.00]
 [116.00 117.00]]
[[116.00 117.00]
 [10.00 107.00]]
[[53.00 51.00]
 [10.00 107.00]]
[[53.00 51.00]
 [19.00 10.00]]
[[10.00 107.00]
 [19.00 10.00]]
[[19.00 10.00]
 [123.00 18.00]]
[[85.00 54.00]
 [123.00 18.00]]
[[116.00 117.00]
 [123.00 18.00]]
#3#
[[0.00 1.00 0.00 1.00 1.00 0.00]
 [1.00 0.00 1.00 0.00 0.00 1.00]
 [0.00 1.00 0.00 1.00 0.00 1.00]
 [1.00 0.00 1.00 0.00 1.00 0.00]
 [1.00 0.00 0.00 1.00 0.00 1.00]
 [0.00 1.00 1.00 0.00 1.00 0.00]]