#1#
[117.00 10.00]
[74.00 66.00]
[143.00 115.00]
[10.00 33.00]
[39.00 141.00]
[86.00 112.00]
#2#
[[117.00 10.00]
 [74.00 66.00]]
[[117.00 10.00]
 [143.00 115.00]]
[[117.00 10.00]
 [10.00 33.00]]
[[10.00 33.00]
 [39.00 141.00]]
[[74.00 66.00]
 [10.00 33.00]]
[[74.00 66.00]
 [86.00 112.00]]
[[143.00 115.00]
 [86.00 112.00]]
[[143.00 115.00]
 [39.00 141.00]]
[[39.00 141.00]
 [86.00 112.00]]
#3#
[[0.00 1.00 1.00 1.00 0.00 0.00]
 [1.00 0.00 0.00 1.00 0.00 1.00]
 [1.00 0.00 0.00 0.00 1.00 1.00]
 [1.00 1.00 0.00 0.00 1.00 0.00]
 [0.00 0.00 1.00 1.00 0.00 1.00]
 [0.00 1.00 1.00 0.00 1.00 0.00]]