#1#
[91.00 183.00]
[44.00 194.00]
[10.00 31.00]
[54.00 19.00]
[138.00 172.00]
[101.00 10.00]
#2#
[[91.00 183.00]
 [44.00 194.00]]
[[44.00 194.00]
 [10.00 31.00]]
[[10.00 31.00]
 [54.00 19.00]]
[[91.00 183.00]
 [54.00 19.00]]
[[91.00 183.00]
 [138.00 172.00]]
[[138.00 172.00]
 [101.00 10.00]]
[[54.00 19.00]
 [101.00 10.00]]
#3#
[[0.00 1.00 0.00 1.00 1.00 0.00]
 [1.00 0.00 1.00 0.00 0.00 0.00]
 [0.00 1.00 0.00 1.00 0.00 0.00]
 [1.00 0.00 1.00 0.00 0.00 1.00]
 [1.00 0.00 0.00 0.00 0.00 1.00]
 [0.00 0.00 0.00 1.00 1.00 0.00]]