#1#
[82.00 23.00]
[36.00 10.00]
[10.00 121.00]
[56.00 133.00]
[127.00 32.00]
[101.00 142.00]
#2#
[[82.00 23.00]
 [36.00 10.00]]
[[36.00 10.00]
 [10.00 121.00]]
[[10.00 121.00]
 [56.00 133.00]]
[[82.00 23.00]
 [56.00 133.00]]
[[82.00 23.00]
 [127.00 32.00]]
[[127.00 32.00]
 [101.00 142.00]]
[[56.00 133.00]
 [101.00 142.00]]
#3#
[[0.00 1.00 0.00 1.00 1.00 0.00]
 [1.00 0.00 1.00 0.00 0.00 0.00]
 [0.00 1.00 0.00 1.00 0.00 0.00]
 [1.00 0.00 1.00 0.00 0.00 1.00]
 [1.00 0.00 0.00 0.00 0.00 1.00]
 [0.00 0.00 0.00 1.00 1.00 0.00]]