#1#
[53.00 57.00]
[54.00 29.00]
[91.00 30.00]
[90.00 59.00]
[15.00 70.00]
[15.00 10.00]
[137.00 16.00]
[136.00 75.00]
[131.00 124.00]
[10.00 119.00]
#2#
[[53.00 57.00]
 [54.00 29.00]]
[[54.00 29.00]
 [91.00 30.00]]
[[91.00 30.00]
 [90.00 59.00]]
[[53.00 57.00]
 [90.00 59.00]]
[[15.00 70.00]
 [15.00 10.00]]
[[15.00 10.00]
 [137.00 16.00]]
[[137.00 16.00]
 [136.00 75.00]]
[[15.00 70.00]
 [136.00 75.00]]
[[131.00 124.00]
 [136.00 75.00]]
[[131.00 124.00]
 [10.00 119.00]]
[[10.00 119.00]
 [15.00 70.00]]
#3#
[[0.00 1.00 0.00 1.00 0.00 0.00 0.00 0.00 0.00 0.00]
 [1.00 0.00 1.00 0.00 0.00 0.00 0.00 0.00 0.00 0.00]
 [0.00 1.00 0.00 1.00 0.00 0.00 0.00 0.00 0.00 0.00]
 [1.00 0.00 1.00 0.00 0.00 0.00 0.00 0.00 0.00 0.00]
 [0.00 0.00 0.00 0.00 0.00 1.00 0.00 1.00 0.00 1.00]
 [0.00 0.00 0.00 0.00 1.00 0.00 1.00 0.00 0.00 0.00]
 [0.00 0.00 0.00 0.00 0.00 1.00 0.00 1.00 0.00 0.00]
 [0.00 0.00 0.00 0.00 1.00 0.00 1.00 0.00 1.00 0.00]
 [0.00 0.00 0.00 0.00 0.00 0.00 0.00 1.00 0.00 1.00]
 [0.00 0.00 0.00 0.00 1.00 0.00 0.00 0.00 1.00 0.00]]