#1#
[705.00 10.00]
[10.00 313.00]
[493.00 1421.00]
[880.00 1252.00]
[900.00 1299.00]
[1070.00 1225.00]
[1050.00 1179.00]
[1188.00 1119.00]
#2#
[[705.00 10.00]
 [10.00 313.00]]
[[10.00 313.00]
 [493.00 1421.00]]
[[493.00 1421.00]
 [880.00 1252.00]]
[[880.00 1252.00]
 [900.00 1299.00]]
[[900.00 1299.00]
 [1070.00 1225.00]]
[[1070.00 1225.00]
 [1050.00 1179.00]]
[[1050.00 1179.00]
 [1188.00 1119.00]]
[[705.00 10.00]
 [1188.00 1119.00]]
#3#
[[0.00 1.00 0.00 0.00 0.00 0.00 0.00 1.00]
 [1.00 0.00 1.00 0.00 0.00 0.00 0.00 0.00]
 [0.00 1.00 0.00 1.00 0.00 0.00 0.00 0.00]
 [0.00 0.00 1.00 0.00 1.00 0.00 0.00 0.00]
 [0.00 0.00 0.00 1.00 0.00 1.00 0.00 0.00]
 [0.00 0.00 0.00 0.00 1.00 0.00 1.00 0.00]
 [0.00 0.00 0.00 0.00 0.00 1.00 0.00 1.00]
 [1.00 0.00 0.00 0.00 0.00 0.00 1.00 0.00]]