#1#
[165.00 122.00]
[84.00 91.00]
[112.00 10.00]
[64.00 172.00]
[10.00 60.00]
#2#
[[165.00 122.00]
 [84.00 91.00]]
[[84.00 91.00]
 [112.00 10.00]]
[[165.00 122.00]
 [112.00 10.00]]
[[165.00 122.00]
 [64.00 172.00]]
[[64.00 172.00]
 [10.00 60.00]]
[[112.00 10.00]
 [10.00 60.00]]
[[112.00 10.00]
 [10.00 60.00]]
[[84.00 91.00]
 [10.00 60.00]]
[[84.00 91.00]
 [64.00 172.00]]
#3#
[[0.00 1.00 1.00 1.00 0.00]
 [1.00 0.00 1.00 1.00 1.00]
 [1.00 1.00 0.00 0.00 1.00]
 [1.00 1.00 0.00 0.00 1.00]
 [0.00 1.00 1.00 1.00 0.00]]