#1#
[77.00 85.00]
[125.00 10.00]
[162.00 42.00]
[166.00 37.00]
[199.00 65.00]
[195.00 70.00]
[267.00 133.00]
[210.00 199.00]
[10.00 190.00]
[72.00 231.00]
[136.00 285.00]
#2#
[[77.00 85.00]
 [125.00 10.00]]
[[125.00 10.00]
 [162.00 42.00]]
[[162.00 42.00]
 [166.00 37.00]]
[[166.00 37.00]
 [199.00 65.00]]
[[199.00 65.00]
 [195.00 70.00]]
[[195.00 70.00]
 [267.00 133.00]]
[[267.00 133.00]
 [210.00 199.00]]
[[77.00 85.00]
 [10.00 190.00]]
[[10.00 190.00]
 [72.00 231.00]]
[[72.00 231.00]
 [136.00 285.00]]
[[136.00 285.00]
 [210.00 199.00]]
[[77.00 85.00]
 [210.00 199.00]]
#3#
[[0.00 1.00 0.00 0.00 0.00 0.00 0.00 1.00 1.00 0.00 0.00]
 [1.00 0.00 1.00 0.00 0.00 0.00 0.00 0.00 0.00 0.00 0.00]
 [0.00 1.00 0.00 1.00 0.00 0.00 0.00 0.00 0.00 0.00 0.00]
 [0.00 0.00 1.00 0.00 1.00 0.00 0.00 0.00 0.00 0.00 0.00]
 [0.00 0.00 0.00 1.00 0.00 1.00 0.00 0.00 0.00 0.00 0.00]
 [0.00 0.00 0.00 0.00 1.00 0.00 1.00 0.00 0.00 0.00 0.00]
 [0.00 0.00 0.00 0.00 0.00 1.00 0.00 1.00 0.00 0.00 0.00]
 [1.00 0.00 0.00 0.00 0.00 0.00 1.00 0.00 0.00 0.00 1.00]
 [1.00 0.00 0.00 0.00 0.00 0.00 0.00 0.00 0.00 1.00 0.00]
 [0.00 0.00 0.00 0.00 0.00 0.00 0.00 0.00 1.00 0.00 1.00]
 [0.00 0.00 0.00 0.00 0.00 0.00 0.00 1.00 0.00 1.00 0.00]]