#1#
[132.00 56.00]
[113.00 10.00]
[10.00 51.00]
[27.00 96.00]
[48.00 150.00]
[151.00 109.00]
#2#
[[132.00 56.00]
 [113.00 10.00]]
[[113.00 10.00]
 [10.00 51.00]]
[[10.00 51.00]
 [27.00 96.00]]
[[132.00 56.00]
 [27.00 96.00]]
[[27.00 96.00]
 [48.00 150.00]]
[[48.00 150.00]
 [151.00 109.00]]
[[132.00 56.00]
 [151.00 109.00]]
#3#
[[0.00 1.00 0.00 1.00 0.00 1.00]
 [1.00 0.00 1.00 0.00 0.00 0.00]
 [0.00 1.00 0.00 1.00 0.00 0.00]
 [1.00 0.00 1.00 0.00 1.00 0.00]
 [0.00 0.00 0.00 1.00 0.00 1.00]
 [1.00 0.00 0.00 0.00 1.00 0.00]]