#1#
[58.00 142.00]
[10.00 119.00]
[40.00 10.00]
[85.00 30.00]
[136.00 35.00]
[107.00 144.00]
#2#
[[58.00 142.00]
 [10.00 119.00]]
[[10.00 119.00]
 [40.00 10.00]]
[[40.00 10.00]
 [85.00 30.00]]
[[58.00 142.00]
 [85.00 30.00]]
[[85.00 30.00]
 [136.00 35.00]]
[[136.00 35.00]
 [107.00 144.00]]
[[58.00 142.00]
 [107.00 144.00]]
#3#
[[0.00 1.00 0.00 1.00 0.00 1.00]
 [1.00 0.00 1.00 0.00 0.00 0.00]
 [0.00 1.00 0.00 1.00 0.00 0.00]
 [1.00 0.00 1.00 0.00 1.00 0.00]
 [0.00 0.00 0.00 1.00 0.00 1.00]
 [1.00 0.00 0.00 0.00 1.00 0.00]]