#1#
[171.00 54.00]
[167.00 14.00]
[13.00 10.00]
[17.00 47.00]
[10.00 93.00]
[165.00 99.00]
#2#
[[171.00 54.00]
 [167.00 14.00]]
[[167.00 14.00]
 [13.00 10.00]]
[[13.00 10.00]
 [17.00 47.00]]
[[17.00 47.00]
 [10.00 93.00]]
[[10.00 93.00]
 [165.00 99.00]]
[[171.00 54.00]
 [165.00 99.00]]
[[171.00 54.00]
 [17.00 47.00]]
#3#
[[0.00 1.00 0.00 1.00 0.00 1.00]
 [1.00 0.00 1.00 0.00 0.00 0.00]
 [0.00 1.00 0.00 1.00 0.00 0.00]
 [1.00 0.00 1.00 0.00 1.00 0.00]
 [0.00 0.00 0.00 1.00 0.00 1.00]
 [1.00 0.00 0.00 0.00 1.00 0.00]]