#1#
[67.00 27.00]
[125.00 10.00]
[230.00 386.00]
[173.00 402.00]
[10.00 47.00]
[120.00 415.00]
#2#
[[67.00 27.00]
 [125.00 10.00]]
[[125.00 10.00]
 [230.00 386.00]]
[[230.00 386.00]
 [173.00 402.00]]
[[67.00 27.00]
 [173.00 402.00]]
[[67.00 27.00]
 [10.00 47.00]]
[[10.00 47.00]
 [120.00 415.00]]
[[173.00 402.00]
 [120.00 415.00]]
#3#
[[0.00 1.00 0.00 1.00 1.00 0.00]
 [1.00 0.00 1.00 0.00 0.00 0.00]
 [0.00 1.00 0.00 1.00 0.00 0.00]
 [1.00 0.00 1.00 0.00 0.00 1.00]
 [1.00 0.00 0.00 0.00 0.00 1.00]
 [0.00 0.00 0.00 1.00 1.00 0.00]]