#1#
[131.00 47.00]
[107.00 10.00]
[10.00 75.00]
[36.00 112.00]
[160.00 89.00]
[66.00 151.00]
#2#
[[131.00 47.00]
 [107.00 10.00]]
[[107.00 10.00]
 [10.00 75.00]]
[[10.00 75.00]
 [36.00 112.00]]
[[131.00 47.00]
 [36.00 112.00]]
[[131.00 47.00]
 [160.00 89.00]]
[[160.00 89.00]
 [66.00 151.00]]
[[36.00 112.00]
 [66.00 151.00]]
#3#
[[0.00 1.00 0.00 1.00 1.00 0.00]
 [1.00 0.00 1.00 0.00 0.00 0.00]
 [0.00 1.00 0.00 1.00 0.00 0.00]
 [1.00 0.00 1.00 0.00 0.00 1.00]
 [1.00 0.00 0.00 0.00 0.00 1.00]
 [0.00 0.00 0.00 1.00 1.00 0.00]]