#1#
[145.00 67.00]
[160.00 124.00]
[41.00 157.00]
[26.00 100.00]
[10.00 41.00]
[129.00 10.00]
#2#
[[145.00 67.00]
 [160.00 124.00]]
[[160.00 124.00]
 [41.00 157.00]]
[[41.00 157.00]
 [26.00 100.00]]
[[26.00 100.00]
 [10.00 41.00]]
[[10.00 41.00]
 [129.00 10.00]]
[[145.00 67.00]
 [129.00 10.00]]
[[145.00 67.00]
 [26.00 100.00]]
#3#
[[0.00 1.00 0.00 1.00 0.00 1.00]
 [1.00 0.00 1.00 0.00 0.00 0.00]
 [0.00 1.00 0.00 1.00 0.00 0.00]
 [1.00 0.00 1.00 0.00 1.00 0.00]
 [0.00 0.00 0.00 1.00 0.00 1.00]
 [1.00 0.00 0.00 0.00 1.00 0.00]]