#1#
[45.00 147.00]
[99.00 26.00]
[173.00 62.00]
[121.00 183.00]
[47.00 10.00]
[17.00 77.00]
[34.00 84.00]
[10.00 135.00]
#2#
[[45.00 147.00]
 [99.00 26.00]]
[[99.00 26.00]
 [173.00 62.00]]
[[173.00 62.00]
 [121.00 183.00]]
[[45.00 147.00]
 [121.00 183.00]]
[[99.00 26.00]
 [47.00 10.00]]
[[47.00 10.00]
 [17.00 77.00]]
[[17.00 77.00]
 [34.00 84.00]]
[[34.00 84.00]
 [10.00 135.00]]
[[45.00 147.00]
 [10.00 135.00]]
#3#
[[0.00 1.00 0.00 1.00 0.00 0.00 0.00 1.00]
 [1.00 0.00 1.00 0.00 1.00 0.00 0.00 0.00]
 [0.00 1.00 0.00 1.00 0.00 0.00 0.00 0.00]
 [1.00 0.00 1.00 0.00 0.00 0.00 0.00 0.00]
 [0.00 1.00 0.00 0.00 0.00 1.00 0.00 0.00]
 [0.00 0.00 0.00 0.00 1.00 0.00 1.00 0.00]
 [0.00 0.00 0.00 0.00 0.00 1.00 0.00 1.00]
 [1.00 0.00 0.00 0.00 0.00 0.00 1.00 0.00]]