#1#
[28.00 110.00]
[47.00 165.00]
[182.00 121.00]
[163.00 65.00]
[145.00 10.00]
[10.00 55.00]
#2#
[[28.00 110.00]
 [47.00 165.00]]
[[47.00 165.00]
 [182.00 121.00]]
[[182.00 121.00]
 [163.00 65.00]]
[[28.00 110.00]
 [163.00 65.00]]
[[163.00 65.00]
 [145.00 10.00]]
[[145.00 10.00]
 [10.00 55.00]]
[[28.00 110.00]
 [10.00 55.00]]
#3#
[[0.00 1.00 0.00 1.00 0.00 1.00]
 [1.00 0.00 1.00 0.00 0.00 0.00]
 [0.00 1.00 0.00 1.00 0.00 0.00]
 [1.00 0.00 1.00 0.00 1.00 0.00]
 [0.00 0.00 0.00 1.00 0.00 1.00]
 [1.00 0.00 0.00 0.00 1.00 0.00]]