#1#
[55.00 116.00]
[26.00 57.00]
[124.00 10.00]
[175.00 117.00]
[131.00 139.00]
[10.00 139.00]
[68.00 255.00]
[164.00 207.00]
[107.00 91.00]
#2#
[[55.00 116.00]
 [26.00 57.00]]
[[26.00 57.00]
 [124.00 10.00]]
[[124.00 10.00]
 [175.00 117.00]]
[[175.00 117.00]
 [131.00 139.00]]
[[55.00 116.00]
 [10.00 139.00]]
[[10.00 139.00]
 [68.00 255.00]]
[[68.00 255.00]
 [164.00 207.00]]
[[131.00 139.00]
 [164.00 207.00]]
[[107.00 91.00]
 [131.00 139.00]]
[[107.00 91.00]
 [55.00 116.00]]
#3#
[[0.00 1.00 0.00 0.00 0.00 1.00 0.00 0.00 1.00]
 [1.00 0.00 1.00 0.00 0.00 0.00 0.00 0.00 0.00]
 [0.00 1.00 0.00 1.00 0.00 0.00 0.00 0.00 0.00]
 [0.00 0.00 1.00 0.00 1.00 0.00 0.00 0.00 0.00]
 [0.00 0.00 0.00 1.00 0.00 0.00 0.00 1.00 1.00]
 [1.00 0.00 0.00 0.00 0.00 0.00 1.00 0.00 0.00]
 [0.00 0.00 0.00 0.00 0.00 1.00 0.00 1.00 0.00]
 [0.00 0.00 0.00 0.00 1.00 0.00 1.00 0.00 0.00]
 [1.00 0.00 0.00 0.00 1.00 0.00 0.00 0.00 0.00]]