#1#
[15.00 55.00]
[156.00 63.00]
[156.00 17.00]
[14.00 10.00]
[10.00 128.00]
[150.00 136.00]
#2#
[[15.00 55.00]
 [156.00 63.00]]
[[156.00 63.00]
 [156.00 17.00]]
[[156.00 17.00]
 [14.00 10.00]]
[[15.00 55.00]
 [14.00 10.00]]
[[15.00 55.00]
 [10.00 128.00]]
[[10.00 128.00]
 [150.00 136.00]]
[[156.00 63.00]
 [150.00 136.00]]
#3#
[[0.00 1.00 0.00 1.00 1.00 0.00]
 [1.00 0.00 1.00 0.00 0.00 1.00]
 [0.00 1.00 0.00 1.00 0.00 0.00]
 [1.00 0.00 1.00 0.00 0.00 0.00]
 [1.00 0.00 0.00 0.00 0.00 1.00]
 [0.00 1.00 0.00 0.00 1.00 0.00]]