#1#
[30.00 79.00]
[51.00 10.00]
[300.00 89.00]
[278.00 158.00]
[10.00 139.00]
[260.00 219.00]
#2#
[[30.00 79.00]
 [51.00 10.00]]
[[51.00 10.00]
 [300.00 89.00]]
[[300.00 89.00]
 [278.00 158.00]]
[[30.00 79.00]
 [278.00 158.00]]
[[30.00 79.00]
 [10.00 139.00]]
[[10.00 139.00]
 [260.00 219.00]]
[[278.00 158.00]
 [260.00 219.00]]
#3#
[[0.00 1.00 0.00 1.00 1.00 0.00]
 [1.00 0.00 1.00 0.00 0.00 0.00]
 [0.00 1.00 0.00 1.00 0.00 0.00]
 [1.00 0.00 1.00 0.00 0.00 1.00]
 [1.00 0.00 0.00 0.00 0.00 1.00]
 [0.00 0.00 0.00 1.00 1.00 0.00]]