#1#
[127.00 35.00]
[165.00 72.00]
[87.00 169.00]
[47.00 131.00]
[61.00 43.00]
[87.00 10.00]
[91.00 63.00]
[33.00 82.00]
[62.00 101.00]
[10.00 107.00]
#2#
[[127.00 35.00]
 [165.00 72.00]]
[[165.00 72.00]
 [87.00 169.00]]
[[87.00 169.00]
 [47.00 131.00]]
[[61.00 43.00]
 [87.00 10.00]]
[[127.00 35.00]
 [87.00 10.00]]
[[61.00 43.00]
 [91.00 63.00]]
[[61.00 43.00]
 [33.00 82.00]]
[[62.00 101.00]
 [33.00 82.00]]
[[127.00 35.00]
 [47.00 131.00]]
[[10.00 107.00]
 [47.00 131.00]]
[[10.00 107.00]
 [33.00 82.00]]
#3#
[[0.00 1.00 0.00 1.00 0.00 1.00 0.00 0.00 0.00 0.00]
 [1.00 0.00 1.00 0.00 0.00 0.00 0.00 0.00 0.00 0.00]
 [0.00 1.00 0.00 1.00 0.00 0.00 0.00 0.00 0.00 0.00]
 [1.00 0.00 1.00 0.00 0.00 0.00 0.00 0.00 0.00 1.00]
 [0.00 0.00 0.00 0.00 0.00 1.00 1.00 1.00 0.00 0.00]
 [1.00 0.00 0.00 0.00 1.00 0.00 0.00 0.00 0.00 0.00]
 [0.00 0.00 0.00 0.00 1.00 0.00 0.00 0.00 0.00 0.00]
 [0.00 0.00 0.00 0.00 1.00 0.00 0.00 0.00 1.00 1.00]
 [0.00 0.00 0.00 0.00 0.00 0.00 0.00 1.00 0.00 0.00]
 [0.00 0.00 0.00 1.00 0.00 0.00 0.00 1.00 0.00 0.00]]