#1#
[106.00 27.00]
[153.00 54.00]
[107.00 155.00]
[77.00 140.00]
[81.00 130.00]
[65.00 119.00]
[10.00 104.00]
[52.00 10.00]
#2#
[[106.00 27.00]
 [153.00 54.00]]
[[153.00 54.00]
 [107.00 155.00]]
[[107.00 155.00]
 [77.00 140.00]]
[[77.00 140.00]
 [81.00 130.00]]
[[81.00 130.00]
 [65.00 119.00]]
[[106.00 27.00]
 [65.00 119.00]]
[[65.00 119.00]
 [10.00 104.00]]
[[10.00 104.00]
 [52.00 10.00]]
[[106.00 27.00]
 [52.00 10.00]]
#3#
[[0.00 1.00 0.00 0.00 0.00 1.00 0.00 1.00]
 [1.00 0.00 1.00 0.00 0.00 0.00 0.00 0.00]
 [0.00 1.00 0.00 1.00 0.00 0.00 0.00 0.00]
 [0.00 0.00 1.00 0.00 1.00 0.00 0.00 0.00]
 [0.00 0.00 0.00 1.00 0.00 1.00 0.00 0.00]
 [1.00 0.00 0.00 0.00 1.00 0.00 1.00 0.00]
 [0.00 0.00 0.00 0.00 0.00 1.00 0.00 1.00]
 [1.00 0.00 0.00 0.00 0.00 0.00 1.00 0.00]]