#1#
[16.00 148.00]
[72.00 157.00]
[130.00 142.00]
[67.00 27.00]
[10.00 18.00]
[122.00 10.00]
#2#
[[16.00 148.00]
 [72.00 157.00]]
[[72.00 157.00]
 [130.00 142.00]]
[[72.00 157.00]
 [67.00 27.00]]
[[16.00 148.00]
 [10.00 18.00]]
[[67.00 27.00]
 [10.00 18.00]]
[[67.00 27.00]
 [122.00 10.00]]
[[130.00 142.00]
 [122.00 10.00]]
#3#
[[0.00 1.00 0.00 0.00 1.00 0.00]
 [1.00 0.00 1.00 1.00 0.00 0.00]
 [0.00 1.00 0.00 0.00 0.00 1.00]
 [0.00 1.00 0.00 0.00 1.00 1.00]
 [1.00 0.00 0.00 1.00 0.00 0.00]
 [0.00 0.00 1.00 1.00 0.00 0.00]]