#1#
[200.00 176.00]
[193.00 197.00]
[273.00 224.00]
[322.00 102.00]
[46.00 10.00]
[10.00 113.00]
#2#
[[200.00 176.00]
 [193.00 197.00]]
[[193.00 197.00]
 [273.00 224.00]]
[[273.00 224.00]
 [322.00 102.00]]
[[322.00 102.00]
 [46.00 10.00]]
[[46.00 10.00]
 [10.00 113.00]]
[[200.00 176.00]
 [10.00 113.00]]
#3#
[[0.00 1.00 0.00 0.00 0.00 1.00]
 [1.00 0.00 1.00 0.00 0.00 0.00]
 [0.00 1.00 0.00 1.00 0.00 0.00]
 [0.00 0.00 1.00 0.00 1.00 0.00]
 [0.00 0.00 0.00 1.00 0.00 1.00]
 [1.00 0.00 0.00 0.00 1.00 0.00]]