#1#
[85.00 119.00]
[21.00 121.00]
[10.00 23.00]
[74.00 24.00]
[134.00 10.00]
[143.00 109.00]
#2#
[[85.00 119.00]
 [21.00 121.00]]
[[21.00 121.00]
 [10.00 23.00]]
[[10.00 23.00]
 [74.00 24.00]]
[[85.00 119.00]
 [74.00 24.00]]
[[74.00 24.00]
 [134.00 10.00]]
[[134.00 10.00]
 [143.00 109.00]]
[[85.00 119.00]
 [143.00 109.00]]
#3#
[[0.00 1.00 0.00 1.00 0.00 1.00]
 [1.00 0.00 1.00 0.00 0.00 0.00]
 [0.00 1.00 0.00 1.00 0.00 0.00]
 [1.00 0.00 1.00 0.00 1.00 0.00]
 [0.00 0.00 0.00 1.00 0.00 1.00]
 [1.00 0.00 0.00 0.00 1.00 0.00]]