#1#
[157.00 131.00]
[185.00 76.00]
[65.00 10.00]
[38.00 64.00]
[10.00 108.00]
[130.00 177.00]
#2#
[[157.00 131.00]
 [185.00 76.00]]
[[185.00 76.00]
 [65.00 10.00]]
[[65.00 10.00]
 [38.00 64.00]]
[[38.00 64.00]
 [10.00 108.00]]
[[10.00 108.00]
 [130.00 177.00]]
[[157.00 131.00]
 [130.00 177.00]]
[[157.00 131.00]
 [38.00 64.00]]
#3#
[[0.00 1.00 0.00 1.00 0.00 1.00]
 [1.00 0.00 1.00 0.00 0.00 0.00]
 [0.00 1.00 0.00 1.00 0.00 0.00]
 [1.00 0.00 1.00 0.00 1.00 0.00]
 [0.00 0.00 0.00 1.00 0.00 1.00]
 [1.00 0.00 0.00 0.00 1.00 0.00]]