#1#
[116.00 27.00]
[163.00 56.00]
[106.00 173.00]
[60.00 145.00]
[10.00 129.00]
[63.00 10.00]
#2#
[[116.00 27.00]
 [163.00 56.00]]
[[163.00 56.00]
 [106.00 173.00]]
[[106.00 173.00]
 [60.00 145.00]]
[[116.00 27.00]
 [60.00 145.00]]
[[60.00 145.00]
 [10.00 129.00]]
[[10.00 129.00]
 [63.00 10.00]]
[[116.00 27.00]
 [63.00 10.00]]
#3#
[[0.00 1.00 0.00 1.00 0.00 1.00]
 [1.00 0.00 1.00 0.00 0.00 0.00]
 [0.00 1.00 0.00 1.00 0.00 0.00]
 [1.00 0.00 1.00 0.00 1.00 0.00]
 [0.00 0.00 0.00 1.00 0.00 1.00]
 [1.00 0.00 0.00 0.00 1.00 0.00]]