#1#
[136.00 52.00]
[109.00 10.00]
[10.00 75.00]
[39.00 119.00]
[69.00 164.00]
[167.00 98.00]
#2#
[[136.00 52.00]
 [109.00 10.00]]
[[109.00 10.00]
 [10.00 75.00]]
[[10.00 75.00]
 [39.00 119.00]]
[[136.00 52.00]
 [39.00 119.00]]
[[39.00 119.00]
 [69.00 164.00]]
[[69.00 164.00]
 [167.00 98.00]]
[[136.00 52.00]
 [167.00 98.00]]
#3#
[[0.00 1.00 0.00 1.00 0.00 1.00]
 [1.00 0.00 1.00 0.00 0.00 0.00]
 [0.00 1.00 0.00 1.00 0.00 0.00]
 [1.00 0.00 1.00 0.00 1.00 0.00]
 [0.00 0.00 0.00 1.00 0.00 1.00]
 [1.00 0.00 0.00 0.00 1.00 0.00]]