#1#
[36.00 63.00]
[10.00 135.00]
[130.00 176.00]
[157.00 109.00]
[180.00 57.00]
[58.00 10.00]
#2#
[[36.00 63.00]
 [10.00 135.00]]
[[10.00 135.00]
 [130.00 176.00]]
[[130.00 176.00]
 [157.00 109.00]]
[[157.00 109.00]
 [180.00 57.00]]
[[180.00 57.00]
 [58.00 10.00]]
[[36.00 63.00]
 [58.00 10.00]]
[[36.00 63.00]
 [157.00 109.00]]
#3#
[[0.00 1.00 0.00 1.00 0.00 1.00]
 [1.00 0.00 1.00 0.00 0.00 0.00]
 [0.00 1.00 0.00 1.00 0.00 0.00]
 [1.00 0.00 1.00 0.00 1.00 0.00]
 [0.00 0.00 0.00 1.00 0.00 1.00]
 [1.00 0.00 0.00 0.00 1.00 0.00]]