#1#
[63.00 206.00]
[69.00 19.00]
[119.00 201.00]
[124.00 14.00]
[17.00 10.00]
[10.00 196.00]
#2#
[[63.00 206.00]
 [69.00 19.00]]
[[63.00 206.00]
 [119.00 201.00]]
[[119.00 201.00]
 [124.00 14.00]]
[[69.00 19.00]
 [124.00 14.00]]
[[69.00 19.00]
 [17.00 10.00]]
[[17.00 10.00]
 [10.00 196.00]]
[[63.00 206.00]
 [10.00 196.00]]
#3#
[[0.00 1.00 1.00 0.00 0.00 1.00]
 [1.00 0.00 0.00 1.00 1.00 0.00]
 [1.00 0.00 0.00 1.00 0.00 0.00]
 [0.00 1.00 1.00 0.00 0.00 0.00]
 [0.00 1.00 0.00 0.00 0.00 1.00]
 [1.00 0.00 0.00 0.00 1.00 0.00]]