#1#
[56.00 17.00]
[61.00 138.00]
[10.00 14.00]
[15.00 159.00]
[106.00 98.00]
[104.00 10.00]
[177.00 141.00]
[155.00 191.00]
[132.00 225.00]
#2#
[[56.00 17.00]
 [61.00 138.00]]
[[56.00 17.00]
 [10.00 14.00]]
[[10.00 14.00]
 [15.00 159.00]]
[[106.00 98.00]
 [104.00 10.00]]
[[56.00 17.00]
 [104.00 10.00]]
[[106.00 98.00]
 [177.00 141.00]]
[[177.00 141.00]
 [155.00 191.00]]
[[61.00 138.00]
 [106.00 98.00]]
[[61.00 138.00]
 [155.00 191.00]]
[[61.00 138.00]
 [15.00 159.00]]
[[132.00 225.00]
 [155.00 191.00]]
[[132.00 225.00]
 [15.00 159.00]]
#3#
[[0.00 1.00 1.00 0.00 0.00 1.00 0.00 0.00 0.00]
 [1.00 0.00 0.00 1.00 1.00 0.00 0.00 1.00 0.00]
 [1.00 0.00 0.00 1.00 0.00 0.00 0.00 0.00 0.00]
 [0.00 1.00 1.00 0.00 0.00 0.00 0.00 0.00 1.00]
 [0.00 1.00 0.00 0.00 0.00 1.00 1.00 0.00 0.00]
 [1.00 0.00 0.00 0.00 1.00 0.00 0.00 0.00 0.00]
 [0.00 0.00 0.00 0.00 1.00 0.00 0.00 1.00 0.00]
 [0.00 1.00 0.00 0.00 0.00 0.00 1.00 0.00 1.00]
 [0.00 0.00 0.00 1.00 0.00 0.00 0.00 1.00 0.00]]