#1#
[143.00 67.00]
[122.00 10.00]
[10.00 51.00]
[32.00 108.00]
[163.00 124.00]
[54.00 164.00]
#2#
[[143.00 67.00]
 [122.00 10.00]]
[[122.00 10.00]
 [10.00 51.00]]
[[10.00 51.00]
 [32.00 108.00]]
[[143.00 67.00]
 [32.00 108.00]]
[[143.00 67.00]
 [163.00 124.00]]
[[163.00 124.00]
 [54.00 164.00]]
[[32.00 108.00]
 [54.00 164.00]]
#3#
[[0.00 1.00 0.00 1.00 1.00 0.00]
 [1.00 0.00 1.00 0.00 0.00 0.00]
 [0.00 1.00 0.00 1.00 0.00 0.00]
 [1.00 0.00 1.00 0.00 0.00 1.00]
 [1.00 0.00 0.00 0.00 0.00 1.00]
 [0.00 0.00 0.00 1.00 1.00 0.00]]