#1#
[200.00 210.00]
[152.00 285.00]
[115.00 253.00]
[111.00 258.00]
[78.00 230.00]
[82.00 225.00]
[10.00 162.00]
[67.00 96.00]
[267.00 105.00]
[205.00 64.00]
[141.00 10.00]
#2#
[[200.00 210.00]
 [152.00 285.00]]
[[152.00 285.00]
 [115.00 253.00]]
[[115.00 253.00]
 [111.00 258.00]]
[[111.00 258.00]
 [78.00 230.00]]
[[78.00 230.00]
 [82.00 225.00]]
[[82.00 225.00]
 [10.00 162.00]]
[[10.00 162.00]
 [67.00 96.00]]
[[200.00 210.00]
 [267.00 105.00]]
[[267.00 105.00]
 [205.00 64.00]]
[[205.00 64.00]
 [141.00 10.00]]
[[141.00 10.00]
 [67.00 96.00]]
[[200.00 210.00]
 [67.00 96.00]]
#3#
[[0.00 1.00 0.00 0.00 0.00 0.00 0.00 1.00 1.00 0.00 0.00]
 [1.00 0.00 1.00 0.00 0.00 0.00 0.00 0.00 0.00 0.00 0.00]
 [0.00 1.00 0.00 1.00 0.00 0.00 0.00 0.00 0.00 0.00 0.00]
 [0.00 0.00 1.00 0.00 1.00 0.00 0.00 0.00 0.00 0.00 0.00]
 [0.00 0.00 0.00 1.00 0.00 1.00 0.00 0.00 0.00 0.00 0.00]
 [0.00 0.00 0.00 0.00 1.00 0.00 1.00 0.00 0.00 0.00 0.00]
 [0.00 0.00 0.00 0.00 0.00 1.00 0.00 1.00 0.00 0.00 0.00]
 [1.00 0.00 0.00 0.00 0.00 0.00 1.00 0.00 0.00 0.00 1.00]
 [1.00 0.00 0.00 0.00 0.00 0.00 0.00 0.00 0.00 1.00 0.00]
 [0.00 0.00 0.00 0.00 0.00 0.00 0.00 0.00 1.00 0.00 1.00]
 [0.00 0.00 0.00 0.00 0.00 0.00 0.00 1.00 0.00 1.00 0.00]]