#1#
[158.00 173.00]
[171.00 185.00]
[121.00 231.00]
[10.00 129.00]
[61.00 84.00]
[51.00 75.00]
[99.00 10.00]
[206.00 111.00]
#2#
[[158.00 173.00]
 [171.00 185.00]]
[[171.00 185.00]
 [121.00 231.00]]
[[121.00 231.00]
 [10.00 129.00]]
[[10.00 129.00]
 [61.00 84.00]]
[[158.00 173.00]
 [61.00 84.00]]
[[158.00 173.00]
 [51.00 75.00]]
[[61.00 84.00]
 [51.00 75.00]]
[[51.00 75.00]
 [99.00 10.00]]
[[99.00 10.00]
 [206.00 111.00]]
[[158.00 173.00]
 [206.00 111.00]]
#3#
[[0.00 1.00 0.00 0.00 1.00 1.00 0.00 1.00]
 [1.00 0.00 1.00 0.00 0.00 0.00 0.00 0.00]
 [0.00 1.00 0.00 1.00 0.00 0.00 0.00 0.00]
 [0.00 0.00 1.00 0.00 1.00 0.00 0.00 0.00]
 [1.00 0.00 0.00 1.00 0.00 1.00 0.00 0.00]
 [1.00 0.00 0.00 0.00 1.00 0.00 1.00 0.00]
 [0.00 0.00 0.00 0.00 0.00 1.00 0.00 1.00]
 [1.00 0.00 0.00 0.00 0.00 0.00 1.00 0.00]]