#1#
[10.00 63.00]
[129.00 65.00]
[13.00 10.00]
[131.00 12.00]
[130.00 121.00]
[10.00 120.00]
#2#
[[10.00 63.00]
 [129.00 65.00]]
[[10.00 63.00]
 [13.00 10.00]]
[[13.00 10.00]
 [131.00 12.00]]
[[129.00 65.00]
 [131.00 12.00]]
[[129.00 65.00]
 [130.00 121.00]]
[[130.00 121.00]
 [10.00 120.00]]
[[10.00 63.00]
 [10.00 120.00]]
#3#
[[0.00 1.00 1.00 0.00 0.00 1.00]
 [1.00 0.00 0.00 1.00 1.00 0.00]
 [1.00 0.00 0.00 1.00 0.00 0.00]
 [0.00 1.00 1.00 0.00 0.00 0.00]
 [0.00 1.00 0.00 0.00 0.00 1.00]
 [1.00 0.00 0.00 0.00 1.00 0.00]]