#1#
[69.00 20.00]
[10.00 19.00]
[26.00 171.00]
[83.00 170.00]
[146.00 156.00]
[129.00 10.00]
#2#
[[69.00 20.00]
 [10.00 19.00]]
[[10.00 19.00]
 [26.00 171.00]]
[[26.00 171.00]
 [83.00 170.00]]
[[69.00 20.00]
 [83.00 170.00]]
[[83.00 170.00]
 [146.00 156.00]]
[[146.00 156.00]
 [129.00 10.00]]
[[69.00 20.00]
 [129.00 10.00]]
#3#
[[0.00 1.00 0.00 1.00 0.00 1.00]
 [1.00 0.00 1.00 0.00 0.00 0.00]
 [0.00 1.00 0.00 1.00 0.00 0.00]
 [1.00 0.00 1.00 0.00 1.00 0.00]
 [0.00 0.00 0.00 1.00 0.00 1.00]
 [1.00 0.00 0.00 0.00 1.00 0.00]]