#1#
[55.00 30.00]
[10.00 63.00]
[61.00 156.00]
[106.00 125.00]
[152.00 107.00]
[102.00 10.00]
#2#
[[55.00 30.00]
 [10.00 63.00]]
[[10.00 63.00]
 [61.00 156.00]]
[[61.00 156.00]
 [106.00 125.00]]
[[55.00 30.00]
 [106.00 125.00]]
[[106.00 125.00]
 [152.00 107.00]]
[[152.00 107.00]
 [102.00 10.00]]
[[55.00 30.00]
 [102.00 10.00]]
#3#
[[0.00 1.00 0.00 1.00 0.00 1.00]
 [1.00 0.00 1.00 0.00 0.00 0.00]
 [0.00 1.00 0.00 1.00 0.00 0.00]
 [1.00 0.00 1.00 0.00 1.00 0.00]
 [0.00 0.00 0.00 1.00 0.00 1.00]
 [1.00 0.00 0.00 0.00 1.00 0.00]]