#1#
[172.00 104.00]
[145.00 10.00]
[10.00 61.00]
[35.00 155.00]
[201.00 164.00]
[65.00 213.00]
#2#
[[172.00 104.00]
 [145.00 10.00]]
[[145.00 10.00]
 [10.00 61.00]]
[[10.00 61.00]
 [35.00 155.00]]
[[172.00 104.00]
 [201.00 164.00]]
[[201.00 164.00]
 [65.00 213.00]]
[[35.00 155.00]
 [65.00 213.00]]
[[172.00 104.00]
 [35.00 155.00]]
#3#
[[0.00 1.00 0.00 1.00 1.00 0.00]
 [1.00 0.00 1.00 0.00 0.00 0.00]
 [0.00 1.00 0.00 1.00 0.00 0.00]
 [1.00 0.00 1.00 0.00 0.00 1.00]
 [1.00 0.00 0.00 0.00 0.00 1.00]
 [0.00 0.00 0.00 1.00 1.00 0.00]]