#1#
[72.00 20.00]
[27.00 10.00]
[10.00 74.00]
[55.00 86.00]
[93.00 98.00]
[114.00 34.00]
#2#
[[72.00 20.00]
 [27.00 10.00]]
[[27.00 10.00]
 [10.00 74.00]]
[[10.00 74.00]
 [55.00 86.00]]
[[72.00 20.00]
 [55.00 86.00]]
[[55.00 86.00]
 [93.00 98.00]]
[[93.00 98.00]
 [114.00 34.00]]
[[72.00 20.00]
 [114.00 34.00]]
#3#
[[0.00 1.00 0.00 1.00 0.00 1.00]
 [1.00 0.00 1.00 0.00 0.00 0.00]
 [0.00 1.00 0.00 1.00 0.00 0.00]
 [1.00 0.00 1.00 0.00 1.00 0.00]
 [0.00 0.00 0.00 1.00 0.00 1.00]
 [1.00 0.00 0.00 0.00 1.00 0.00]]