#1#
[85.00 181.00]
[118.00 125.00]
[97.00 112.00]
[64.00 168.00]
[10.00 136.00]
[84.00 10.00]
[141.00 43.00]
[132.00 59.00]
[157.00 74.00]
[168.00 56.00]
[203.00 77.00]
[128.00 205.00]
#2#
[[85.00 181.00]
 [118.00 125.00]]
[[118.00 125.00]
 [97.00 112.00]]
[[97.00 112.00]
 [64.00 168.00]]
[[64.00 168.00]
 [10.00 136.00]]
[[10.00 136.00]
 [84.00 10.00]]
[[84.00 10.00]
 [141.00 43.00]]
[[141.00 43.00]
 [132.00 59.00]]
[[157.00 74.00]
 [132.00 59.00]]
[[157.00 74.00]
 [168.00 56.00]]
[[168.00 56.00]
 [203.00 77.00]]
[[203.00 77.00]
 [128.00 205.00]]
[[85.00 181.00]
 [128.00 205.00]]
#3#
[[0.00 1.00 0.00 0.00 0.00 0.00 0.00 0.00 0.00 0.00 0.00 1.00]
 [1.00 0.00 1.00 0.00 0.00 0.00 0.00 0.00 0.00 0.00 0.00 0.00]
 [0.00 1.00 0.00 1.00 0.00 0.00 0.00 0.00 0.00 0.00 0.00 0.00]
 [0.00 0.00 1.00 0.00 1.00 0.00 0.00 0.00 0.00 0.00 0.00 0.00]
 [0.00 0.00 0.00 1.00 0.00 1.00 0.00 0.00 0.00 0.00 0.00 0.00]
 [0.00 0.00 0.00 0.00 1.00 0.00 1.00 0.00 0.00 0.00 0.00 0.00]
 [0.00 0.00 0.00 0.00 0.00 1.00 0.00 1.00 0.00 0.00 0.00 0.00]
 [0.00 0.00 0.00 0.00 0.00 0.00 1.00 0.00 1.00 0.00 0.00 0.00]
 [0.00 0.00 0.00 0.00 0.00 0.00 0.00 1.00 0.00 1.00 0.00 0.00]
 [0.00 0.00 0.00 0.00 0.00 0.00 0.00 0.00 1.00 0.00 1.00 0.00]
 [0.00 0.00 0.00 0.00 0.00 0.00 0.00 0.00 0.00 1.00 0.00 1.00]
 [1.00 0.00 0.00 0.00 0.00 0.00 0.00 0.00 0.00 0.00 1.00 0.00]]