#1#
[79.00 194.00]
[139.00 232.00]
[231.00 92.00]
[165.00 52.00]
[98.00 10.00]
[10.00 149.00]
#2#
[[79.00 194.00]
 [139.00 232.00]]
[[139.00 232.00]
 [231.00 92.00]]
[[231.00 92.00]
 [165.00 52.00]]
[[165.00 52.00]
 [98.00 10.00]]
[[98.00 10.00]
 [10.00 149.00]]
[[79.00 194.00]
 [10.00 149.00]]
[[79.00 194.00]
 [165.00 52.00]]
#3#
[[0.00 1.00 0.00 1.00 0.00 1.00]
 [1.00 0.00 1.00 0.00 0.00 0.00]
 [0.00 1.00 0.00 1.00 0.00 0.00]
 [1.00 0.00 1.00 0.00 1.00 0.00]
 [0.00 0.00 0.00 1.00 0.00 1.00]
 [1.00 0.00 0.00 0.00 1.00 0.00]]