#1#
[269.00 49.00]
[38.00 199.00]
[10.00 160.00]
[240.00 10.00]
[70.00 253.00]
[305.00 99.00]
#2#
[[269.00 49.00]
 [38.00 199.00]]
[[38.00 199.00]
 [10.00 160.00]]
[[10.00 160.00]
 [240.00 10.00]]
[[269.00 49.00]
 [240.00 10.00]]
[[38.00 199.00]
 [70.00 253.00]]
[[70.00 253.00]
 [305.00 99.00]]
[[269.00 49.00]
 [305.00 99.00]]
#3#
[[0.00 1.00 0.00 1.00 0.00 1.00]
 [1.00 0.00 1.00 0.00 1.00 0.00]
 [0.00 1.00 0.00 1.00 0.00 0.00]
 [1.00 0.00 1.00 0.00 0.00 0.00]
 [0.00 1.00 0.00 0.00 0.00 1.00]
 [1.00 0.00 0.00 0.00 1.00 0.00]]