#1#
[16.00 52.00]
[110.00 66.00]
[10.00 112.00]
[102.00 124.00]
[116.00 24.00]
[23.00 10.00]
#2#
[[16.00 52.00]
 [110.00 66.00]]
[[16.00 52.00]
 [10.00 112.00]]
[[10.00 112.00]
 [102.00 124.00]]
[[110.00 66.00]
 [102.00 124.00]]
[[110.00 66.00]
 [116.00 24.00]]
[[116.00 24.00]
 [23.00 10.00]]
[[16.00 52.00]
 [23.00 10.00]]
#3#
[[0.00 1.00 1.00 0.00 0.00 1.00]
 [1.00 0.00 0.00 1.00 1.00 0.00]
 [1.00 0.00 0.00 1.00 0.00 0.00]
 [0.00 1.00 1.00 0.00 0.00 0.00]
 [0.00 1.00 0.00 0.00 0.00 1.00]
 [1.00 0.00 0.00 0.00 1.00 0.00]]