#1#
[17.00 82.00]
[138.00 64.00]
[131.00 10.00]
[10.00 26.00]
[24.00 133.00]
[145.00 116.00]
#2#
[[17.00 82.00]
 [138.00 64.00]]
[[138.00 64.00]
 [131.00 10.00]]
[[131.00 10.00]
 [10.00 26.00]]
[[17.00 82.00]
 [10.00 26.00]]
[[17.00 82.00]
 [24.00 133.00]]
[[24.00 133.00]
 [145.00 116.00]]
[[138.00 64.00]
 [145.00 116.00]]
#3#
[[0.00 1.00 0.00 1.00 1.00 0.00]
 [1.00 0.00 1.00 0.00 0.00 1.00]
 [0.00 1.00 0.00 1.00 0.00 0.00]
 [1.00 0.00 1.00 0.00 0.00 0.00]
 [1.00 0.00 0.00 0.00 0.00 1.00]
 [0.00 1.00 0.00 0.00 1.00 0.00]]