#1#
[67.00 27.00]
[75.00 136.00]
[18.00 132.00]
[10.00 20.00]
[122.00 10.00]
[131.00 121.00]
#2#
[[67.00 27.00]
 [75.00 136.00]]
[[75.00 136.00]
 [18.00 132.00]]
[[18.00 132.00]
 [10.00 20.00]]
[[67.00 27.00]
 [10.00 20.00]]
[[67.00 27.00]
 [122.00 10.00]]
[[122.00 10.00]
 [131.00 121.00]]
[[75.00 136.00]
 [131.00 121.00]]
#3#
[[0.00 1.00 0.00 1.00 1.00 0.00]
 [1.00 0.00 1.00 0.00 0.00 1.00]
 [0.00 1.00 0.00 1.00 0.00 0.00]
 [1.00 0.00 1.00 0.00 0.00 0.00]
 [1.00 0.00 0.00 0.00 0.00 1.00]
 [0.00 1.00 0.00 0.00 1.00 0.00]]