#1#
[67.00 127.00]
[19.00 129.00]
[10.00 17.00]
[58.00 13.00]
[104.00 10.00]
[113.00 123.00]
#2#
[[67.00 127.00]
 [19.00 129.00]]
[[19.00 129.00]
 [10.00 17.00]]
[[10.00 17.00]
 [58.00 13.00]]
[[58.00 13.00]
 [104.00 10.00]]
[[104.00 10.00]
 [113.00 123.00]]
[[67.00 127.00]
 [113.00 123.00]]
[[67.00 127.00]
 [58.00 13.00]]
#3#
[[0.00 1.00 0.00 1.00 0.00 1.00]
 [1.00 0.00 1.00 0.00 0.00 0.00]
 [0.00 1.00 0.00 1.00 0.00 0.00]
 [1.00 0.00 1.00 0.00 1.00 0.00]
 [0.00 0.00 0.00 1.00 0.00 1.00]
 [1.00 0.00 0.00 0.00 1.00 0.00]]