#1#
[120.00 40.00]
[33.00 99.00]
[159.00 101.00]
[73.00 157.00]
[10.00 67.00]
[97.00 10.00]
#2#
[[120.00 40.00]
 [33.00 99.00]]
[[120.00 40.00]
 [159.00 101.00]]
[[159.00 101.00]
 [73.00 157.00]]
[[33.00 99.00]
 [73.00 157.00]]
[[33.00 99.00]
 [10.00 67.00]]
[[10.00 67.00]
 [97.00 10.00]]
[[120.00 40.00]
 [97.00 10.00]]
#3#
[[0.00 1.00 1.00 0.00 0.00 1.00]
 [1.00 0.00 0.00 1.00 1.00 0.00]
 [1.00 0.00 0.00 1.00 0.00 0.00]
 [0.00 1.00 1.00 0.00 0.00 0.00]
 [0.00 1.00 0.00 0.00 0.00 1.00]
 [1.00 0.00 0.00 0.00 1.00 0.00]]