#1#
[117.00 24.00]
[60.00 10.00]
[10.00 138.00]
[66.00 154.00]
[118.00 181.00]
[169.00 52.00]
#2#
[[117.00 24.00]
 [60.00 10.00]]
[[60.00 10.00]
 [10.00 138.00]]
[[10.00 138.00]
 [66.00 154.00]]
[[117.00 24.00]
 [66.00 154.00]]
[[66.00 154.00]
 [118.00 181.00]]
[[118.00 181.00]
 [169.00 52.00]]
[[117.00 24.00]
 [169.00 52.00]]
#3#
[[0.00 1.00 0.00 1.00 0.00 1.00]
 [1.00 0.00 1.00 0.00 0.00 0.00]
 [0.00 1.00 0.00 1.00 0.00 0.00]
 [1.00 0.00 1.00 0.00 1.00 0.00]
 [0.00 0.00 0.00 1.00 0.00 1.00]
 [1.00 0.00 0.00 0.00 1.00 0.00]]