#1#
[70.00 35.00]
[126.00 167.00]
[10.00 63.00]
[65.00 190.00]
[189.00 138.00]
[131.00 10.00]
#2#
[[70.00 35.00]
 [126.00 167.00]]
[[70.00 35.00]
 [10.00 63.00]]
[[10.00 63.00]
 [65.00 190.00]]
[[126.00 167.00]
 [65.00 190.00]]
[[126.00 167.00]
 [189.00 138.00]]
[[189.00 138.00]
 [131.00 10.00]]
[[70.00 35.00]
 [131.00 10.00]]
#3#
[[0.00 1.00 1.00 0.00 0.00 1.00]
 [1.00 0.00 0.00 1.00 1.00 0.00]
 [1.00 0.00 0.00 1.00 0.00 0.00]
 [0.00 1.00 1.00 0.00 0.00 0.00]
 [0.00 1.00 0.00 0.00 0.00 1.00]
 [1.00 0.00 0.00 0.00 1.00 0.00]]