#1#
[32.00 76.00]
[53.00 10.00]
[155.00 55.00]
[136.00 123.00]
[79.00 76.00]
[89.00 46.00]
[105.00 52.00]
[112.00 155.00]
[10.00 110.00]
#2#
[[32.00 76.00]
 [53.00 10.00]]
[[53.00 10.00]
 [155.00 55.00]]
[[155.00 55.00]
 [136.00 123.00]]
[[79.00 76.00]
 [89.00 46.00]]
[[89.00 46.00]
 [105.00 52.00]]
[[32.00 76.00]
 [136.00 123.00]]
[[136.00 123.00]
 [112.00 155.00]]
[[10.00 110.00]
 [112.00 155.00]]
[[10.00 110.00]
 [32.00 76.00]]
#3#
[[0.00 1.00 0.00 1.00 0.00 0.00 0.00 0.00 1.00]
 [1.00 0.00 1.00 0.00 0.00 0.00 0.00 0.00 0.00]
 [0.00 1.00 0.00 1.00 0.00 0.00 0.00 0.00 0.00]
 [1.00 0.00 1.00 0.00 0.00 0.00 0.00 1.00 0.00]
 [0.00 0.00 0.00 0.00 0.00 1.00 0.00 0.00 0.00]
 [0.00 0.00 0.00 0.00 1.00 0.00 1.00 0.00 0.00]
 [0.00 0.00 0.00 0.00 0.00 1.00 0.00 0.00 0.00]
 [0.00 0.00 0.00 1.00 0.00 0.00 0.00 0.00 1.00]
 [1.00 0.00 0.00 0.00 0.00 0.00 0.00 1.00 0.00]]