#1#
[119.00 200.00]
[31.00 139.00]
[60.00 91.00]
[151.00 150.00]
[173.00 147.00]
[129.00 218.00]
[10.00 138.00]
[54.00 67.00]
[220.00 89.00]
[102.00 10.00]
#2#
[[119.00 200.00]
 [31.00 139.00]]
[[31.00 139.00]
 [60.00 91.00]]
[[60.00 91.00]
 [151.00 150.00]]
[[119.00 200.00]
 [151.00 150.00]]
[[173.00 147.00]
 [129.00 218.00]]
[[129.00 218.00]
 [10.00 138.00]]
[[10.00 138.00]
 [54.00 67.00]]
[[220.00 89.00]
 [173.00 147.00]]
[[220.00 89.00]
 [102.00 10.00]]
[[102.00 10.00]
 [54.00 67.00]]
[[173.00 147.00]
 [54.00 67.00]]
#3#
[[0.00 1.00 0.00 1.00 0.00 0.00 0.00 0.00 0.00 0.00]
 [1.00 0.00 1.00 0.00 0.00 0.00 0.00 0.00 0.00 0.00]
 [0.00 1.00 0.00 1.00 0.00 0.00 0.00 0.00 0.00 0.00]
 [1.00 0.00 1.00 0.00 0.00 0.00 0.00 0.00 0.00 0.00]
 [0.00 0.00 0.00 0.00 0.00 1.00 0.00 1.00 1.00 0.00]
 [0.00 0.00 0.00 0.00 1.00 0.00 1.00 0.00 0.00 0.00]
 [0.00 0.00 0.00 0.00 0.00 1.00 0.00 1.00 0.00 0.00]
 [0.00 0.00 0.00 0.00 1.00 0.00 1.00 0.00 0.00 1.00]
 [0.00 0.00 0.00 0.00 1.00 0.00 0.00 0.00 0.00 1.00]
 [0.00 0.00 0.00 0.00 0.00 0.00 0.00 1.00 1.00 0.00]]