#1#
[46.00 59.00]
[10.00 109.00]
[136.00 197.00]
[170.00 147.00]
[204.00 97.00]
[81.00 10.00]
#2#
[[46.00 59.00]
 [10.00 109.00]]
[[10.00 109.00]
 [136.00 197.00]]
[[136.00 197.00]
 [170.00 147.00]]
[[46.00 59.00]
 [170.00 147.00]]
[[170.00 147.00]
 [204.00 97.00]]
[[204.00 97.00]
 [81.00 10.00]]
[[46.00 59.00]
 [81.00 10.00]]
#3#
[[0.00 1.00 0.00 1.00 0.00 1.00]
 [1.00 0.00 1.00 0.00 0.00 0.00]
 [0.00 1.00 0.00 1.00 0.00 0.00]
 [1.00 0.00 1.00 0.00 1.00 0.00]
 [0.00 0.00 0.00 1.00 0.00 1.00]
 [1.00 0.00 0.00 0.00 1.00 0.00]]