#1#
[28.00 110.00]
[153.00 89.00]
[136.00 10.00]
[10.00 31.00]
[33.00 147.00]
[156.00 129.00]
#2#
[[28.00 110.00]
 [153.00 89.00]]
[[153.00 89.00]
 [136.00 10.00]]
[[136.00 10.00]
 [10.00 31.00]]
[[28.00 110.00]
 [10.00 31.00]]
[[28.00 110.00]
 [33.00 147.00]]
[[33.00 147.00]
 [156.00 129.00]]
[[153.00 89.00]
 [156.00 129.00]]
#3#
[[0.00 1.00 0.00 1.00 1.00 0.00]
 [1.00 0.00 1.00 0.00 0.00 1.00]
 [0.00 1.00 0.00 1.00 0.00 0.00]
 [1.00 0.00 1.00 0.00 0.00 0.00]
 [1.00 0.00 0.00 0.00 0.00 1.00]
 [0.00 1.00 0.00 0.00 1.00 0.00]]