#1#
[29.00 96.00]
[155.00 55.00]
[137.00 10.00]
[10.00 49.00]
[45.00 154.00]
[172.00 113.00]
#2#
[[29.00 96.00]
 [155.00 55.00]]
[[155.00 55.00]
 [137.00 10.00]]
[[137.00 10.00]
 [10.00 49.00]]
[[29.00 96.00]
 [10.00 49.00]]
[[29.00 96.00]
 [45.00 154.00]]
[[45.00 154.00]
 [172.00 113.00]]
[[155.00 55.00]
 [172.00 113.00]]
#3#
[[0.00 1.00 0.00 1.00 1.00 0.00]
 [1.00 0.00 1.00 0.00 0.00 1.00]
 [0.00 1.00 0.00 1.00 0.00 0.00]
 [1.00 0.00 1.00 0.00 0.00 0.00]
 [1.00 0.00 0.00 0.00 0.00 1.00]
 [0.00 1.00 0.00 0.00 1.00 0.00]]