#1#
[62.00 144.00]
[10.00 151.00]
[13.00 18.00]
[66.00 10.00]
[111.00 22.00]
[107.00 156.00]
#2#
[[62.00 144.00]
 [10.00 151.00]]
[[10.00 151.00]
 [13.00 18.00]]
[[13.00 18.00]
 [66.00 10.00]]
[[62.00 144.00]
 [66.00 10.00]]
[[66.00 10.00]
 [111.00 22.00]]
[[111.00 22.00]
 [107.00 156.00]]
[[62.00 144.00]
 [107.00 156.00]]
#3#
[[0.00 1.00 0.00 1.00 0.00 1.00]
 [1.00 0.00 1.00 0.00 0.00 0.00]
 [0.00 1.00 0.00 1.00 0.00 0.00]
 [1.00 0.00 1.00 0.00 1.00 0.00]
 [0.00 0.00 0.00 1.00 0.00 1.00]
 [1.00 0.00 0.00 0.00 1.00 0.00]]