#1#
[60.00 18.00]
[106.00 6.00]
[173.00 217.00]
[127.00 231.00]
[77.00 248.00]
[10.00 36.00]
#2#
[[60.00 18.00]
 [106.00 6.00]]
[[106.00 6.00]
 [173.00 217.00]]
[[173.00 217.00]
 [127.00 231.00]]
[[60.00 18.00]
 [127.00 231.00]]
[[127.00 231.00]
 [77.00 248.00]]
[[77.00 248.00]
 [10.00 36.00]]
[[60.00 18.00]
 [10.00 36.00]]
#3#
[[0.00 1.00 0.00 1.00 0.00 1.00]
 [1.00 0.00 1.00 0.00 0.00 0.00]
 [0.00 1.00 0.00 1.00 0.00 0.00]
 [1.00 0.00 1.00 0.00 1.00 0.00]
 [0.00 0.00 0.00 1.00 0.00 1.00]
 [1.00 0.00 0.00 0.00 1.00 0.00]]