#1#
[119.00 46.00]
[134.00 95.00]
[43.00 128.00]
[28.00 81.00]
[100.00 10.00]
[10.00 46.00]
#2#
[[119.00 46.00]
 [134.00 95.00]]
[[134.00 95.00]
 [43.00 128.00]]
[[43.00 128.00]
 [28.00 81.00]]
[[119.00 46.00]
 [100.00 10.00]]
[[100.00 10.00]
 [10.00 46.00]]
[[28.00 81.00]
 [10.00 46.00]]
[[119.00 46.00]
 [28.00 81.00]]
#3#
[[0.00 1.00 0.00 1.00 1.00 0.00]
 [1.00 0.00 1.00 0.00 0.00 0.00]
 [0.00 1.00 0.00 1.00 0.00 0.00]
 [1.00 0.00 1.00 0.00 0.00 1.00]
 [1.00 0.00 0.00 0.00 0.00 1.00]
 [0.00 0.00 0.00 1.00 1.00 0.00]]