#1#
[238.00 519.00]
[278.00 503.00]
[89.00 10.00]
[50.00 26.00]
[10.00 40.00]
[197.00 533.00]
#2#
[[238.00 519.00]
 [278.00 503.00]]
[[278.00 503.00]
 [89.00 10.00]]
[[89.00 10.00]
 [50.00 26.00]]
[[50.00 26.00]
 [10.00 40.00]]
[[10.00 40.00]
 [197.00 533.00]]
[[238.00 519.00]
 [197.00 533.00]]
[[238.00 519.00]
 [50.00 26.00]]
#3#
[[0.00 1.00 0.00 1.00 0.00 1.00]
 [1.00 0.00 1.00 0.00 0.00 0.00]
 [0.00 1.00 0.00 1.00 0.00 0.00]
 [1.00 0.00 1.00 0.00 1.00 0.00]
 [0.00 0.00 0.00 1.00 0.00 1.00]
 [1.00 0.00 0.00 0.00 1.00 0.00]]