#1#
[43.00 27.00]
[81.00 10.00]
[175.00 249.00]
[138.00 266.00]
[103.00 278.00]
[10.00 39.00]
#2#
[[43.00 27.00]
 [81.00 10.00]]
[[81.00 10.00]
 [175.00 249.00]]
[[175.00 249.00]
 [138.00 266.00]]
[[138.00 266.00]
 [103.00 278.00]]
[[103.00 278.00]
 [10.00 39.00]]
[[43.00 27.00]
 [10.00 39.00]]
[[43.00 27.00]
 [138.00 266.00]]
#3#
[[0.00 1.00 0.00 1.00 0.00 1.00]
 [1.00 0.00 1.00 0.00 0.00 0.00]
 [0.00 1.00 0.00 1.00 0.00 0.00]
 [1.00 0.00 1.00 0.00 1.00 0.00]
 [0.00 0.00 0.00 1.00 0.00 1.00]
 [1.00 0.00 0.00 0.00 1.00 0.00]]