#1#
[111.00 19.00]
[159.00 20.00]
[63.00 31.00]
[14.00 10.00]
[111.00 15.00]
[109.00 31.00]
[92.40 52.00]
[159.00 53.00]
[109.00 69.00]
[156.00 69.00]
[10.00 126.00]
[105.00 128.00]
[58.00 144.00]
#2#
[[111.00 19.00]
 [159.00 20.00]]
[[63.00 31.00]
 [14.00 10.00]]
[[111.00 19.00]
 [111.00 15.00]]
[[111.00 19.00]
 [109.00 31.00]]
[[63.00 31.00]
 [111.00 15.00]]
[[109.00 31.00]
 [92.40 52.00]]
[[92.40 52.00]
 [159.00 53.00]]
[[159.00 20.00]
 [159.00 53.00]]
[[109.00 69.00]
 [92.40 52.00]]
[[109.00 69.00]
 [156.00 69.00]]
[[156.00 69.00]
 [159.00 53.00]]
[[10.00 126.00]
 [14.00 10.00]]
[[109.00 69.00]
 [105.00 128.00]]
[[63.00 31.00]
 [58.00 144.00]]
[[10.00 126.00]
 [58.00 144.00]]
[[105.00 128.00]
 [58.00 144.00]]
#3#
[[0.00 1.00 0.00 0.00 1.00 1.00 0.00 0.00 0.00 0.00 0.00 0.00 0.00]
 [1.00 0.00 0.00 0.00 0.00 0.00 0.00 1.00 0.00 0.00 0.00 0.00 0.00]
 [0.00 0.00 0.00 1.00 1.00 0.00 0.00 0.00 0.00 0.00 0.00 0.00 1.00]
 [0.00 0.00 1.00 0.00 0.00 0.00 0.00 0.00 0.00 0.00 1.00 0.00 0.00]
 [1.00 0.00 1.00 0.00 0.00 0.00 0.00 0.00 0.00 0.00 0.00 0.00 0.00]
 [1.00 0.00 0.00 0.00 0.00 0.00 1.00 0.00 0.00 0.00 0.00 0.00 0.00]
 [0.00 0.00 0.00 0.00 0.00 1.00 0.00 1.00 1.00 0.00 0.00 0.00 0.00]
 [0.00 1.00 0.00 0.00 0.00 0.00 1.00 0.00 0.00 1.00 0.00 0.00 0.00]
 [0.00 0.00 0.00 0.00 0.00 0.00 1.00 0.00 0.00 1.00 0.00 1.00 0.00]
 [0.00 0.00 0.00 0.00 0.00 0.00 0.00 1.00 1.00 0.00 0.00 0.00 0.00]
 [0.00 0.00 0.00 1.00 0.00 0.00 0.00 0.00 0.00 0.00 0.00 0.00 1.00]
 [0.00 0.00 0.00 0.00 0.00 0.00 0.00 0.00 1.00 0.00 0.00 0.00 1.00]
 [0.00 0.00 1.00 0.00 0.00 0.00 0.00 0.00 0.00 0.00 1.00 1.00 0.00]]