#1#
[55.00 108.00]
[13.00 88.00]
[26.00 71.00]
[10.00 63.00]
[33.00 29.00]
[50.00 36.00]
[68.00 10.00]
[112.00 29.00]
[152.00 66.00]
[96.00 144.00]
#2#
[[55.00 108.00]
 [13.00 88.00]]
[[13.00 88.00]
 [26.00 71.00]]
[[26.00 71.00]
 [10.00 63.00]]
[[10.00 63.00]
 [33.00 29.00]]
[[33.00 29.00]
 [50.00 36.00]]
[[50.00 36.00]
 [68.00 10.00]]
[[68.00 10.00]
 [112.00 29.00]]
[[152.00 66.00]
 [112.00 29.00]]
[[152.00 66.00]
 [96.00 144.00]]
[[55.00 108.00]
 [96.00 144.00]]
[[55.00 108.00]
 [112.00 29.00]]
#3#
[[0.00 1.00 0.00 0.00 0.00 0.00 0.00 1.00 0.00 1.00]
 [1.00 0.00 1.00 0.00 0.00 0.00 0.00 0.00 0.00 0.00]
 [0.00 1.00 0.00 1.00 0.00 0.00 0.00 0.00 0.00 0.00]
 [0.00 0.00 1.00 0.00 1.00 0.00 0.00 0.00 0.00 0.00]
 [0.00 0.00 0.00 1.00 0.00 1.00 0.00 0.00 0.00 0.00]
 [0.00 0.00 0.00 0.00 1.00 0.00 1.00 0.00 0.00 0.00]
 [0.00 0.00 0.00 0.00 0.00 1.00 0.00 1.00 0.00 0.00]
 [1.00 0.00 0.00 0.00 0.00 0.00 1.00 0.00 1.00 0.00]
 [0.00 0.00 0.00 0.00 0.00 0.00 0.00 1.00 0.00 1.00]
 [1.00 0.00 0.00 0.00 0.00 0.00 0.00 0.00 1.00 0.00]]