#1#
[75.00 147.00]
[69.00 10.00]
[15.00 163.00]
[10.00 25.00]
[137.00 19.00]
[142.00 160.00]
#2#
[[75.00 147.00]
 [69.00 10.00]]
[[75.00 147.00]
 [15.00 163.00]]
[[15.00 163.00]
 [10.00 25.00]]
[[69.00 10.00]
 [10.00 25.00]]
[[69.00 10.00]
 [137.00 19.00]]
[[137.00 19.00]
 [142.00 160.00]]
[[75.00 147.00]
 [142.00 160.00]]
#3#
[[0.00 1.00 1.00 0.00 0.00 1.00]
 [1.00 0.00 0.00 1.00 1.00 0.00]
 [1.00 0.00 0.00 1.00 0.00 0.00]
 [0.00 1.00 1.00 0.00 0.00 0.00]
 [0.00 1.00 0.00 0.00 0.00 1.00]
 [1.00 0.00 0.00 0.00 1.00 0.00]]