#1#
[155.00 115.00]
[38.00 67.00]
[10.00 140.00]
[126.00 185.00]
[177.00 56.00]
[60.00 10.00]
#2#
[[155.00 115.00]
 [38.00 67.00]]
[[38.00 67.00]
 [10.00 140.00]]
[[10.00 140.00]
 [126.00 185.00]]
[[155.00 115.00]
 [126.00 185.00]]
[[155.00 115.00]
 [177.00 56.00]]
[[177.00 56.00]
 [60.00 10.00]]
[[38.00 67.00]
 [60.00 10.00]]
#3#
[[0.00 1.00 0.00 1.00 1.00 0.00]
 [1.00 0.00 1.00 0.00 0.00 1.00]
 [0.00 1.00 0.00 1.00 0.00 0.00]
 [1.00 0.00 1.00 0.00 0.00 0.00]
 [1.00 0.00 0.00 0.00 0.00 1.00]
 [0.00 1.00 0.00 0.00 1.00 0.00]]