#1#
[112.00 85.00]
[138.00 99.00]
[100.00 183.00]
[50.00 160.50]
[75.00 105.00]
[99.00 116.00]
[10.00 77.00]
[39.00 10.00]
[128.00 49.00]
#2#
[[112.00 85.00]
 [138.00 99.00]]
[[138.00 99.00]
 [100.00 183.00]]
[[100.00 183.00]
 [50.00 160.50]]
[[50.00 160.50]
 [75.00 105.00]]
[[112.00 85.00]
 [99.00 116.00]]
[[75.00 105.00]
 [99.00 116.00]]
[[75.00 105.00]
 [10.00 77.00]]
[[10.00 77.00]
 [39.00 10.00]]
[[128.00 49.00]
 [39.00 10.00]]
[[128.00 49.00]
 [112.00 85.00]]
#3#
[[0.00 1.00 0.00 0.00 0.00 1.00 0.00 0.00 1.00]
 [1.00 0.00 1.00 0.00 0.00 0.00 0.00 0.00 0.00]
 [0.00 1.00 0.00 1.00 0.00 0.00 0.00 0.00 0.00]
 [0.00 0.00 1.00 0.00 1.00 0.00 0.00 0.00 0.00]
 [0.00 0.00 0.00 1.00 0.00 1.00 1.00 0.00 0.00]
 [1.00 0.00 0.00 0.00 1.00 0.00 0.00 0.00 0.00]
 [0.00 0.00 0.00 0.00 1.00 0.00 0.00 1.00 0.00]
 [0.00 0.00 0.00 0.00 0.00 0.00 1.00 0.00 1.00]
 [1.00 0.00 0.00 0.00 0.00 0.00 0.00 1.00 0.00]]