#1#
[45.00 35.00]
[59.00 10.00]
[163.00 65.00]
[149.00 90.00]
[10.00 103.00]
[112.00 157.00]
#2#
[[45.00 35.00]
 [59.00 10.00]]
[[59.00 10.00]
 [163.00 65.00]]
[[163.00 65.00]
 [149.00 90.00]]
[[45.00 35.00]
 [10.00 103.00]]
[[10.00 103.00]
 [112.00 157.00]]
[[149.00 90.00]
 [112.00 157.00]]
[[45.00 35.00]
 [149.00 90.00]]
#3#
[[0.00 1.00 0.00 1.00 1.00 0.00]
 [1.00 0.00 1.00 0.00 0.00 0.00]
 [0.00 1.00 0.00 1.00 0.00 0.00]
 [1.00 0.00 1.00 0.00 0.00 1.00]
 [1.00 0.00 0.00 0.00 0.00 1.00]
 [0.00 0.00 0.00 1.00 1.00 0.00]]