#1#
[93.00 10.00]
[103.00 93.00]
[10.00 116.00]
[183.00 81.00]
[88.00 113.00]
[98.00 185.00]
#2#
[[93.00 10.00]
 [103.00 93.00]]
[[93.00 10.00]
 [10.00 116.00]]
[[93.00 10.00]
 [183.00 81.00]]
[[103.00 93.00]
 [183.00 81.00]]
[[103.00 93.00]
 [88.00 113.00]]
[[10.00 116.00]
 [88.00 113.00]]
[[88.00 113.00]
 [98.00 185.00]]
[[10.00 116.00]
 [98.00 185.00]]
[[183.00 81.00]
 [98.00 185.00]]
#3#
[[0.00 1.00 1.00 1.00 0.00 0.00]
 [1.00 0.00 0.00 1.00 1.00 0.00]
 [1.00 0.00 0.00 0.00 1.00 1.00]
 [1.00 1.00 0.00 0.00 0.00 1.00]
 [0.00 1.00 1.00 0.00 0.00 1.00]
 [0.00 0.00 1.00 1.00 1.00 0.00]]