#1#
[62.00 188.00]
[109.00 177.00]
[101.00 10.00]
[54.00 18.00]
[16.00 182.00]
[10.00 12.00]
#2#
[[62.00 188.00]
 [109.00 177.00]]
[[109.00 177.00]
 [101.00 10.00]]
[[101.00 10.00]
 [54.00 18.00]]
[[62.00 188.00]
 [54.00 18.00]]
[[62.00 188.00]
 [16.00 182.00]]
[[16.00 182.00]
 [10.00 12.00]]
[[54.00 18.00]
 [10.00 12.00]]
#3#
[[0.00 1.00 0.00 1.00 1.00 0.00]
 [1.00 0.00 1.00 0.00 0.00 0.00]
 [0.00 1.00 0.00 1.00 0.00 0.00]
 [1.00 0.00 1.00 0.00 0.00 1.00]
 [1.00 0.00 0.00 0.00 0.00 1.00]
 [0.00 0.00 0.00 1.00 1.00 0.00]]