#1#
[18.00 32.00]
[106.00 56.00]
[10.00 70.00]
[97.00 95.00]
[114.00 33.00]
[26.00 10.00]
#2#
[[18.00 32.00]
 [106.00 56.00]]
[[18.00 32.00]
 [10.00 70.00]]
[[10.00 70.00]
 [97.00 95.00]]
[[106.00 56.00]
 [97.00 95.00]]
[[106.00 56.00]
 [114.00 33.00]]
[[114.00 33.00]
 [26.00 10.00]]
[[18.00 32.00]
 [26.00 10.00]]
#3#
[[0.00 1.00 1.00 0.00 0.00 1.00]
 [1.00 0.00 0.00 1.00 1.00 0.00]
 [1.00 0.00 0.00 1.00 0.00 0.00]
 [0.00 1.00 1.00 0.00 0.00 0.00]
 [0.00 1.00 0.00 0.00 0.00 1.00]
 [1.00 0.00 0.00 0.00 1.00 0.00]]