#1#
[164.00 116.00]
[36.00 62.00]
[10.00 101.00]
[138.00 155.00]
[50.00 10.00]
[179.00 62.00]
#2#
[[164.00 116.00]
 [36.00 62.00]]
[[36.00 62.00]
 [10.00 101.00]]
[[10.00 101.00]
 [138.00 155.00]]
[[164.00 116.00]
 [138.00 155.00]]
[[36.00 62.00]
 [50.00 10.00]]
[[50.00 10.00]
 [179.00 62.00]]
[[164.00 116.00]
 [179.00 62.00]]
#3#
[[0.00 1.00 0.00 1.00 0.00 1.00]
 [1.00 0.00 1.00 0.00 1.00 0.00]
 [0.00 1.00 0.00 1.00 0.00 0.00]
 [1.00 0.00 1.00 0.00 0.00 0.00]
 [0.00 1.00 0.00 0.00 0.00 1.00]
 [1.00 0.00 0.00 0.00 1.00 0.00]]