#1#
[130.00 51.00]
[92.00 10.00]
[65.00 43.00]
[49.00 26.00]
[10.00 71.00]
[62.00 131.00]
[166.00 73.00]
[136.00 102.00]
[151.00 113.00]
[114.00 159.00]
#2#
[[130.00 51.00]
 [92.00 10.00]]
[[92.00 10.00]
 [65.00 43.00]]
[[65.00 43.00]
 [49.00 26.00]]
[[49.00 26.00]
 [10.00 71.00]]
[[10.00 71.00]
 [62.00 131.00]]
[[130.00 51.00]
 [166.00 73.00]]
[[166.00 73.00]
 [136.00 102.00]]
[[151.00 113.00]
 [136.00 102.00]]
[[151.00 113.00]
 [114.00 159.00]]
[[114.00 159.00]
 [62.00 131.00]]
[[130.00 51.00]
 [62.00 131.00]]
#3#
[[0.00 1.00 0.00 0.00 0.00 1.00 1.00 0.00 0.00 0.00]
 [1.00 0.00 1.00 0.00 0.00 0.00 0.00 0.00 0.00 0.00]
 [0.00 1.00 0.00 1.00 0.00 0.00 0.00 0.00 0.00 0.00]
 [0.00 0.00 1.00 0.00 1.00 0.00 0.00 0.00 0.00 0.00]
 [0.00 0.00 0.00 1.00 0.00 1.00 0.00 0.00 0.00 0.00]
 [1.00 0.00 0.00 0.00 1.00 0.00 0.00 0.00 0.00 1.00]
 [1.00 0.00 0.00 0.00 0.00 0.00 0.00 1.00 0.00 0.00]
 [0.00 0.00 0.00 0.00 0.00 0.00 1.00 0.00 1.00 0.00]
 [0.00 0.00 0.00 0.00 0.00 0.00 0.00 1.00 0.00 1.00]
 [0.00 0.00 0.00 0.00 0.00 1.00 0.00 0.00 1.00 0.00]]