#1#
[122.00 113.00]
[87.00 159.00]
[10.00 79.00]
[46.00 33.00]
[159.00 91.00]
[80.00 10.00]
#2#
[[122.00 113.00]
 [87.00 159.00]]
[[87.00 159.00]
 [10.00 79.00]]
[[10.00 79.00]
 [46.00 33.00]]
[[122.00 113.00]
 [159.00 91.00]]
[[159.00 91.00]
 [80.00 10.00]]
[[46.00 33.00]
 [80.00 10.00]]
[[122.00 113.00]
 [46.00 33.00]]
#3#
[[0.00 1.00 0.00 1.00 1.00 0.00]
 [1.00 0.00 1.00 0.00 0.00 0.00]
 [0.00 1.00 0.00 1.00 0.00 0.00]
 [1.00 0.00 1.00 0.00 0.00 1.00]
 [1.00 0.00 0.00 0.00 0.00 1.00]
 [0.00 0.00 0.00 1.00 1.00 0.00]]