#1#
[75.00 10.00]
[17.00 17.00]
[10.00 134.00]
[68.00 127.00]
[126.00 141.00]
[131.00 24.00]
#2#
[[75.00 10.00]
 [17.00 17.00]]
[[17.00 17.00]
 [10.00 134.00]]
[[10.00 134.00]
 [68.00 127.00]]
[[75.00 10.00]
 [68.00 127.00]]
[[68.00 127.00]
 [126.00 141.00]]
[[126.00 141.00]
 [131.00 24.00]]
[[75.00 10.00]
 [131.00 24.00]]
#3#
[[0.00 1.00 0.00 1.00 0.00 1.00]
 [1.00 0.00 1.00 0.00 0.00 0.00]
 [0.00 1.00 0.00 1.00 0.00 0.00]
 [1.00 0.00 1.00 0.00 1.00 0.00]
 [0.00 0.00 0.00 1.00 0.00 1.00]
 [1.00 0.00 0.00 0.00 1.00 0.00]]