#1#
[98.00 195.00]
[10.00 124.00]
[51.00 72.00]
[54.00 74.00]
[69.00 56.00]
[66.00 53.00]
[99.00 10.00]
[181.00 76.00]
[133.00 137.00]
[140.00 143.00]
#2#
[[98.00 195.00]
 [10.00 124.00]]
[[10.00 124.00]
 [51.00 72.00]]
[[51.00 72.00]
 [54.00 74.00]]
[[54.00 74.00]
 [69.00 56.00]]
[[69.00 56.00]
 [66.00 53.00]]
[[66.00 53.00]
 [99.00 10.00]]
[[99.00 10.00]
 [181.00 76.00]]
[[133.00 137.00]
 [181.00 76.00]]
[[133.00 137.00]
 [140.00 143.00]]
[[98.00 195.00]
 [140.00 143.00]]
#3#
[[0.00 1.00 0.00 0.00 0.00 0.00 0.00 0.00 0.00 1.00]
 [1.00 0.00 1.00 0.00 0.00 0.00 0.00 0.00 0.00 0.00]
 [0.00 1.00 0.00 1.00 0.00 0.00 0.00 0.00 0.00 0.00]
 [0.00 0.00 1.00 0.00 1.00 0.00 0.00 0.00 0.00 0.00]
 [0.00 0.00 0.00 1.00 0.00 1.00 0.00 0.00 0.00 0.00]
 [0.00 0.00 0.00 0.00 1.00 0.00 1.00 0.00 0.00 0.00]
 [0.00 0.00 0.00 0.00 0.00 1.00 0.00 1.00 0.00 0.00]
 [0.00 0.00 0.00 0.00 0.00 0.00 1.00 0.00 1.00 0.00]
 [0.00 0.00 0.00 0.00 0.00 0.00 0.00 1.00 0.00 1.00]
 [1.00 0.00 0.00 0.00 0.00 0.00 0.00 0.00 1.00 0.00]]