#1#
[34.00 53.00]
[61.00 10.00]
[410.00 194.00]
[382.00 236.00]
[10.00 105.00]
[356.00 290.00]
#2#
[[34.00 53.00]
 [61.00 10.00]]
[[61.00 10.00]
 [410.00 194.00]]
[[410.00 194.00]
 [382.00 236.00]]
[[34.00 53.00]
 [382.00 236.00]]
[[34.00 53.00]
 [10.00 105.00]]
[[10.00 105.00]
 [356.00 290.00]]
[[382.00 236.00]
 [356.00 290.00]]
#3#
[[0.00 1.00 0.00 1.00 1.00 0.00]
 [1.00 0.00 1.00 0.00 0.00 0.00]
 [0.00 1.00 0.00 1.00 0.00 0.00]
 [1.00 0.00 1.00 0.00 0.00 1.00]
 [1.00 0.00 0.00 0.00 0.00 1.00]
 [0.00 0.00 0.00 1.00 1.00 0.00]]