#1#
[32.00 135.00]
[42.00 120.00]
[111.00 164.00]
[181.00 56.00]
[146.00 35.00]
[138.00 47.00]
[82.00 10.00]
[10.00 120.00]
#2#
[[32.00 135.00]
 [42.00 120.00]]
[[42.00 120.00]
 [111.00 164.00]]
[[111.00 164.00]
 [181.00 56.00]]
[[181.00 56.00]
 [146.00 35.00]]
[[146.00 35.00]
 [138.00 47.00]]
[[138.00 47.00]
 [82.00 10.00]]
[[82.00 10.00]
 [10.00 120.00]]
[[32.00 135.00]
 [10.00 120.00]]
#3#
[[0.00 1.00 0.00 0.00 0.00 0.00 0.00 1.00]
 [1.00 0.00 1.00 0.00 0.00 0.00 0.00 0.00]
 [0.00 1.00 0.00 1.00 0.00 0.00 0.00 0.00]
 [0.00 0.00 1.00 0.00 1.00 0.00 0.00 0.00]
 [0.00 0.00 0.00 1.00 0.00 1.00 0.00 0.00]
 [0.00 0.00 0.00 0.00 1.00 0.00 1.00 0.00]
 [0.00 0.00 0.00 0.00 0.00 1.00 0.00 1.00]
 [1.00 0.00 0.00 0.00 0.00 0.00 1.00 0.00]]