#1#
[160.00 60.00]
[126.00 10.00]
[10.00 94.00]
[39.00 139.00]
[71.00 189.00]
[193.00 109.00]
#2#
[[160.00 60.00]
 [126.00 10.00]]
[[126.00 10.00]
 [10.00 94.00]]
[[10.00 94.00]
 [39.00 139.00]]
[[160.00 60.00]
 [39.00 139.00]]
[[39.00 139.00]
 [71.00 189.00]]
[[71.00 189.00]
 [193.00 109.00]]
[[160.00 60.00]
 [193.00 109.00]]
#3#
[[0.00 1.00 0.00 1.00 0.00 1.00]
 [1.00 0.00 1.00 0.00 0.00 0.00]
 [0.00 1.00 0.00 1.00 0.00 0.00]
 [1.00 0.00 1.00 0.00 1.00 0.00]
 [0.00 0.00 0.00 1.00 0.00 1.00]
 [1.00 0.00 0.00 0.00 1.00 0.00]]