#1#
[130.00 52.00]
[96.00 10.00]
[10.00 79.00]
[46.00 122.00]
[82.00 166.00]
[167.00 97.00]
#2#
[[130.00 52.00]
 [96.00 10.00]]
[[96.00 10.00]
 [10.00 79.00]]
[[10.00 79.00]
 [46.00 122.00]]
[[130.00 52.00]
 [46.00 122.00]]
[[46.00 122.00]
 [82.00 166.00]]
[[82.00 166.00]
 [167.00 97.00]]
[[130.00 52.00]
 [167.00 97.00]]
#3#
[[0.00 1.00 0.00 1.00 0.00 1.00]
 [1.00 0.00 1.00 0.00 0.00 0.00]
 [0.00 1.00 0.00 1.00 0.00 0.00]
 [1.00 0.00 1.00 0.00 1.00 0.00]
 [0.00 0.00 0.00 1.00 0.00 1.00]
 [1.00 0.00 0.00 0.00 1.00 0.00]]