#1#
[127.00 140.00]
[145.00 100.00]
[115.00 110.00]
[163.00 60.00]
[67.00 10.00]
[46.00 55.00]
[26.00 96.00]
[10.00 133.00]
[109.00 179.00]
[57.00 82.00]
#2#
[[127.00 140.00]
 [145.00 100.00]]
[[127.00 140.00]
 [115.00 110.00]]
[[145.00 100.00]
 [115.00 110.00]]
[[145.00 100.00]
 [163.00 60.00]]
[[163.00 60.00]
 [67.00 10.00]]
[[67.00 10.00]
 [46.00 55.00]]
[[26.00 96.00]
 [10.00 133.00]]
[[109.00 179.00]
 [10.00 133.00]]
[[109.00 179.00]
 [127.00 140.00]]
[[46.00 55.00]
 [26.00 96.00]]
[[57.00 82.00]
 [26.00 96.00]]
[[57.00 82.00]
 [115.00 110.00]]
[[57.00 82.00]
 [46.00 55.00]]
#3#
[[0.00 1.00 1.00 0.00 0.00 0.00 0.00 0.00 1.00 0.00]
 [1.00 0.00 1.00 1.00 0.00 0.00 0.00 0.00 0.00 0.00]
 [1.00 1.00 0.00 0.00 0.00 0.00 0.00 0.00 0.00 1.00]
 [0.00 1.00 0.00 0.00 1.00 0.00 0.00 0.00 0.00 0.00]
 [0.00 0.00 0.00 1.00 0.00 1.00 0.00 0.00 0.00 0.00]
 [0.00 0.00 0.00 0.00 1.00 0.00 1.00 0.00 0.00 1.00]
 [0.00 0.00 0.00 0.00 0.00 1.00 0.00 1.00 0.00 1.00]
 [0.00 0.00 0.00 0.00 0.00 0.00 1.00 0.00 1.00 0.00]
 [1.00 0.00 0.00 0.00 0.00 0.00 0.00 1.00 0.00 0.00]
 [0.00 0.00 1.00 0.00 0.00 1.00 1.00 0.00 0.00 0.00]]