#1#
[69.00 123.00]
[10.00 95.00]
[44.00 10.00]
[102.00 35.00]
[151.00 51.00]
[119.00 138.00]
#2#
[[69.00 123.00]
 [10.00 95.00]]
[[10.00 95.00]
 [44.00 10.00]]
[[44.00 10.00]
 [102.00 35.00]]
[[69.00 123.00]
 [102.00 35.00]]
[[102.00 35.00]
 [151.00 51.00]]
[[151.00 51.00]
 [119.00 138.00]]
[[69.00 123.00]
 [119.00 138.00]]
#3#
[[0.00 1.00 0.00 1.00 0.00 1.00]
 [1.00 0.00 1.00 0.00 0.00 0.00]
 [0.00 1.00 0.00 1.00 0.00 0.00]
 [1.00 0.00 1.00 0.00 1.00 0.00]
 [0.00 0.00 0.00 1.00 0.00 1.00]
 [1.00 0.00 0.00 0.00 1.00 0.00]]