#1#
[156.00 40.00]
[27.00 91.00]
[172.00 99.00]
[43.00 154.00]
[10.00 62.00]
[139.00 10.00]
#2#
[[156.00 40.00]
 [27.00 91.00]]
[[156.00 40.00]
 [172.00 99.00]]
[[172.00 99.00]
 [43.00 154.00]]
[[27.00 91.00]
 [43.00 154.00]]
[[27.00 91.00]
 [10.00 62.00]]
[[10.00 62.00]
 [139.00 10.00]]
[[156.00 40.00]
 [139.00 10.00]]
#3#
[[0.00 1.00 1.00 0.00 0.00 1.00]
 [1.00 0.00 0.00 1.00 1.00 0.00]
 [1.00 0.00 0.00 1.00 0.00 0.00]
 [0.00 1.00 1.00 0.00 0.00 0.00]
 [0.00 1.00 0.00 0.00 0.00 1.00]
 [1.00 0.00 0.00 0.00 1.00 0.00]]