#1#
[129.00 102.00]
[24.00 69.00]
[40.00 10.00]
[147.00 46.00]
[10.00 102.00]
[112.00 135.00]
#2#
[[129.00 102.00]
 [24.00 69.00]]
[[24.00 69.00]
 [40.00 10.00]]
[[129.00 102.00]
 [147.00 46.00]]
[[40.00 10.00]
 [147.00 46.00]]
[[24.00 69.00]
 [10.00 102.00]]
[[10.00 102.00]
 [112.00 135.00]]
[[129.00 102.00]
 [112.00 135.00]]
#3#
[[0.00 1.00 0.00 1.00 0.00 1.00]
 [1.00 0.00 1.00 0.00 1.00 0.00]
 [0.00 1.00 0.00 1.00 0.00 0.00]
 [1.00 0.00 1.00 0.00 0.00 0.00]
 [0.00 1.00 0.00 0.00 0.00 1.00]
 [1.00 0.00 0.00 0.00 1.00 0.00]]