#1#
[124.00 46.00]
[12.00 46.00]
[122.00 114.00]
[11.00 111.00]
[10.00 10.00]
[122.00 11.00]
#2#
[[124.00 46.00]
 [12.00 46.00]]
[[124.00 46.00]
 [122.00 114.00]]
[[122.00 114.00]
 [11.00 111.00]]
[[12.00 46.00]
 [11.00 111.00]]
[[12.00 46.00]
 [10.00 10.00]]
[[10.00 10.00]
 [122.00 11.00]]
[[124.00 46.00]
 [122.00 11.00]]
#3#
[[0.00 1.00 1.00 0.00 0.00 1.00]
 [1.00 0.00 0.00 1.00 1.00 0.00]
 [1.00 0.00 0.00 1.00 0.00 0.00]
 [0.00 1.00 1.00 0.00 0.00 0.00]
 [0.00 1.00 0.00 0.00 0.00 1.00]
 [1.00 0.00 0.00 0.00 1.00 0.00]]