#1#
[147.00 103.00]
[131.00 166.00]
[76.00 153.00]
[79.00 138.00]
[10.00 118.00]
[22.00 68.00]
[41.00 10.00]
[133.00 35.00]
[136.00 26.00]
[168.00 36.00]
#2#
[[147.00 103.00]
 [131.00 166.00]]
[[131.00 166.00]
 [76.00 153.00]]
[[76.00 153.00]
 [79.00 138.00]]
[[79.00 138.00]
 [10.00 118.00]]
[[10.00 118.00]
 [22.00 68.00]]
[[147.00 103.00]
 [22.00 68.00]]
[[22.00 68.00]
 [41.00 10.00]]
[[41.00 10.00]
 [133.00 35.00]]
[[136.00 26.00]
 [133.00 35.00]]
[[136.00 26.00]
 [168.00 36.00]]
[[147.00 103.00]
 [168.00 36.00]]
#3#
[[0.00 1.00 0.00 0.00 0.00 1.00 0.00 0.00 0.00 1.00]
 [1.00 0.00 1.00 0.00 0.00 0.00 0.00 0.00 0.00 0.00]
 [0.00 1.00 0.00 1.00 0.00 0.00 0.00 0.00 0.00 0.00]
 [0.00 0.00 1.00 0.00 1.00 0.00 0.00 0.00 0.00 0.00]
 [0.00 0.00 0.00 1.00 0.00 1.00 0.00 0.00 0.00 0.00]
 [1.00 0.00 0.00 0.00 1.00 0.00 1.00 0.00 0.00 0.00]
 [0.00 0.00 0.00 0.00 0.00 1.00 0.00 1.00 0.00 0.00]
 [0.00 0.00 0.00 0.00 0.00 0.00 1.00 0.00 1.00 0.00]
 [0.00 0.00 0.00 0.00 0.00 0.00 0.00 1.00 0.00 1.00]
 [1.00 0.00 0.00 0.00 0.00 0.00 0.00 0.00 1.00 0.00]]