#1#
[59.00 141.00]
[10.00 124.00]
[43.00 10.00]
[90.00 25.00]
[142.00 35.00]
[112.00 151.00]
#2#
[[59.00 141.00]
 [10.00 124.00]]
[[10.00 124.00]
 [43.00 10.00]]
[[43.00 10.00]
 [90.00 25.00]]
[[59.00 141.00]
 [90.00 25.00]]
[[90.00 25.00]
 [142.00 35.00]]
[[142.00 35.00]
 [112.00 151.00]]
[[59.00 141.00]
 [112.00 151.00]]
#3#
[[0.00 1.00 0.00 1.00 0.00 1.00]
 [1.00 0.00 1.00 0.00 0.00 0.00]
 [0.00 1.00 0.00 1.00 0.00 0.00]
 [1.00 0.00 1.00 0.00 1.00 0.00]
 [0.00 0.00 0.00 1.00 0.00 1.00]
 [1.00 0.00 0.00 0.00 1.00 0.00]]