#1#
[53.00 168.00]
[101.00 194.00]
[176.00 60.00]
[131.00 35.00]
[86.00 10.00]
[10.00 141.00]
#2#
[[53.00 168.00]
 [101.00 194.00]]
[[101.00 194.00]
 [176.00 60.00]]
[[176.00 60.00]
 [131.00 35.00]]
[[131.00 35.00]
 [86.00 10.00]]
[[86.00 10.00]
 [10.00 141.00]]
[[53.00 168.00]
 [10.00 141.00]]
[[53.00 168.00]
 [131.00 35.00]]
#3#
[[0.00 1.00 0.00 1.00 0.00 1.00]
 [1.00 0.00 1.00 0.00 0.00 0.00]
 [0.00 1.00 0.00 1.00 0.00 0.00]
 [1.00 0.00 1.00 0.00 1.00 0.00]
 [0.00 0.00 0.00 1.00 0.00 1.00]
 [1.00 0.00 0.00 0.00 1.00 0.00]]