#1#
[132.00 51.00]
[112.00 10.00]
[10.00 50.00]
[31.00 90.00]
[45.00 133.00]
[144.00 96.00]
#2#
[[132.00 51.00]
 [112.00 10.00]]
[[112.00 10.00]
 [10.00 50.00]]
[[10.00 50.00]
 [31.00 90.00]]
[[132.00 51.00]
 [31.00 90.00]]
[[31.00 90.00]
 [45.00 133.00]]
[[45.00 133.00]
 [144.00 96.00]]
[[132.00 51.00]
 [144.00 96.00]]
#3#
[[0.00 1.00 0.00 1.00 0.00 1.00]
 [1.00 0.00 1.00 0.00 0.00 0.00]
 [0.00 1.00 0.00 1.00 0.00 0.00]
 [1.00 0.00 1.00 0.00 1.00 0.00]
 [0.00 0.00 0.00 1.00 0.00 1.00]
 [1.00 0.00 0.00 0.00 1.00 0.00]]