#1#
[57.00 128.00]
[103.00 36.00]
[10.00 103.00]
[57.00 10.00]
[150.00 57.00]
[105.00 149.00]
#2#
[[57.00 128.00]
 [103.00 36.00]]
[[57.00 128.00]
 [10.00 103.00]]
[[10.00 103.00]
 [57.00 10.00]]
[[103.00 36.00]
 [57.00 10.00]]
[[103.00 36.00]
 [150.00 57.00]]
[[150.00 57.00]
 [105.00 149.00]]
[[57.00 128.00]
 [105.00 149.00]]
#3#
[[0.00 1.00 1.00 0.00 0.00 1.00]
 [1.00 0.00 0.00 1.00 1.00 0.00]
 [1.00 0.00 0.00 1.00 0.00 0.00]
 [0.00 1.00 1.00 0.00 0.00 0.00]
 [0.00 1.00 0.00 0.00 0.00 1.00]
 [1.00 0.00 0.00 0.00 1.00 0.00]]