#1#
[74.00 125.00]
[15.00 122.00]
[10.00 13.00]
[70.00 19.00]
[126.00 10.00]
[129.00 117.00]
#2#
[[74.00 125.00]
 [15.00 122.00]]
[[15.00 122.00]
 [10.00 13.00]]
[[10.00 13.00]
 [70.00 19.00]]
[[74.00 125.00]
 [70.00 19.00]]
[[70.00 19.00]
 [126.00 10.00]]
[[126.00 10.00]
 [129.00 117.00]]
[[74.00 125.00]
 [129.00 117.00]]
#3#
[[0.00 1.00 0.00 1.00 0.00 1.00]
 [1.00 0.00 1.00 0.00 0.00 0.00]
 [0.00 1.00 0.00 1.00 0.00 0.00]
 [1.00 0.00 1.00 0.00 1.00 0.00]
 [0.00 0.00 0.00 1.00 0.00 1.00]
 [1.00 0.00 0.00 0.00 1.00 0.00]]