#1#
[185.00 150.00]
[93.00 97.00]
[149.00 10.00]
[44.00 183.00]
[10.00 45.00]
#2#
[[185.00 150.00]
 [93.00 97.00]]
[[93.00 97.00]
 [149.00 10.00]]
[[185.00 150.00]
 [149.00 10.00]]
[[185.00 150.00]
 [44.00 183.00]]
[[44.00 183.00]
 [10.00 45.00]]
[[149.00 10.00]
 [10.00 45.00]]
[[149.00 10.00]
 [10.00 45.00]]
[[93.00 97.00]
 [10.00 45.00]]
[[93.00 97.00]
 [44.00 183.00]]
#3#
[[0.00 1.00 1.00 1.00 0.00]
 [1.00 0.00 1.00 1.00 1.00]
 [1.00 1.00 0.00 0.00 1.00]
 [1.00 1.00 0.00 0.00 1.00]
 [0.00 1.00 1.00 1.00 0.00]]