#1#
[48.00 28.00]
[149.00 88.00]
[111.00 163.00]
[10.00 103.00]
[61.00 11.00]
[96.00 32.00]
[114.00 10.00]
[180.00 50.00]
#2#
[[48.00 28.00]
 [149.00 88.00]]
[[149.00 88.00]
 [111.00 163.00]]
[[111.00 163.00]
 [10.00 103.00]]
[[48.00 28.00]
 [10.00 103.00]]
[[48.00 28.00]
 [61.00 11.00]]
[[61.00 11.00]
 [96.00 32.00]]
[[96.00 32.00]
 [114.00 10.00]]
[[114.00 10.00]
 [180.00 50.00]]
[[149.00 88.00]
 [180.00 50.00]]
#3#
[[0.00 1.00 0.00 1.00 1.00 0.00 0.00 0.00]
 [1.00 0.00 1.00 0.00 0.00 0.00 0.00 1.00]
 [0.00 1.00 0.00 1.00 0.00 0.00 0.00 0.00]
 [1.00 0.00 1.00 0.00 0.00 0.00 0.00 0.00]
 [1.00 0.00 0.00 0.00 0.00 1.00 0.00 0.00]
 [0.00 0.00 0.00 0.00 1.00 0.00 1.00 0.00]
 [0.00 0.00 0.00 0.00 0.00 1.00 0.00 1.00]
 [0.00 1.00 0.00 0.00 0.00 0.00 1.00 0.00]]