#1#
[95.00 10.00]
[10.00 66.00]
[108.00 83.00]
[124.00 14.00]
[77.00 101.00]
[81.00 169.00]
[175.00 107.00]
#2#
[[95.00 10.00]
 [10.00 66.00]]
[[95.00 10.00]
 [108.00 83.00]]
[[95.00 10.00]
 [124.00 14.00]]
[[10.00 66.00]
 [77.00 101.00]]
[[10.00 66.00]
 [81.00 169.00]]
[[108.00 83.00]
 [124.00 14.00]]
[[108.00 83.00]
 [175.00 107.00]]
[[108.00 83.00]
 [77.00 101.00]]
[[77.00 101.00]
 [81.00 169.00]]
[[124.00 14.00]
 [175.00 107.00]]
[[81.00 169.00]
 [175.00 107.00]]
#3#
[[0.00 1.00 1.00 1.00 0.00 0.00 0.00]
 [1.00 0.00 0.00 0.00 1.00 1.00 0.00]
 [1.00 0.00 0.00 1.00 1.00 0.00 1.00]
 [1.00 0.00 1.00 0.00 0.00 0.00 1.00]
 [0.00 1.00 1.00 0.00 0.00 1.00 0.00]
 [0.00 1.00 0.00 0.00 1.00 0.00 1.00]
 [0.00 0.00 1.00 1.00 0.00 1.00 0.00]]