#1#
[36.00 40.00]
[10.00 59.00]
[99.00 153.00]
[125.00 136.00]
[151.00 105.00]
[62.00 10.00]
#2#
[[36.00 40.00]
 [10.00 59.00]]
[[10.00 59.00]
 [99.00 153.00]]
[[99.00 153.00]
 [125.00 136.00]]
[[36.00 40.00]
 [125.00 136.00]]
[[125.00 136.00]
 [151.00 105.00]]
[[151.00 105.00]
 [62.00 10.00]]
[[36.00 40.00]
 [62.00 10.00]]
#3#
[[0.00 1.00 0.00 1.00 0.00 1.00]
 [1.00 0.00 1.00 0.00 0.00 0.00]
 [0.00 1.00 0.00 1.00 0.00 0.00]
 [1.00 0.00 1.00 0.00 1.00 0.00]
 [0.00 0.00 0.00 1.00 0.00 1.00]
 [1.00 0.00 0.00 0.00 1.00 0.00]]