#1#
[46.00 157.00]
[10.00 126.00]
[132.00 10.00]
[167.00 39.00]
[200.00 80.00]
[79.00 197.00]
#2#
[[46.00 157.00]
 [10.00 126.00]]
[[10.00 126.00]
 [132.00 10.00]]
[[132.00 10.00]
 [167.00 39.00]]
[[46.00 157.00]
 [167.00 39.00]]
[[167.00 39.00]
 [200.00 80.00]]
[[200.00 80.00]
 [79.00 197.00]]
[[46.00 157.00]
 [79.00 197.00]]
#3#
[[0.00 1.00 0.00 1.00 0.00 1.00]
 [1.00 0.00 1.00 0.00 0.00 0.00]
 [0.00 1.00 0.00 1.00 0.00 0.00]
 [1.00 0.00 1.00 0.00 1.00 0.00]
 [0.00 0.00 0.00 1.00 0.00 1.00]
 [1.00 0.00 0.00 0.00 1.00 0.00]]