#1#
[63.00 11.00]
[49.00 113.00]
[10.00 112.00]
[22.00 10.00]
[104.00 20.00]
[89.00 122.00]
#2#
[[63.00 11.00]
 [49.00 113.00]]
[[49.00 113.00]
 [10.00 112.00]]
[[10.00 112.00]
 [22.00 10.00]]
[[63.00 11.00]
 [22.00 10.00]]
[[63.00 11.00]
 [104.00 20.00]]
[[104.00 20.00]
 [89.00 122.00]]
[[49.00 113.00]
 [89.00 122.00]]
#3#
[[0.00 1.00 0.00 1.00 1.00 0.00]
 [1.00 0.00 1.00 0.00 0.00 1.00]
 [0.00 1.00 0.00 1.00 0.00 0.00]
 [1.00 0.00 1.00 0.00 0.00 0.00]
 [1.00 0.00 0.00 0.00 0.00 1.00]
 [0.00 1.00 0.00 0.00 1.00 0.00]]