#1#
[43.00 67.00]
[74.00 65.00]
[41.00 14.00]
[70.00 12.00]
[103.00 63.00]
[98.00 10.00]
[10.00 16.00]
[12.00 69.00]
#2#
[[43.00 67.00]
 [74.00 65.00]]
[[43.00 67.00]
 [41.00 14.00]]
[[74.00 65.00]
 [70.00 12.00]]
[[74.00 65.00]
 [103.00 63.00]]
[[103.00 63.00]
 [98.00 10.00]]
[[70.00 12.00]
 [98.00 10.00]]
[[41.00 14.00]
 [10.00 16.00]]
[[10.00 16.00]
 [12.00 69.00]]
[[43.00 67.00]
 [12.00 69.00]]
[[41.00 14.00]
 [70.00 12.00]]
#3#
[[0.00 1.00 1.00 0.00 0.00 0.00 0.00 1.00]
 [1.00 0.00 0.00 1.00 1.00 0.00 0.00 0.00]
 [1.00 0.00 0.00 1.00 0.00 0.00 1.00 0.00]
 [0.00 1.00 1.00 0.00 0.00 1.00 0.00 0.00]
 [0.00 1.00 0.00 0.00 0.00 1.00 0.00 0.00]
 [0.00 0.00 0.00 1.00 1.00 0.00 0.00 0.00]
 [0.00 0.00 1.00 0.00 0.00 0.00 0.00 1.00]
 [1.00 0.00 0.00 0.00 0.00 0.00 1.00 0.00]]