#1#
[19.00 158.00]
[100.00 155.00]
[57.00 115.00]
[90.00 10.00]
[53.00 40.00]
[10.00 16.00]
#2#
[[19.00 158.00]
 [100.00 155.00]]
[[19.00 158.00]
 [57.00 115.00]]
[[100.00 155.00]
 [90.00 10.00]]
[[100.00 155.00]
 [57.00 115.00]]
[[57.00 115.00]
 [53.00 40.00]]
[[53.00 40.00]
 [10.00 16.00]]
[[90.00 10.00]
 [53.00 40.00]]
[[19.00 158.00]
 [10.00 16.00]]
[[90.00 10.00]
 [10.00 16.00]]
#3#
[[0.00 1.00 1.00 0.00 0.00 1.00]
 [1.00 0.00 1.00 1.00 0.00 0.00]
 [1.00 1.00 0.00 0.00 1.00 0.00]
 [0.00 1.00 0.00 0.00 1.00 1.00]
 [0.00 0.00 1.00 1.00 0.00 1.00]
 [1.00 0.00 0.00 1.00 1.00 0.00]]