#1#
[162.00 62.00]
[156.00 10.00]
[10.00 26.00]
[17.00 80.00]
[24.00 149.00]
[169.00 133.00]
#2#
[[162.00 62.00]
 [156.00 10.00]]
[[156.00 10.00]
 [10.00 26.00]]
[[10.00 26.00]
 [17.00 80.00]]
[[162.00 62.00]
 [17.00 80.00]]
[[17.00 80.00]
 [24.00 149.00]]
[[24.00 149.00]
 [169.00 133.00]]
[[162.00 62.00]
 [169.00 133.00]]
#3#
[[0.00 1.00 0.00 1.00 0.00 1.00]
 [1.00 0.00 1.00 0.00 0.00 0.00]
 [0.00 1.00 0.00 1.00 0.00 0.00]
 [1.00 0.00 1.00 0.00 1.00 0.00]
 [0.00 0.00 0.00 1.00 0.00 1.00]
 [1.00 0.00 0.00 0.00 1.00 0.00]]