#1#
[34.00 84.00]
[171.00 141.00]
[201.00 63.00]
[66.00 10.00]
[10.00 150.00]
[146.00 204.00]
#2#
[[34.00 84.00]
 [171.00 141.00]]
[[171.00 141.00]
 [201.00 63.00]]
[[201.00 63.00]
 [66.00 10.00]]
[[34.00 84.00]
 [66.00 10.00]]
[[34.00 84.00]
 [10.00 150.00]]
[[10.00 150.00]
 [146.00 204.00]]
[[171.00 141.00]
 [146.00 204.00]]
#3#
[[0.00 1.00 0.00 1.00 1.00 0.00]
 [1.00 0.00 1.00 0.00 0.00 1.00]
 [0.00 1.00 0.00 1.00 0.00 0.00]
 [1.00 0.00 1.00 0.00 0.00 0.00]
 [1.00 0.00 0.00 0.00 0.00 1.00]
 [0.00 1.00 0.00 0.00 1.00 0.00]]