#1#
[42.00 50.00]
[10.00 92.00]
[209.00 231.00]
[240.00 190.00]
[269.00 149.00]
[70.00 10.00]
#2#
[[42.00 50.00]
 [10.00 92.00]]
[[10.00 92.00]
 [209.00 231.00]]
[[209.00 231.00]
 [240.00 190.00]]
[[240.00 190.00]
 [269.00 149.00]]
[[269.00 149.00]
 [70.00 10.00]]
[[42.00 50.00]
 [70.00 10.00]]
[[42.00 50.00]
 [240.00 190.00]]
#3#
[[0.00 1.00 0.00 1.00 0.00 1.00]
 [1.00 0.00 1.00 0.00 0.00 0.00]
 [0.00 1.00 0.00 1.00 0.00 0.00]
 [1.00 0.00 1.00 0.00 1.00 0.00]
 [0.00 0.00 0.00 1.00 0.00 1.00]
 [1.00 0.00 0.00 0.00 1.00 0.00]]