#1#
[26.00 53.00]
[372.00 162.00]
[10.00 111.00]
[356.00 223.00]
[391.00 119.00]
[47.00 10.00]
#2#
[[26.00 53.00]
 [372.00 162.00]]
[[26.00 53.00]
 [10.00 111.00]]
[[10.00 111.00]
 [356.00 223.00]]
[[372.00 162.00]
 [356.00 223.00]]
[[372.00 162.00]
 [391.00 119.00]]
[[391.00 119.00]
 [47.00 10.00]]
[[26.00 53.00]
 [47.00 10.00]]
#3#
[[0.00 1.00 1.00 0.00 0.00 1.00]
 [1.00 0.00 0.00 1.00 1.00 0.00]
 [1.00 0.00 0.00 1.00 0.00 0.00]
 [0.00 1.00 1.00 0.00 0.00 0.00]
 [0.00 1.00 0.00 0.00 0.00 1.00]
 [1.00 0.00 0.00 0.00 1.00 0.00]]