#1#
[83.00 10.00]
[176.00 85.00]
[107.00 101.00]
[104.00 175.00]
[10.00 100.00]
[89.00 126.00]
#2#
[[83.00 10.00]
 [176.00 85.00]]
[[83.00 10.00]
 [107.00 101.00]]
[[176.00 85.00]
 [104.00 175.00]]
[[83.00 10.00]
 [10.00 100.00]]
[[104.00 175.00]
 [10.00 100.00]]
[[176.00 85.00]
 [107.00 101.00]]
[[10.00 100.00]
 [89.00 126.00]]
[[107.00 101.00]
 [89.00 126.00]]
[[104.00 175.00]
 [89.00 126.00]]
#3#
[[0.00 1.00 1.00 0.00 1.00 0.00]
 [1.00 0.00 1.00 1.00 0.00 0.00]
 [1.00 1.00 0.00 0.00 0.00 1.00]
 [0.00 1.00 0.00 0.00 1.00 1.00]
 [1.00 0.00 0.00 1.00 0.00 1.00]
 [0.00 0.00 1.00 1.00 1.00 0.00]]