#1#
[116.00 97.00]
[33.00 56.00]
[57.00 10.00]
[139.00 51.00]
[91.00 150.00]
[10.00 109.00]
#2#
[[116.00 97.00]
 [33.00 56.00]]
[[33.00 56.00]
 [57.00 10.00]]
[[57.00 10.00]
 [139.00 51.00]]
[[116.00 97.00]
 [139.00 51.00]]
[[116.00 97.00]
 [91.00 150.00]]
[[91.00 150.00]
 [10.00 109.00]]
[[33.00 56.00]
 [10.00 109.00]]
#3#
[[0.00 1.00 0.00 1.00 1.00 0.00]
 [1.00 0.00 1.00 0.00 0.00 1.00]
 [0.00 1.00 0.00 1.00 0.00 0.00]
 [1.00 0.00 1.00 0.00 0.00 0.00]
 [1.00 0.00 0.00 0.00 0.00 1.00]
 [0.00 1.00 0.00 0.00 1.00 0.00]]