#1#
[65.00 43.00]
[106.00 10.00]
[189.00 114.00]
[147.00 146.00]
[88.00 191.00]
[10.00 93.00]
#2#
[[65.00 43.00]
 [106.00 10.00]]
[[106.00 10.00]
 [189.00 114.00]]
[[189.00 114.00]
 [147.00 146.00]]
[[65.00 43.00]
 [147.00 146.00]]
[[147.00 146.00]
 [88.00 191.00]]
[[88.00 191.00]
 [10.00 93.00]]
[[65.00 43.00]
 [10.00 93.00]]
#3#
[[0.00 1.00 0.00 1.00 0.00 1.00]
 [1.00 0.00 1.00 0.00 0.00 0.00]
 [0.00 1.00 0.00 1.00 0.00 0.00]
 [1.00 0.00 1.00 0.00 1.00 0.00]
 [0.00 0.00 0.00 1.00 0.00 1.00]
 [1.00 0.00 0.00 0.00 1.00 0.00]]