#1#
[44.00 151.00]
[10.00 98.00]
[141.00 10.00]
[174.00 62.00]
[209.00 117.00]
[80.00 204.00]
#2#
[[44.00 151.00]
 [10.00 98.00]]
[[10.00 98.00]
 [141.00 10.00]]
[[141.00 10.00]
 [174.00 62.00]]
[[44.00 151.00]
 [174.00 62.00]]
[[174.00 62.00]
 [209.00 117.00]]
[[209.00 117.00]
 [80.00 204.00]]
[[44.00 151.00]
 [80.00 204.00]]
#3#
[[0.00 1.00 0.00 1.00 0.00 1.00]
 [1.00 0.00 1.00 0.00 0.00 0.00]
 [0.00 1.00 0.00 1.00 0.00 0.00]
 [1.00 0.00 1.00 0.00 1.00 0.00]
 [0.00 0.00 0.00 1.00 0.00 1.00]
 [1.00 0.00 0.00 0.00 1.00 0.00]]