#1#
[70.00 130.00]
[68.00 134.00]
[178.00 170.00]
[204.00 178.00]
[244.00 57.00]
[108.00 10.00]
[137.00 289.00]
[10.00 244.00]
[50.00 124.00]
#2#
[[70.00 130.00]
 [68.00 134.00]]
[[68.00 134.00]
 [178.00 170.00]]
[[178.00 170.00]
 [204.00 178.00]]
[[204.00 178.00]
 [244.00 57.00]]
[[244.00 57.00]
 [108.00 10.00]]
[[70.00 130.00]
 [108.00 10.00]]
[[178.00 170.00]
 [137.00 289.00]]
[[137.00 289.00]
 [10.00 244.00]]
[[50.00 124.00]
 [10.00 244.00]]
[[50.00 124.00]
 [70.00 130.00]]
#3#
[[0.00 1.00 0.00 0.00 0.00 1.00 0.00 0.00 1.00]
 [1.00 0.00 1.00 0.00 0.00 0.00 0.00 0.00 0.00]
 [0.00 1.00 0.00 1.00 0.00 0.00 1.00 0.00 0.00]
 [0.00 0.00 1.00 0.00 1.00 0.00 0.00 0.00 0.00]
 [0.00 0.00 0.00 1.00 0.00 1.00 0.00 0.00 0.00]
 [1.00 0.00 0.00 0.00 1.00 0.00 0.00 0.00 0.00]
 [0.00 0.00 1.00 0.00 0.00 0.00 0.00 1.00 0.00]
 [0.00 0.00 0.00 0.00 0.00 0.00 1.00 0.00 1.00]
 [1.00 0.00 0.00 0.00 0.00 0.00 0.00 1.00 0.00]]