#1#
[130.00 287.00]
[77.00 300.00]
[10.00 37.00]
[63.00 25.00]
[121.00 10.00]
[189.00 271.00]
#2#
[[130.00 287.00]
 [77.00 300.00]]
[[77.00 300.00]
 [10.00 37.00]]
[[10.00 37.00]
 [63.00 25.00]]
[[63.00 25.00]
 [121.00 10.00]]
[[121.00 10.00]
 [189.00 271.00]]
[[130.00 287.00]
 [189.00 271.00]]
[[130.00 287.00]
 [63.00 25.00]]
#3#
[[0.00 1.00 0.00 1.00 0.00 1.00]
 [1.00 0.00 1.00 0.00 0.00 0.00]
 [0.00 1.00 0.00 1.00 0.00 0.00]
 [1.00 0.00 1.00 0.00 1.00 0.00]
 [0.00 0.00 0.00 1.00 0.00 1.00]
 [1.00 0.00 0.00 0.00 1.00 0.00]]