#1#
[75.00 131.00]
[51.00 113.00]
[58.00 101.00]
[75.00 103.00]
[83.00 117.00]
[141.00 105.00]
[168.00 80.00]
[66.00 10.00]
[40.00 38.00]
[10.00 94.00]
[112.00 161.00]
#2#
[[75.00 131.00]
 [51.00 113.00]]
[[51.00 113.00]
 [58.00 101.00]]
[[58.00 101.00]
 [75.00 103.00]]
[[75.00 103.00]
 [83.00 117.00]]
[[75.00 131.00]
 [83.00 117.00]]
[[141.00 105.00]
 [168.00 80.00]]
[[168.00 80.00]
 [66.00 10.00]]
[[40.00 38.00]
 [66.00 10.00]]
[[40.00 38.00]
 [10.00 94.00]]
[[10.00 94.00]
 [112.00 161.00]]
[[112.00 161.00]
 [141.00 105.00]]
[[40.00 38.00]
 [141.00 105.00]]
#3#
[[0.00 1.00 0.00 0.00 1.00 0.00 0.00 0.00 0.00 0.00 0.00]
 [1.00 0.00 1.00 0.00 0.00 0.00 0.00 0.00 0.00 0.00 0.00]
 [0.00 1.00 0.00 1.00 0.00 0.00 0.00 0.00 0.00 0.00 0.00]
 [0.00 0.00 1.00 0.00 1.00 0.00 0.00 0.00 0.00 0.00 0.00]
 [1.00 0.00 0.00 1.00 0.00 0.00 0.00 0.00 0.00 0.00 0.00]
 [0.00 0.00 0.00 0.00 0.00 0.00 1.00 0.00 1.00 0.00 1.00]
 [0.00 0.00 0.00 0.00 0.00 1.00 0.00 1.00 0.00 0.00 0.00]
 [0.00 0.00 0.00 0.00 0.00 0.00 1.00 0.00 1.00 0.00 0.00]
 [0.00 0.00 0.00 0.00 0.00 1.00 0.00 1.00 0.00 1.00 0.00]
 [0.00 0.00 0.00 0.00 0.00 0.00 0.00 0.00 1.00 0.00 1.00]
 [0.00 0.00 0.00 0.00 0.00 1.00 0.00 0.00 0.00 1.00 0.00]]