#1#
[60.00 147.00]
[10.00 127.00]
[56.00 10.00]
[102.00 29.00]
[67.00 105.00]
[88.00 48.00]
[57.00 37.00]
[37.00 94.00]
#2#
[[60.00 147.00]
 [10.00 127.00]]
[[10.00 127.00]
 [56.00 10.00]]
[[56.00 10.00]
 [102.00 29.00]]
[[67.00 105.00]
 [88.00 48.00]]
[[88.00 48.00]
 [57.00 37.00]]
[[57.00 37.00]
 [37.00 94.00]]
[[67.00 105.00]
 [37.00 94.00]]
[[60.00 147.00]
 [102.00 29.00]]
#3#
[[0.00 1.00 0.00 1.00 0.00 0.00 0.00 0.00]
 [1.00 0.00 1.00 0.00 0.00 0.00 0.00 0.00]
 [0.00 1.00 0.00 1.00 0.00 0.00 0.00 0.00]
 [1.00 0.00 1.00 0.00 0.00 0.00 0.00 0.00]
 [0.00 0.00 0.00 0.00 0.00 1.00 0.00 1.00]
 [0.00 0.00 0.00 0.00 1.00 0.00 1.00 0.00]
 [0.00 0.00 0.00 0.00 0.00 1.00 0.00 1.00]
 [0.00 0.00 0.00 0.00 1.00 0.00 1.00 0.00]]