#1#
[60.00 147.00]
[129.00 39.00]
[109.00 186.00]
[178.00 76.00]
[83.00 130.00]
[116.00 153.00]
[156.00 94.00]
[124.00 72.00]
[80.00 10.00]
[10.00 118.00]
#2#
[[60.00 147.00]
 [129.00 39.00]]
[[60.00 147.00]
 [109.00 186.00]]
[[109.00 186.00]
 [178.00 76.00]]
[[129.00 39.00]
 [178.00 76.00]]
[[83.00 130.00]
 [116.00 153.00]]
[[116.00 153.00]
 [156.00 94.00]]
[[156.00 94.00]
 [124.00 72.00]]
[[83.00 130.00]
 [124.00 72.00]]
[[80.00 10.00]
 [129.00 39.00]]
[[80.00 10.00]
 [10.00 118.00]]
[[60.00 147.00]
 [10.00 118.00]]
#3#
[[0.00 1.00 1.00 0.00 0.00 0.00 0.00 0.00 0.00 1.00]
 [1.00 0.00 0.00 1.00 0.00 0.00 0.00 0.00 1.00 0.00]
 [1.00 0.00 0.00 1.00 0.00 0.00 0.00 0.00 0.00 0.00]
 [0.00 1.00 1.00 0.00 0.00 0.00 0.00 0.00 0.00 0.00]
 [0.00 0.00 0.00 0.00 0.00 1.00 0.00 1.00 0.00 0.00]
 [0.00 0.00 0.00 0.00 1.00 0.00 1.00 0.00 0.00 0.00]
 [0.00 0.00 0.00 0.00 0.00 1.00 0.00 1.00 0.00 0.00]
 [0.00 0.00 0.00 0.00 1.00 0.00 1.00 0.00 0.00 0.00]
 [0.00 1.00 0.00 0.00 0.00 0.00 0.00 0.00 0.00 1.00]
 [1.00 0.00 0.00 0.00 0.00 0.00 0.00 0.00 1.00 0.00]]