#1#
[103.00 10.00]
[74.00 72.00]
[171.00 110.00]
[10.00 66.00]
[79.00 173.00]
[102.00 113.00]
#2#
[[103.00 10.00]
 [74.00 72.00]]
[[103.00 10.00]
 [171.00 110.00]]
[[103.00 10.00]
 [10.00 66.00]]
[[10.00 66.00]
 [79.00 173.00]]
[[74.00 72.00]
 [10.00 66.00]]
[[171.00 110.00]
 [79.00 173.00]]
[[74.00 72.00]
 [102.00 113.00]]
[[171.00 110.00]
 [102.00 113.00]]
[[79.00 173.00]
 [102.00 113.00]]
#3#
[[0.00 1.00 1.00 1.00 0.00 0.00]
 [1.00 0.00 0.00 1.00 0.00 1.00]
 [1.00 0.00 0.00 0.00 1.00 1.00]
 [1.00 1.00 0.00 0.00 1.00 0.00]
 [0.00 0.00 1.00 1.00 0.00 1.00]
 [0.00 1.00 1.00 0.00 1.00 0.00]]