#1#
[138.00 43.00]
[59.00 95.00]
[86.00 138.00]
[166.00 86.00]
[212.00 83.00]
[263.00 138.00]
[102.00 249.00]
[50.00 194.00]
[10.00 119.00]
[171.00 10.00]
#2#
[[138.00 43.00]
 [59.00 95.00]]
[[59.00 95.00]
 [86.00 138.00]]
[[86.00 138.00]
 [166.00 86.00]]
[[138.00 43.00]
 [166.00 86.00]]
[[212.00 83.00]
 [263.00 138.00]]
[[263.00 138.00]
 [102.00 249.00]]
[[102.00 249.00]
 [50.00 194.00]]
[[212.00 83.00]
 [50.00 194.00]]
[[10.00 119.00]
 [50.00 194.00]]
[[10.00 119.00]
 [171.00 10.00]]
[[171.00 10.00]
 [212.00 83.00]]
#3#
[[0.00 1.00 0.00 1.00 0.00 0.00 0.00 0.00 0.00 0.00]
 [1.00 0.00 1.00 0.00 0.00 0.00 0.00 0.00 0.00 0.00]
 [0.00 1.00 0.00 1.00 0.00 0.00 0.00 0.00 0.00 0.00]
 [1.00 0.00 1.00 0.00 0.00 0.00 0.00 0.00 0.00 0.00]
 [0.00 0.00 0.00 0.00 0.00 1.00 0.00 1.00 0.00 1.00]
 [0.00 0.00 0.00 0.00 1.00 0.00 1.00 0.00 0.00 0.00]
 [0.00 0.00 0.00 0.00 0.00 1.00 0.00 1.00 0.00 0.00]
 [0.00 0.00 0.00 0.00 1.00 0.00 1.00 0.00 1.00 0.00]
 [0.00 0.00 0.00 0.00 0.00 0.00 0.00 1.00 0.00 1.00]
 [0.00 0.00 0.00 0.00 1.00 0.00 0.00 0.00 1.00 0.00]]