#1#
[70.00 24.00]
[121.00 19.00]
[113.00 123.00]
[64.00 127.00]
[10.00 114.00]
[19.00 10.00]
#2#
[[70.00 24.00]
 [121.00 19.00]]
[[121.00 19.00]
 [113.00 123.00]]
[[113.00 123.00]
 [64.00 127.00]]
[[70.00 24.00]
 [64.00 127.00]]
[[64.00 127.00]
 [10.00 114.00]]
[[10.00 114.00]
 [19.00 10.00]]
[[70.00 24.00]
 [19.00 10.00]]
#3#
[[0.00 1.00 0.00 1.00 0.00 1.00]
 [1.00 0.00 1.00 0.00 0.00 0.00]
 [0.00 1.00 0.00 1.00 0.00 0.00]
 [1.00 0.00 1.00 0.00 1.00 0.00]
 [0.00 0.00 0.00 1.00 0.00 1.00]
 [1.00 0.00 0.00 0.00 1.00 0.00]]