#1#
[158.00 40.00]
[52.00 203.00]
[10.00 170.00]
[113.00 10.00]
[96.00 225.00]
[198.00 70.00]
#2#
[[158.00 40.00]
 [52.00 203.00]]
[[52.00 203.00]
 [10.00 170.00]]
[[10.00 170.00]
 [113.00 10.00]]
[[158.00 40.00]
 [113.00 10.00]]
[[52.00 203.00]
 [96.00 225.00]]
[[96.00 225.00]
 [198.00 70.00]]
[[158.00 40.00]
 [198.00 70.00]]
#3#
[[0.00 1.00 0.00 1.00 0.00 1.00]
 [1.00 0.00 1.00 0.00 1.00 0.00]
 [0.00 1.00 0.00 1.00 0.00 0.00]
 [1.00 0.00 1.00 0.00 0.00 0.00]
 [0.00 1.00 0.00 0.00 0.00 1.00]
 [1.00 0.00 0.00 0.00 1.00 0.00]]