#1#
[74.00 10.00]
[130.00 21.00]
[133.00 144.00]
[79.00 133.00]
[12.00 147.00]
[10.00 26.00]
#2#
[[74.00 10.00]
 [130.00 21.00]]
[[130.00 21.00]
 [133.00 144.00]]
[[133.00 144.00]
 [79.00 133.00]]
[[74.00 10.00]
 [79.00 133.00]]
[[79.00 133.00]
 [12.00 147.00]]
[[12.00 147.00]
 [10.00 26.00]]
[[74.00 10.00]
 [10.00 26.00]]
#3#
[[0.00 1.00 0.00 1.00 0.00 1.00]
 [1.00 0.00 1.00 0.00 0.00 0.00]
 [0.00 1.00 0.00 1.00 0.00 0.00]
 [1.00 0.00 1.00 0.00 1.00 0.00]
 [0.00 0.00 0.00 1.00 0.00 1.00]
 [1.00 0.00 0.00 0.00 1.00 0.00]]