#1#
[134.00 72.00]
[95.00 10.00]
[47.00 43.00]
[59.00 62.00]
[10.00 97.00]
[38.00 140.00]
[78.00 187.00]
[174.00 119.00]
#2#
[[134.00 72.00]
 [95.00 10.00]]
[[95.00 10.00]
 [47.00 43.00]]
[[47.00 43.00]
 [59.00 62.00]]
[[59.00 62.00]
 [10.00 97.00]]
[[10.00 97.00]
 [38.00 140.00]]
[[134.00 72.00]
 [38.00 140.00]]
[[38.00 140.00]
 [78.00 187.00]]
[[78.00 187.00]
 [174.00 119.00]]
[[134.00 72.00]
 [174.00 119.00]]
#3#
[[0.00 1.00 0.00 0.00 0.00 1.00 0.00 1.00]
 [1.00 0.00 1.00 0.00 0.00 0.00 0.00 0.00]
 [0.00 1.00 0.00 1.00 0.00 0.00 0.00 0.00]
 [0.00 0.00 1.00 0.00 1.00 0.00 0.00 0.00]
 [0.00 0.00 0.00 1.00 0.00 1.00 0.00 0.00]
 [1.00 0.00 0.00 0.00 1.00 0.00 1.00 0.00]
 [0.00 0.00 0.00 0.00 0.00 1.00 0.00 1.00]
 [1.00 0.00 0.00 0.00 0.00 0.00 1.00 0.00]]