#1#
[69.00 120.00]
[73.00 10.00]
[130.00 25.00]
[123.00 134.00]
[10.00 127.00]
[13.00 18.00]
#2#
[[69.00 120.00]
 [73.00 10.00]]
[[73.00 10.00]
 [130.00 25.00]]
[[130.00 25.00]
 [123.00 134.00]]
[[69.00 120.00]
 [123.00 134.00]]
[[69.00 120.00]
 [10.00 127.00]]
[[10.00 127.00]
 [13.00 18.00]]
[[73.00 10.00]
 [13.00 18.00]]
#3#
[[0.00 1.00 0.00 1.00 1.00 0.00]
 [1.00 0.00 1.00 0.00 0.00 1.00]
 [0.00 1.00 0.00 1.00 0.00 0.00]
 [1.00 0.00 1.00 0.00 0.00 0.00]
 [1.00 0.00 0.00 0.00 0.00 1.00]
 [0.00 1.00 0.00 0.00 1.00 0.00]]