#1#
[96.00 37.00]
[81.00 65.00]
[125.00 92.00]
[141.00 67.00]
[40.00 66.00]
[10.00 98.00]
[110.00 165.00]
[139.00 132.00]
[169.00 74.00]
[69.00 10.00]
#2#
[[96.00 37.00]
 [81.00 65.00]]
[[81.00 65.00]
 [125.00 92.00]]
[[125.00 92.00]
 [141.00 67.00]]
[[96.00 37.00]
 [141.00 67.00]]
[[40.00 66.00]
 [10.00 98.00]]
[[10.00 98.00]
 [110.00 165.00]]
[[110.00 165.00]
 [139.00 132.00]]
[[169.00 74.00]
 [139.00 132.00]]
[[169.00 74.00]
 [69.00 10.00]]
[[69.00 10.00]
 [40.00 66.00]]
[[40.00 66.00]
 [139.00 132.00]]
#3#
[[0.00 1.00 0.00 1.00 0.00 0.00 0.00 0.00 0.00 0.00]
 [1.00 0.00 1.00 0.00 0.00 0.00 0.00 0.00 0.00 0.00]
 [0.00 1.00 0.00 1.00 0.00 0.00 0.00 0.00 0.00 0.00]
 [1.00 0.00 1.00 0.00 0.00 0.00 0.00 0.00 0.00 0.00]
 [0.00 0.00 0.00 0.00 0.00 1.00 0.00 1.00 0.00 1.00]
 [0.00 0.00 0.00 0.00 1.00 0.00 1.00 0.00 0.00 0.00]
 [0.00 0.00 0.00 0.00 0.00 1.00 0.00 1.00 0.00 0.00]
 [0.00 0.00 0.00 0.00 1.00 0.00 1.00 0.00 1.00 0.00]
 [0.00 0.00 0.00 0.00 0.00 0.00 0.00 1.00 0.00 1.00]
 [0.00 0.00 0.00 0.00 1.00 0.00 0.00 0.00 1.00 0.00]]