#1#
[10.00 71.00]
[117.00 68.00]
[117.00 104.00]
[13.00 105.00]
[10.00 12.00]
[117.00 10.00]
#2#
[[10.00 71.00]
 [117.00 68.00]]
[[117.00 68.00]
 [117.00 104.00]]
[[117.00 104.00]
 [13.00 105.00]]
[[10.00 71.00]
 [13.00 105.00]]
[[10.00 71.00]
 [10.00 12.00]]
[[10.00 12.00]
 [117.00 10.00]]
[[117.00 68.00]
 [117.00 10.00]]
#3#
[[0.00 1.00 0.00 1.00 1.00 0.00]
 [1.00 0.00 1.00 0.00 0.00 1.00]
 [0.00 1.00 0.00 1.00 0.00 0.00]
 [1.00 0.00 1.00 0.00 0.00 0.00]
 [1.00 0.00 0.00 0.00 0.00 1.00]
 [0.00 1.00 0.00 0.00 1.00 0.00]]