#1#
[27.00 84.00]
[94.00 65.00]
[10.00 28.00]
[63.00 38.00]
[41.00 43.00]
[76.00 10.00]
#2#
[[27.00 84.00]
 [94.00 65.00]]
[[27.00 84.00]
 [10.00 28.00]]
[[94.00 65.00]
 [63.00 38.00]]
[[27.00 84.00]
 [41.00 43.00]]
[[63.00 38.00]
 [41.00 43.00]]
[[63.00 38.00]
 [76.00 10.00]]
[[10.00 28.00]
 [41.00 43.00]]
[[10.00 28.00]
 [76.00 10.00]]
[[94.00 65.00]
 [76.00 10.00]]
#3#
[[0.00 1.00 1.00 0.00 1.00 0.00]
 [1.00 0.00 0.00 1.00 0.00 1.00]
 [1.00 0.00 0.00 0.00 1.00 1.00]
 [0.00 1.00 0.00 0.00 1.00 1.00]
 [1.00 0.00 1.00 1.00 0.00 0.00]
 [0.00 1.00 1.00 1.00 0.00 0.00]]