#1#
[142.00 44.00]
[82.00 243.00]
[16.00 223.00]
[31.00 173.00]
[18.00 169.00]
[24.00 147.00]
[38.00 151.00]
[54.00 96.00]
[10.00 83.00]
[32.00 10.00]
#2#
[[142.00 44.00]
 [82.00 243.00]]
[[82.00 243.00]
 [16.00 223.00]]
[[16.00 223.00]
 [31.00 173.00]]
[[31.00 173.00]
 [18.00 169.00]]
[[18.00 169.00]
 [24.00 147.00]]
[[24.00 147.00]
 [38.00 151.00]]
[[38.00 151.00]
 [54.00 96.00]]
[[10.00 83.00]
 [54.00 96.00]]
[[10.00 83.00]
 [32.00 10.00]]
[[142.00 44.00]
 [32.00 10.00]]
#3#
[[0.00 1.00 0.00 0.00 0.00 0.00 0.00 0.00 0.00 1.00]
 [1.00 0.00 1.00 0.00 0.00 0.00 0.00 0.00 0.00 0.00]
 [0.00 1.00 0.00 1.00 0.00 0.00 0.00 0.00 0.00 0.00]
 [0.00 0.00 1.00 0.00 1.00 0.00 0.00 0.00 0.00 0.00]
 [0.00 0.00 0.00 1.00 0.00 1.00 0.00 0.00 0.00 0.00]
 [0.00 0.00 0.00 0.00 1.00 0.00 1.00 0.00 0.00 0.00]
 [0.00 0.00 0.00 0.00 0.00 1.00 0.00 1.00 0.00 0.00]
 [0.00 0.00 0.00 0.00 0.00 0.00 1.00 0.00 1.00 0.00]
 [0.00 0.00 0.00 0.00 0.00 0.00 0.00 1.00 0.00 1.00]
 [1.00 0.00 0.00 0.00 0.00 0.00 0.00 0.00 1.00 0.00]]