#1#
[35.00 69.00]
[57.00 10.00]
[189.00 63.00]
[166.00 122.00]
[10.00 126.00]
[141.00 179.00]
#2#
[[35.00 69.00]
 [57.00 10.00]]
[[57.00 10.00]
 [189.00 63.00]]
[[189.00 63.00]
 [166.00 122.00]]
[[35.00 69.00]
 [166.00 122.00]]
[[35.00 69.00]
 [10.00 126.00]]
[[10.00 126.00]
 [141.00 179.00]]
[[166.00 122.00]
 [141.00 179.00]]
#3#
[[0.00 1.00 0.00 1.00 1.00 0.00]
 [1.00 0.00 1.00 0.00 0.00 0.00]
 [0.00 1.00 0.00 1.00 0.00 0.00]
 [1.00 0.00 1.00 0.00 0.00 1.00]
 [1.00 0.00 0.00 0.00 0.00 1.00]
 [0.00 0.00 0.00 1.00 1.00 0.00]]