#1#
[53.00 171.00]
[89.00 202.00]
[183.00 62.00]
[143.00 30.00]
[10.00 149.00]
[103.00 10.00]
#2#
[[53.00 171.00]
 [89.00 202.00]]
[[89.00 202.00]
 [183.00 62.00]]
[[183.00 62.00]
 [143.00 30.00]]
[[53.00 171.00]
 [10.00 149.00]]
[[10.00 149.00]
 [103.00 10.00]]
[[143.00 30.00]
 [103.00 10.00]]
[[53.00 171.00]
 [143.00 30.00]]
#3#
[[0.00 1.00 0.00 1.00 1.00 0.00]
 [1.00 0.00 1.00 0.00 0.00 0.00]
 [0.00 1.00 0.00 1.00 0.00 0.00]
 [1.00 0.00 1.00 0.00 0.00 1.00]
 [1.00 0.00 0.00 0.00 0.00 1.00]
 [0.00 0.00 0.00 1.00 1.00 0.00]]