#1#
[348.00 378.00]
[333.00 283.00]
[10.00 127.00]
[434.00 261.00]
[114.00 121.00]
[94.00 10.00]
#2#
[[348.00 378.00]
 [333.00 283.00]]
[[348.00 378.00]
 [10.00 127.00]]
[[333.00 283.00]
 [434.00 261.00]]
[[348.00 378.00]
 [434.00 261.00]]
[[10.00 127.00]
 [114.00 121.00]]
[[10.00 127.00]
 [94.00 10.00]]
[[333.00 283.00]
 [114.00 121.00]]
[[114.00 121.00]
 [94.00 10.00]]
[[434.00 261.00]
 [94.00 10.00]]
#3#
[[0.00 1.00 1.00 1.00 0.00 0.00]
 [1.00 0.00 0.00 1.00 1.00 0.00]
 [1.00 0.00 0.00 0.00 1.00 1.00]
 [1.00 1.00 0.00 0.00 0.00 1.00]
 [0.00 1.00 1.00 0.00 0.00 1.00]
 [0.00 0.00 1.00 1.00 1.00 0.00]]