#1#
[170.00 106.00]
[186.00 70.00]
[43.00 10.00]
[27.00 45.00]
[10.00 86.00]
[153.00 147.00]
#2#
[[170.00 106.00]
 [186.00 70.00]]
[[186.00 70.00]
 [43.00 10.00]]
[[43.00 10.00]
 [27.00 45.00]]
[[27.00 45.00]
 [10.00 86.00]]
[[10.00 86.00]
 [153.00 147.00]]
[[170.00 106.00]
 [153.00 147.00]]
[[170.00 106.00]
 [27.00 45.00]]
#3#
[[0.00 1.00 0.00 1.00 0.00 1.00]
 [1.00 0.00 1.00 0.00 0.00 0.00]
 [0.00 1.00 0.00 1.00 0.00 0.00]
 [1.00 0.00 1.00 0.00 1.00 0.00]
 [0.00 0.00 0.00 1.00 0.00 1.00]
 [1.00 0.00 0.00 0.00 1.00 0.00]]