#1#
[206.00 151.00]
[185.00 141.00]
[199.00 110.00]
[259.00 134.00]
[247.00 166.00]
[177.00 213.00]
[176.00 218.00]
[10.00 152.00]
[68.00 10.00]
[336.00 123.00]
[281.00 254.00]
#2#
[[206.00 151.00]
 [185.00 141.00]]
[[185.00 141.00]
 [199.00 110.00]]
[[199.00 110.00]
 [259.00 134.00]]
[[259.00 134.00]
 [247.00 166.00]]
[[206.00 151.00]
 [247.00 166.00]]
[[206.00 151.00]
 [177.00 213.00]]
[[177.00 213.00]
 [176.00 218.00]]
[[176.00 218.00]
 [10.00 152.00]]
[[68.00 10.00]
 [10.00 152.00]]
[[68.00 10.00]
 [336.00 123.00]]
[[336.00 123.00]
 [281.00 254.00]]
[[281.00 254.00]
 [177.00 213.00]]
#3#
[[0.00 1.00 0.00 0.00 1.00 1.00 0.00 0.00 0.00 0.00 0.00]
 [1.00 0.00 1.00 0.00 0.00 0.00 0.00 0.00 0.00 0.00 0.00]
 [0.00 1.00 0.00 1.00 0.00 0.00 0.00 0.00 0.00 0.00 0.00]
 [0.00 0.00 1.00 0.00 1.00 0.00 0.00 0.00 0.00 0.00 0.00]
 [1.00 0.00 0.00 1.00 0.00 0.00 0.00 0.00 0.00 0.00 0.00]
 [1.00 0.00 0.00 0.00 0.00 0.00 1.00 0.00 0.00 0.00 1.00]
 [0.00 0.00 0.00 0.00 0.00 1.00 0.00 1.00 0.00 0.00 0.00]
 [0.00 0.00 0.00 0.00 0.00 0.00 1.00 0.00 1.00 0.00 0.00]
 [0.00 0.00 0.00 0.00 0.00 0.00 0.00 1.00 0.00 1.00 0.00]
 [0.00 0.00 0.00 0.00 0.00 0.00 0.00 0.00 1.00 0.00 1.00]
 [0.00 0.00 0.00 0.00 0.00 1.00 0.00 0.00 0.00 1.00 0.00]]