#1#
[67.00 118.00]
[119.00 128.00]
[11.00 130.00]
[10.00 23.00]
[117.00 20.00]
[67.00 10.00]
#2#
[[67.00 118.00]
 [119.00 128.00]]
[[67.00 118.00]
 [11.00 130.00]]
[[11.00 130.00]
 [10.00 23.00]]
[[119.00 128.00]
 [117.00 20.00]]
[[67.00 118.00]
 [67.00 10.00]]
[[117.00 20.00]
 [67.00 10.00]]
[[10.00 23.00]
 [67.00 10.00]]
#3#
[[0.00 1.00 1.00 0.00 0.00 1.00]
 [1.00 0.00 0.00 0.00 1.00 0.00]
 [1.00 0.00 0.00 1.00 0.00 0.00]
 [0.00 0.00 1.00 0.00 0.00 1.00]
 [0.00 1.00 0.00 0.00 0.00 1.00]
 [1.00 0.00 0.00 1.00 1.00 0.00]]