#1#
[82.00 10.00]
[10.00 55.00]
[60.00 55.00]
[90.00 100.00]
[71.00 148.00]
[142.00 105.00]
#2#
[[82.00 10.00]
 [10.00 55.00]]
[[82.00 10.00]
 [60.00 55.00]]
[[60.00 55.00]
 [90.00 100.00]]
[[10.00 55.00]
 [60.00 55.00]]
[[10.00 55.00]
 [71.00 148.00]]
[[90.00 100.00]
 [142.00 105.00]]
[[90.00 100.00]
 [71.00 148.00]]
[[82.00 10.00]
 [142.00 105.00]]
[[71.00 148.00]
 [142.00 105.00]]
#3#
[[0.00 1.00 1.00 0.00 0.00 1.00]
 [1.00 0.00 1.00 0.00 1.00 0.00]
 [1.00 1.00 0.00 1.00 0.00 0.00]
 [0.00 0.00 1.00 0.00 1.00 1.00]
 [0.00 1.00 0.00 1.00 0.00 1.00]
 [1.00 0.00 0.00 1.00 1.00 0.00]]