#1#
[51.00 112.00]
[10.00 106.00]
[43.00 10.00]
[85.00 15.00]
[50.00 81.00]
[64.00 40.00]
[39.00 32.00]
[24.00 73.00]
[130.00 39.00]
[98.00 137.00]
#2#
[[51.00 112.00]
 [10.00 106.00]]
[[10.00 106.00]
 [43.00 10.00]]
[[43.00 10.00]
 [85.00 15.00]]
[[51.00 112.00]
 [85.00 15.00]]
[[50.00 81.00]
 [64.00 40.00]]
[[64.00 40.00]
 [39.00 32.00]]
[[39.00 32.00]
 [24.00 73.00]]
[[50.00 81.00]
 [24.00 73.00]]
[[130.00 39.00]
 [85.00 15.00]]
[[130.00 39.00]
 [98.00 137.00]]
[[51.00 112.00]
 [98.00 137.00]]
#3#
[[0.00 1.00 0.00 1.00 0.00 0.00 0.00 0.00 0.00 1.00]
 [1.00 0.00 1.00 0.00 0.00 0.00 0.00 0.00 0.00 0.00]
 [0.00 1.00 0.00 1.00 0.00 0.00 0.00 0.00 0.00 0.00]
 [1.00 0.00 1.00 0.00 0.00 0.00 0.00 0.00 1.00 0.00]
 [0.00 0.00 0.00 0.00 0.00 1.00 0.00 1.00 0.00 0.00]
 [0.00 0.00 0.00 0.00 1.00 0.00 1.00 0.00 0.00 0.00]
 [0.00 0.00 0.00 0.00 0.00 1.00 0.00 1.00 0.00 0.00]
 [0.00 0.00 0.00 0.00 1.00 0.00 1.00 0.00 0.00 0.00]
 [0.00 0.00 0.00 1.00 0.00 0.00 0.00 0.00 0.00 1.00]
 [1.00 0.00 0.00 0.00 0.00 0.00 0.00 0.00 1.00 0.00]]