#1#
[36.00 44.00]
[153.00 83.00]
[10.00 132.00]
[127.00 169.00]
[167.00 48.00]
[49.00 10.00]
#2#
[[36.00 44.00]
 [153.00 83.00]]
[[36.00 44.00]
 [10.00 132.00]]
[[10.00 132.00]
 [127.00 169.00]]
[[153.00 83.00]
 [127.00 169.00]]
[[153.00 83.00]
 [167.00 48.00]]
[[167.00 48.00]
 [49.00 10.00]]
[[36.00 44.00]
 [49.00 10.00]]
#3#
[[0.00 1.00 1.00 0.00 0.00 1.00]
 [1.00 0.00 0.00 1.00 1.00 0.00]
 [1.00 0.00 0.00 1.00 0.00 0.00]
 [0.00 1.00 1.00 0.00 0.00 0.00]
 [0.00 1.00 0.00 0.00 0.00 1.00]
 [1.00 0.00 0.00 0.00 1.00 0.00]]