#1#
[107.00 10.00]
[10.00 111.00]
[306.00 204.00]
[92.00 98.00]
[211.00 303.00]
[223.00 225.00]
#2#
[[107.00 10.00]
 [10.00 111.00]]
[[107.00 10.00]
 [306.00 204.00]]
[[107.00 10.00]
 [92.00 98.00]]
[[10.00 111.00]
 [92.00 98.00]]
[[10.00 111.00]
 [211.00 303.00]]
[[306.00 204.00]
 [223.00 225.00]]
[[92.00 98.00]
 [223.00 225.00]]
[[211.00 303.00]
 [223.00 225.00]]
[[306.00 204.00]
 [211.00 303.00]]
#3#
[[0.00 1.00 1.00 1.00 0.00 0.00]
 [1.00 0.00 0.00 1.00 1.00 0.00]
 [1.00 0.00 0.00 0.00 1.00 1.00]
 [1.00 1.00 0.00 0.00 0.00 1.00]
 [0.00 1.00 1.00 0.00 0.00 1.00]
 [0.00 0.00 1.00 1.00 1.00 0.00]]