#1#
[56.00 12.00]
[104.00 10.00]
[113.00 122.00]
[65.00 126.00]
[19.00 129.00]
[10.00 16.00]
#2#
[[56.00 12.00]
 [104.00 10.00]]
[[104.00 10.00]
 [113.00 122.00]]
[[113.00 122.00]
 [65.00 126.00]]
[[65.00 126.00]
 [19.00 129.00]]
[[19.00 129.00]
 [10.00 16.00]]
[[56.00 12.00]
 [10.00 16.00]]
[[56.00 12.00]
 [65.00 126.00]]
#3#
[[0.00 1.00 0.00 1.00 0.00 1.00]
 [1.00 0.00 1.00 0.00 0.00 0.00]
 [0.00 1.00 0.00 1.00 0.00 0.00]
 [1.00 0.00 1.00 0.00 1.00 0.00]
 [0.00 0.00 0.00 1.00 0.00 1.00]
 [1.00 0.00 0.00 0.00 1.00 0.00]]