#1#
[68.00 10.00]
[174.00 77.00]
[89.00 93.00]
[102.00 101.00]
[117.00 175.00]
[10.00 107.00]
#2#
[[68.00 10.00]
 [174.00 77.00]]
[[68.00 10.00]
 [89.00 93.00]]
[[174.00 77.00]
 [102.00 101.00]]
[[89.00 93.00]
 [102.00 101.00]]
[[102.00 101.00]
 [117.00 175.00]]
[[68.00 10.00]
 [10.00 107.00]]
[[89.00 93.00]
 [10.00 107.00]]
[[117.00 175.00]
 [10.00 107.00]]
[[174.00 77.00]
 [117.00 175.00]]
#3#
[[0.00 1.00 1.00 0.00 0.00 1.00]
 [1.00 0.00 0.00 1.00 1.00 0.00]
 [1.00 0.00 0.00 1.00 0.00 1.00]
 [0.00 1.00 1.00 0.00 1.00 0.00]
 [0.00 1.00 0.00 1.00 0.00 1.00]
 [1.00 0.00 1.00 0.00 1.00 0.00]]