#1#
[157.00 111.00]
[35.00 63.00]
[10.00 132.00]
[131.00 180.00]
[179.00 60.00]
[58.00 10.00]
#2#
[[157.00 111.00]
 [35.00 63.00]]
[[35.00 63.00]
 [10.00 132.00]]
[[10.00 132.00]
 [131.00 180.00]]
[[157.00 111.00]
 [131.00 180.00]]
[[157.00 111.00]
 [179.00 60.00]]
[[179.00 60.00]
 [58.00 10.00]]
[[35.00 63.00]
 [58.00 10.00]]
#3#
[[0.00 1.00 0.00 1.00 1.00 0.00]
 [1.00 0.00 1.00 0.00 0.00 1.00]
 [0.00 1.00 0.00 1.00 0.00 0.00]
 [1.00 0.00 1.00 0.00 0.00 0.00]
 [1.00 0.00 0.00 0.00 0.00 1.00]
 [0.00 1.00 0.00 0.00 1.00 0.00]]