#1#
[163.00 125.00]
[175.00 29.00]
[27.00 10.00]
[16.00 107.00]
[10.00 149.00]
[61.00 155.00]
[58.00 181.00]
[154.00 193.00]
#2#
[[163.00 125.00]
 [175.00 29.00]]
[[175.00 29.00]
 [27.00 10.00]]
[[27.00 10.00]
 [16.00 107.00]]
[[16.00 107.00]
 [10.00 149.00]]
[[10.00 149.00]
 [61.00 155.00]]
[[61.00 155.00]
 [58.00 181.00]]
[[58.00 181.00]
 [154.00 193.00]]
[[163.00 125.00]
 [154.00 193.00]]
[[163.00 125.00]
 [16.00 107.00]]
#3#
[[0.00 1.00 0.00 1.00 0.00 0.00 0.00 1.00]
 [1.00 0.00 1.00 0.00 0.00 0.00 0.00 0.00]
 [0.00 1.00 0.00 1.00 0.00 0.00 0.00 0.00]
 [1.00 0.00 1.00 0.00 1.00 0.00 0.00 0.00]
 [0.00 0.00 0.00 1.00 0.00 1.00 0.00 0.00]
 [0.00 0.00 0.00 0.00 1.00 0.00 1.00 0.00]
 [0.00 0.00 0.00 0.00 0.00 1.00 0.00 1.00]
 [1.00 0.00 0.00 0.00 0.00 0.00 1.00 0.00]]