#1#
[17.00 104.00]
[206.00 78.00]
[213.00 133.00]
[25.00 159.00]
[10.00 38.00]
[198.00 10.00]
#2#
[[17.00 104.00]
 [206.00 78.00]]
[[206.00 78.00]
 [213.00 133.00]]
[[213.00 133.00]
 [25.00 159.00]]
[[17.00 104.00]
 [25.00 159.00]]
[[17.00 104.00]
 [10.00 38.00]]
[[10.00 38.00]
 [198.00 10.00]]
[[206.00 78.00]
 [198.00 10.00]]
#3#
[[0.00 1.00 0.00 1.00 1.00 0.00]
 [1.00 0.00 1.00 0.00 0.00 1.00]
 [0.00 1.00 0.00 1.00 0.00 0.00]
 [1.00 0.00 1.00 0.00 0.00 0.00]
 [1.00 0.00 0.00 0.00 0.00 1.00]
 [0.00 1.00 0.00 0.00 1.00 0.00]]