#1#
[152.00 60.00]
[133.00 10.00]
[10.00 57.00]
[29.00 108.00]
[49.00 161.00]
[173.00 113.00]
#2#
[[152.00 60.00]
 [133.00 10.00]]
[[133.00 10.00]
 [10.00 57.00]]
[[10.00 57.00]
 [29.00 108.00]]
[[152.00 60.00]
 [29.00 108.00]]
[[29.00 108.00]
 [49.00 161.00]]
[[49.00 161.00]
 [173.00 113.00]]
[[152.00 60.00]
 [173.00 113.00]]
#3#
[[0.00 1.00 0.00 1.00 0.00 1.00]
 [1.00 0.00 1.00 0.00 0.00 0.00]
 [0.00 1.00 0.00 1.00 0.00 0.00]
 [1.00 0.00 1.00 0.00 1.00 0.00]
 [0.00 0.00 0.00 1.00 0.00 1.00]
 [1.00 0.00 0.00 0.00 1.00 0.00]]