#1#
[59.00 51.00]
[111.00 10.00]
[177.00 108.00]
[123.00 148.00]
[99.00 58.00]
[118.00 84.00]
[94.00 100.00]
[76.00 74.00]
[75.00 176.00]
[10.00 77.00]
#2#
[[59.00 51.00]
 [111.00 10.00]]
[[111.00 10.00]
 [177.00 108.00]]
[[177.00 108.00]
 [123.00 148.00]]
[[59.00 51.00]
 [123.00 148.00]]
[[99.00 58.00]
 [118.00 84.00]]
[[118.00 84.00]
 [94.00 100.00]]
[[94.00 100.00]
 [76.00 74.00]]
[[99.00 58.00]
 [76.00 74.00]]
[[75.00 176.00]
 [123.00 148.00]]
[[75.00 176.00]
 [10.00 77.00]]
[[59.00 51.00]
 [10.00 77.00]]
#3#
[[0.00 1.00 0.00 1.00 0.00 0.00 0.00 0.00 0.00 1.00]
 [1.00 0.00 1.00 0.00 0.00 0.00 0.00 0.00 0.00 0.00]
 [0.00 1.00 0.00 1.00 0.00 0.00 0.00 0.00 0.00 0.00]
 [1.00 0.00 1.00 0.00 0.00 0.00 0.00 0.00 1.00 0.00]
 [0.00 0.00 0.00 0.00 0.00 1.00 0.00 1.00 0.00 0.00]
 [0.00 0.00 0.00 0.00 1.00 0.00 1.00 0.00 0.00 0.00]
 [0.00 0.00 0.00 0.00 0.00 1.00 0.00 1.00 0.00 0.00]
 [0.00 0.00 0.00 0.00 1.00 0.00 1.00 0.00 0.00 0.00]
 [0.00 0.00 0.00 1.00 0.00 0.00 0.00 0.00 0.00 1.00]
 [1.00 0.00 0.00 0.00 0.00 0.00 0.00 0.00 1.00 0.00]]