#1#
[28.00 57.00]
[10.00 106.00]
[134.00 149.00]
[151.00 103.00]
[168.00 55.00]
[45.00 10.00]
#2#
[[28.00 57.00]
 [10.00 106.00]]
[[10.00 106.00]
 [134.00 149.00]]
[[134.00 149.00]
 [151.00 103.00]]
[[151.00 103.00]
 [168.00 55.00]]
[[168.00 55.00]
 [45.00 10.00]]
[[28.00 57.00]
 [45.00 10.00]]
[[28.00 57.00]
 [151.00 103.00]]
#3#
[[0.00 1.00 0.00 1.00 0.00 1.00]
 [1.00 0.00 1.00 0.00 0.00 0.00]
 [0.00 1.00 0.00 1.00 0.00 0.00]
 [1.00 0.00 1.00 0.00 1.00 0.00]
 [0.00 0.00 0.00 1.00 0.00 1.00]
 [1.00 0.00 0.00 0.00 1.00 0.00]]