#1#
[356.00 103.00]
[351.00 152.00]
[10.00 110.00]
[15.00 61.00]
[23.00 10.00]
[362.00 52.00]
#2#
[[356.00 103.00]
 [351.00 152.00]]
[[351.00 152.00]
 [10.00 110.00]]
[[10.00 110.00]
 [15.00 61.00]]
[[356.00 103.00]
 [15.00 61.00]]
[[15.00 61.00]
 [23.00 10.00]]
[[23.00 10.00]
 [362.00 52.00]]
[[356.00 103.00]
 [362.00 52.00]]
#3#
[[0.00 1.00 0.00 1.00 0.00 1.00]
 [1.00 0.00 1.00 0.00 0.00 0.00]
 [0.00 1.00 0.00 1.00 0.00 0.00]
 [1.00 0.00 1.00 0.00 1.00 0.00]
 [0.00 0.00 0.00 1.00 0.00 1.00]
 [1.00 0.00 0.00 0.00 1.00 0.00]]