#1#
[76.00 237.00]
[73.00 20.00]
[19.00 14.00]
[18.00 39.00]
[10.00 39.00]
[11.00 124.00]
[13.00 214.00]
[16.00 230.00]
[129.00 10.00]
[131.00 225.00]
#2#
[[76.00 237.00]
 [73.00 20.00]]
[[73.00 20.00]
 [19.00 14.00]]
[[19.00 14.00]
 [18.00 39.00]]
[[18.00 39.00]
 [10.00 39.00]]
[[10.00 39.00]
 [11.00 124.00]]
[[11.00 124.00]
 [13.00 214.00]]
[[13.00 214.00]
 [16.00 230.00]]
[[76.00 237.00]
 [16.00 230.00]]
[[129.00 10.00]
 [73.00 20.00]]
[[129.00 10.00]
 [131.00 225.00]]
[[76.00 237.00]
 [131.00 225.00]]
#3#
[[0.00 1.00 0.00 0.00 0.00 0.00 0.00 1.00 0.00 1.00]
 [1.00 0.00 1.00 0.00 0.00 0.00 0.00 0.00 1.00 0.00]
 [0.00 1.00 0.00 1.00 0.00 0.00 0.00 0.00 0.00 0.00]
 [0.00 0.00 1.00 0.00 1.00 0.00 0.00 0.00 0.00 0.00]
 [0.00 0.00 0.00 1.00 0.00 1.00 0.00 0.00 0.00 0.00]
 [0.00 0.00 0.00 0.00 1.00 0.00 1.00 0.00 0.00 0.00]
 [0.00 0.00 0.00 0.00 0.00 1.00 0.00 1.00 0.00 0.00]
 [1.00 0.00 0.00 0.00 0.00 0.00 1.00 0.00 0.00 0.00]
 [0.00 1.00 0.00 0.00 0.00 0.00 0.00 0.00 0.00 1.00]
 [1.00 0.00 0.00 0.00 0.00 0.00 0.00 0.00 1.00 0.00]]