#1#
[32.00 103.00]
[10.00 47.00]
[116.00 10.00]
[137.00 63.00]
[52.00 158.00]
[162.00 119.00]
#2#
[[32.00 103.00]
 [10.00 47.00]]
[[10.00 47.00]
 [116.00 10.00]]
[[116.00 10.00]
 [137.00 63.00]]
[[32.00 103.00]
 [137.00 63.00]]
[[32.00 103.00]
 [52.00 158.00]]
[[52.00 158.00]
 [162.00 119.00]]
[[137.00 63.00]
 [162.00 119.00]]
#3#
[[0.00 1.00 0.00 1.00 1.00 0.00]
 [1.00 0.00 1.00 0.00 0.00 0.00]
 [0.00 1.00 0.00 1.00 0.00 0.00]
 [1.00 0.00 1.00 0.00 0.00 1.00]
 [1.00 0.00 0.00 0.00 0.00 1.00]
 [0.00 0.00 0.00 1.00 1.00 0.00]]