#1#
[19.00 127.00]
[269.00 100.00]
[10.00 40.00]
[261.00 10.00]
[280.00 187.00]
[31.00 217.00]
#2#
[[19.00 127.00]
 [269.00 100.00]]
[[19.00 127.00]
 [10.00 40.00]]
[[10.00 40.00]
 [261.00 10.00]]
[[269.00 100.00]
 [261.00 10.00]]
[[269.00 100.00]
 [280.00 187.00]]
[[280.00 187.00]
 [31.00 217.00]]
[[19.00 127.00]
 [31.00 217.00]]
#3#
[[0.00 1.00 1.00 0.00 0.00 1.00]
 [1.00 0.00 0.00 1.00 1.00 0.00]
 [1.00 0.00 0.00 1.00 0.00 0.00]
 [0.00 1.00 1.00 0.00 0.00 0.00]
 [0.00 1.00 0.00 0.00 0.00 1.00]
 [1.00 0.00 0.00 0.00 1.00 0.00]]