#1#
[19.00 55.00]
[25.00 10.00]
[161.00 35.00]
[154.00 83.00]
[144.00 129.00]
[10.00 106.00]
#2#
[[19.00 55.00]
 [25.00 10.00]]
[[25.00 10.00]
 [161.00 35.00]]
[[161.00 35.00]
 [154.00 83.00]]
[[19.00 55.00]
 [154.00 83.00]]
[[154.00 83.00]
 [144.00 129.00]]
[[144.00 129.00]
 [10.00 106.00]]
[[19.00 55.00]
 [10.00 106.00]]
#3#
[[0.00 1.00 0.00 1.00 0.00 1.00]
 [1.00 0.00 1.00 0.00 0.00 0.00]
 [0.00 1.00 0.00 1.00 0.00 0.00]
 [1.00 0.00 1.00 0.00 1.00 0.00]
 [0.00 0.00 0.00 1.00 0.00 1.00]
 [1.00 0.00 0.00 0.00 1.00 0.00]]