#1#
[191.00 42.00]
[159.00 193.00]
[100.00 106.00]
[44.00 10.00]
[10.00 157.00]
#2#
[[191.00 42.00]
 [159.00 193.00]]
[[159.00 193.00]
 [100.00 106.00]]
[[100.00 106.00]
 [44.00 10.00]]
[[191.00 42.00]
 [44.00 10.00]]
[[191.00 42.00]
 [100.00 106.00]]
[[159.00 193.00]
 [100.00 106.00]]
[[159.00 193.00]
 [10.00 157.00]]
[[100.00 106.00]
 [10.00 157.00]]
[[100.00 106.00]
 [10.00 157.00]]
[[44.00 10.00]
 [10.00 157.00]]
#3#
[[0.00 1.00 1.00 1.00 0.00]
 [1.00 0.00 1.00 0.00 1.00]
 [1.00 1.00 0.00 1.00 1.00]
 [1.00 0.00 1.00 0.00 1.00]
 [0.00 1.00 1.00 1.00 0.00]]