#1#
[61.00 25.00]
[68.00 137.00]
[122.00 125.00]
[116.00 10.00]
[10.00 19.00]
[16.00 134.00]
#2#
[[61.00 25.00]
 [68.00 137.00]]
[[68.00 137.00]
 [122.00 125.00]]
[[122.00 125.00]
 [116.00 10.00]]
[[61.00 25.00]
 [116.00 10.00]]
[[61.00 25.00]
 [10.00 19.00]]
[[10.00 19.00]
 [16.00 134.00]]
[[68.00 137.00]
 [16.00 134.00]]
#3#
[[0.00 1.00 0.00 1.00 1.00 0.00]
 [1.00 0.00 1.00 0.00 0.00 1.00]
 [0.00 1.00 0.00 1.00 0.00 0.00]
 [1.00 0.00 1.00 0.00 0.00 0.00]
 [1.00 0.00 0.00 0.00 0.00 1.00]
 [0.00 1.00 0.00 0.00 1.00 0.00]]