#1#
[54.00 30.00]
[106.00 136.00]
[153.00 114.00]
[136.00 82.00]
[142.00 78.00]
[123.00 40.00]
[118.00 43.00]
[100.00 10.00]
[10.00 54.00]
[59.00 159.00]
#2#
[[54.00 30.00]
 [106.00 136.00]]
[[106.00 136.00]
 [153.00 114.00]]
[[153.00 114.00]
 [136.00 82.00]]
[[136.00 82.00]
 [142.00 78.00]]
[[142.00 78.00]
 [123.00 40.00]]
[[123.00 40.00]
 [118.00 43.00]]
[[118.00 43.00]
 [100.00 10.00]]
[[54.00 30.00]
 [100.00 10.00]]
[[54.00 30.00]
 [10.00 54.00]]
[[10.00 54.00]
 [59.00 159.00]]
[[59.00 159.00]
 [106.00 136.00]]
#3#
[[0.00 1.00 0.00 0.00 0.00 0.00 0.00 1.00 1.00 0.00]
 [1.00 0.00 1.00 0.00 0.00 0.00 0.00 0.00 0.00 1.00]
 [0.00 1.00 0.00 1.00 0.00 0.00 0.00 0.00 0.00 0.00]
 [0.00 0.00 1.00 0.00 1.00 0.00 0.00 0.00 0.00 0.00]
 [0.00 0.00 0.00 1.00 0.00 1.00 0.00 0.00 0.00 0.00]
 [0.00 0.00 0.00 0.00 1.00 0.00 1.00 0.00 0.00 0.00]
 [0.00 0.00 0.00 0.00 0.00 1.00 0.00 1.00 0.00 0.00]
 [1.00 0.00 0.00 0.00 0.00 0.00 1.00 0.00 0.00 0.00]
 [1.00 0.00 0.00 0.00 0.00 0.00 0.00 0.00 0.00 1.00]
 [0.00 1.00 0.00 0.00 0.00 0.00 0.00 0.00 1.00 0.00]]