#1#
[128.00 84.00]
[118.00 129.00]
[10.00 104.00]
[22.00 61.00]
[33.00 10.00]
[138.00 36.00]
[94.00 56.00]
[65.00 48.00]
[70.00 24.00]
[99.00 31.00]
#2#
[[128.00 84.00]
 [118.00 129.00]]
[[118.00 129.00]
 [10.00 104.00]]
[[10.00 104.00]
 [22.00 61.00]]
[[128.00 84.00]
 [22.00 61.00]]
[[22.00 61.00]
 [33.00 10.00]]
[[33.00 10.00]
 [138.00 36.00]]
[[128.00 84.00]
 [138.00 36.00]]
[[94.00 56.00]
 [65.00 48.00]]
[[70.00 24.00]
 [65.00 48.00]]
[[70.00 24.00]
 [99.00 31.00]]
[[99.00 31.00]
 [94.00 56.00]]
#3#
[[0.00 1.00 0.00 1.00 0.00 1.00 0.00 0.00 0.00 0.00]
 [1.00 0.00 1.00 0.00 0.00 0.00 0.00 0.00 0.00 0.00]
 [0.00 1.00 0.00 1.00 0.00 0.00 0.00 0.00 0.00 0.00]
 [1.00 0.00 1.00 0.00 1.00 0.00 0.00 0.00 0.00 0.00]
 [0.00 0.00 0.00 1.00 0.00 1.00 0.00 0.00 0.00 0.00]
 [1.00 0.00 0.00 0.00 1.00 0.00 0.00 0.00 0.00 0.00]
 [0.00 0.00 0.00 0.00 0.00 0.00 0.00 1.00 0.00 1.00]
 [0.00 0.00 0.00 0.00 0.00 0.00 1.00 0.00 1.00 0.00]
 [0.00 0.00 0.00 0.00 0.00 0.00 0.00 1.00 0.00 1.00]
 [0.00 0.00 0.00 0.00 0.00 0.00 1.00 0.00 1.00 0.00]]