#1#
[115.00 123.00]
[109.00 89.00]
[136.00 72.00]
[19.00 80.00]
[10.00 104.00]
[105.00 146.00]
[145.00 49.00]
[49.00 10.00]
[38.00 31.00]
[47.00 63.00]
#2#
[[115.00 123.00]
 [109.00 89.00]]
[[109.00 89.00]
 [136.00 72.00]]
[[19.00 80.00]
 [10.00 104.00]]
[[10.00 104.00]
 [105.00 146.00]]
[[115.00 123.00]
 [105.00 146.00]]
[[115.00 123.00]
 [136.00 72.00]]
[[136.00 72.00]
 [145.00 49.00]]
[[145.00 49.00]
 [49.00 10.00]]
[[38.00 31.00]
 [49.00 10.00]]
[[47.00 63.00]
 [19.00 80.00]]
[[47.00 63.00]
 [109.00 89.00]]
[[38.00 31.00]
 [19.00 80.00]]
[[38.00 31.00]
 [47.00 63.00]]
#3#
[[0.00 1.00 1.00 0.00 0.00 1.00 0.00 0.00 0.00 0.00]
 [1.00 0.00 1.00 0.00 0.00 0.00 0.00 0.00 0.00 1.00]
 [1.00 1.00 0.00 0.00 0.00 0.00 1.00 0.00 0.00 0.00]
 [0.00 0.00 0.00 0.00 1.00 0.00 0.00 0.00 1.00 1.00]
 [0.00 0.00 0.00 1.00 0.00 1.00 0.00 0.00 0.00 0.00]
 [1.00 0.00 0.00 0.00 1.00 0.00 0.00 0.00 0.00 0.00]
 [0.00 0.00 1.00 0.00 0.00 0.00 0.00 1.00 0.00 0.00]
 [0.00 0.00 0.00 0.00 0.00 0.00 1.00 0.00 1.00 0.00]
 [0.00 0.00 0.00 1.00 0.00 0.00 0.00 1.00 0.00 1.00]
 [0.00 1.00 0.00 1.00 0.00 0.00 0.00 0.00 1.00 0.00]]