#1#
[83.00 200.00]
[159.00 10.00]
[273.00 56.00]
[196.00 246.00]
[154.00 229.00]
[55.00 188.00]
[10.00 298.00]
[109.00 339.00]
#2#
[[83.00 200.00]
 [159.00 10.00]]
[[159.00 10.00]
 [273.00 56.00]]
[[273.00 56.00]
 [196.00 246.00]]
[[196.00 246.00]
 [154.00 229.00]]
[[83.00 200.00]
 [55.00 188.00]]
[[55.00 188.00]
 [10.00 298.00]]
[[10.00 298.00]
 [109.00 339.00]]
[[154.00 229.00]
 [109.00 339.00]]
[[83.00 200.00]
 [154.00 229.00]]
#3#
[[0.00 1.00 0.00 0.00 1.00 1.00 0.00 0.00]
 [1.00 0.00 1.00 0.00 0.00 0.00 0.00 0.00]
 [0.00 1.00 0.00 1.00 0.00 0.00 0.00 0.00]
 [0.00 0.00 1.00 0.00 1.00 0.00 0.00 0.00]
 [1.00 0.00 0.00 1.00 0.00 0.00 0.00 1.00]
 [1.00 0.00 0.00 0.00 0.00 0.00 1.00 0.00]
 [0.00 0.00 0.00 0.00 0.00 1.00 0.00 1.00]
 [0.00 0.00 0.00 0.00 1.00 0.00 1.00 0.00]]