#1#
[22.00 71.00]
[147.00 88.00]
[10.00 144.00]
[134.00 163.00]
[154.00 29.00]
[29.00 10.00]
#2#
[[22.00 71.00]
 [147.00 88.00]]
[[22.00 71.00]
 [10.00 144.00]]
[[10.00 144.00]
 [134.00 163.00]]
[[147.00 88.00]
 [134.00 163.00]]
[[147.00 88.00]
 [154.00 29.00]]
[[154.00 29.00]
 [29.00 10.00]]
[[22.00 71.00]
 [29.00 10.00]]
#3#
[[0.00 1.00 1.00 0.00 0.00 1.00]
 [1.00 0.00 0.00 1.00 1.00 0.00]
 [1.00 0.00 0.00 1.00 0.00 0.00]
 [0.00 1.00 1.00 0.00 0.00 0.00]
 [0.00 1.00 0.00 0.00 0.00 1.00]
 [1.00 0.00 0.00 0.00 1.00 0.00]]