#1#
[59.00 10.00]
[106.00 11.00]
[136.00 130.00]
[89.00 131.00]
[42.00 154.00]
[10.00 34.00]
#2#
[[59.00 10.00]
 [106.00 11.00]]
[[106.00 11.00]
 [136.00 130.00]]
[[136.00 130.00]
 [89.00 131.00]]
[[59.00 10.00]
 [89.00 131.00]]
[[89.00 131.00]
 [42.00 154.00]]
[[42.00 154.00]
 [10.00 34.00]]
[[59.00 10.00]
 [10.00 34.00]]
#3#
[[0.00 1.00 0.00 1.00 0.00 1.00]
 [1.00 0.00 1.00 0.00 0.00 0.00]
 [0.00 1.00 0.00 1.00 0.00 0.00]
 [1.00 0.00 1.00 0.00 1.00 0.00]
 [0.00 0.00 0.00 1.00 0.00 1.00]
 [1.00 0.00 0.00 0.00 1.00 0.00]]