#1#
[60.00 133.00]
[114.00 167.00]
[172.00 70.00]
[119.00 40.00]
[68.00 10.00]
[10.00 102.00]
#2#
[[60.00 133.00]
 [114.00 167.00]]
[[114.00 167.00]
 [172.00 70.00]]
[[172.00 70.00]
 [119.00 40.00]]
[[119.00 40.00]
 [68.00 10.00]]
[[68.00 10.00]
 [10.00 102.00]]
[[60.00 133.00]
 [10.00 102.00]]
[[60.00 133.00]
 [119.00 40.00]]
#3#
[[0.00 1.00 0.00 1.00 0.00 1.00]
 [1.00 0.00 1.00 0.00 0.00 0.00]
 [0.00 1.00 0.00 1.00 0.00 0.00]
 [1.00 0.00 1.00 0.00 1.00 0.00]
 [0.00 0.00 0.00 1.00 0.00 1.00]
 [1.00 0.00 0.00 0.00 1.00 0.00]]