#1#
[76.00 10.00]
[81.00 137.00]
[14.00 148.00]
[10.00 22.00]
[132.00 16.00]
[139.00 143.00]
#2#
[[76.00 10.00]
 [81.00 137.00]]
[[81.00 137.00]
 [14.00 148.00]]
[[14.00 148.00]
 [10.00 22.00]]
[[76.00 10.00]
 [10.00 22.00]]
[[76.00 10.00]
 [132.00 16.00]]
[[132.00 16.00]
 [139.00 143.00]]
[[81.00 137.00]
 [139.00 143.00]]
#3#
[[0.00 1.00 0.00 1.00 1.00 0.00]
 [1.00 0.00 1.00 0.00 0.00 1.00]
 [0.00 1.00 0.00 1.00 0.00 0.00]
 [1.00 0.00 1.00 0.00 0.00 0.00]
 [1.00 0.00 0.00 0.00 0.00 1.00]
 [0.00 1.00 0.00 0.00 1.00 0.00]]