#1#
[62.00 23.00]
[111.00 14.00]
[15.00 10.00]
[10.00 128.00]
[109.00 134.00]
[59.00 141.00]
#2#
[[62.00 23.00]
 [111.00 14.00]]
[[62.00 23.00]
 [15.00 10.00]]
[[15.00 10.00]
 [10.00 128.00]]
[[111.00 14.00]
 [109.00 134.00]]
[[62.00 23.00]
 [59.00 141.00]]
[[109.00 134.00]
 [59.00 141.00]]
[[10.00 128.00]
 [59.00 141.00]]
#3#
[[0.00 1.00 1.00 0.00 0.00 1.00]
 [1.00 0.00 0.00 0.00 1.00 0.00]
 [1.00 0.00 0.00 1.00 0.00 0.00]
 [0.00 0.00 1.00 0.00 0.00 1.00]
 [0.00 1.00 0.00 0.00 0.00 1.00]
 [1.00 0.00 0.00 1.00 1.00 0.00]]