#1#
[74.00 327.00]
[103.00 17.00]
[188.00 26.00]
[156.00 338.00]
[10.00 322.00]
[41.00 10.00]
#2#
[[74.00 327.00]
 [103.00 17.00]]
[[103.00 17.00]
 [188.00 26.00]]
[[188.00 26.00]
 [156.00 338.00]]
[[74.00 327.00]
 [156.00 338.00]]
[[74.00 327.00]
 [10.00 322.00]]
[[10.00 322.00]
 [41.00 10.00]]
[[103.00 17.00]
 [41.00 10.00]]
#3#
[[0.00 1.00 0.00 1.00 1.00 0.00]
 [1.00 0.00 1.00 0.00 0.00 1.00]
 [0.00 1.00 0.00 1.00 0.00 0.00]
 [1.00 0.00 1.00 0.00 0.00 0.00]
 [1.00 0.00 0.00 0.00 0.00 1.00]
 [0.00 1.00 0.00 0.00 1.00 0.00]]