#1#
[123.00 43.00]
[80.00 10.00]
[10.00 114.00]
[54.00 143.00]
[98.00 173.00]
[166.00 75.00]
#2#
[[123.00 43.00]
 [80.00 10.00]]
[[80.00 10.00]
 [10.00 114.00]]
[[10.00 114.00]
 [54.00 143.00]]
[[123.00 43.00]
 [54.00 143.00]]
[[54.00 143.00]
 [98.00 173.00]]
[[98.00 173.00]
 [166.00 75.00]]
[[123.00 43.00]
 [166.00 75.00]]
#3#
[[0.00 1.00 0.00 1.00 0.00 1.00]
 [1.00 0.00 1.00 0.00 0.00 0.00]
 [0.00 1.00 0.00 1.00 0.00 0.00]
 [1.00 0.00 1.00 0.00 1.00 0.00]
 [0.00 0.00 0.00 1.00 0.00 1.00]
 [1.00 0.00 0.00 0.00 1.00 0.00]]