#1#
[118.00 41.00]
[74.00 10.00]
[10.00 138.00]
[54.00 169.00]
[73.00 174.00]
[79.00 160.00]
[103.00 166.00]
[159.00 50.00]
#2#
[[118.00 41.00]
 [74.00 10.00]]
[[74.00 10.00]
 [10.00 138.00]]
[[10.00 138.00]
 [54.00 169.00]]
[[118.00 41.00]
 [54.00 169.00]]
[[54.00 169.00]
 [73.00 174.00]]
[[73.00 174.00]
 [79.00 160.00]]
[[79.00 160.00]
 [103.00 166.00]]
[[103.00 166.00]
 [159.00 50.00]]
[[118.00 41.00]
 [159.00 50.00]]
#3#
[[0.00 1.00 0.00 1.00 0.00 0.00 0.00 1.00]
 [1.00 0.00 1.00 0.00 0.00 0.00 0.00 0.00]
 [0.00 1.00 0.00 1.00 0.00 0.00 0.00 0.00]
 [1.00 0.00 1.00 0.00 1.00 0.00 0.00 0.00]
 [0.00 0.00 0.00 1.00 0.00 1.00 0.00 0.00]
 [0.00 0.00 0.00 0.00 1.00 0.00 1.00 0.00]
 [0.00 0.00 0.00 0.00 0.00 1.00 0.00 1.00]
 [1.00 0.00 0.00 0.00 0.00 0.00 1.00 0.00]]