#1#
[126.00 75.00]
[113.00 125.00]
[10.00 105.00]
[22.00 54.00]
[28.00 10.00]
[131.00 30.00]
#2#
[[126.00 75.00]
 [113.00 125.00]]
[[113.00 125.00]
 [10.00 105.00]]
[[10.00 105.00]
 [22.00 54.00]]
[[126.00 75.00]
 [22.00 54.00]]
[[22.00 54.00]
 [28.00 10.00]]
[[28.00 10.00]
 [131.00 30.00]]
[[126.00 75.00]
 [131.00 30.00]]
#3#
[[0.00 1.00 0.00 1.00 0.00 1.00]
 [1.00 0.00 1.00 0.00 0.00 0.00]
 [0.00 1.00 0.00 1.00 0.00 0.00]
 [1.00 0.00 1.00 0.00 1.00 0.00]
 [0.00 0.00 0.00 1.00 0.00 1.00]
 [1.00 0.00 0.00 0.00 1.00 0.00]]