#1#
[50.00 19.00]
[85.00 10.00]
[102.00 101.00]
[66.00 110.00]
[28.00 114.00]
[10.00 24.00]
#2#
[[50.00 19.00]
 [85.00 10.00]]
[[85.00 10.00]
 [102.00 101.00]]
[[102.00 101.00]
 [66.00 110.00]]
[[66.00 110.00]
 [28.00 114.00]]
[[28.00 114.00]
 [10.00 24.00]]
[[50.00 19.00]
 [10.00 24.00]]
[[50.00 19.00]
 [66.00 110.00]]
#3#
[[0.00 1.00 0.00 1.00 0.00 1.00]
 [1.00 0.00 1.00 0.00 0.00 0.00]
 [0.00 1.00 0.00 1.00 0.00 0.00]
 [1.00 0.00 1.00 0.00 1.00 0.00]
 [0.00 0.00 0.00 1.00 0.00 1.00]
 [1.00 0.00 0.00 0.00 1.00 0.00]]