#1#
[143.00 22.00]
[147.00 23.00]
[207.00 45.00]
[138.00 290.00]
[78.00 268.00]
[10.00 256.00]
[78.00 10.00]
#2#
[[143.00 22.00]
 [147.00 23.00]]
[[147.00 23.00]
 [207.00 45.00]]
[[207.00 45.00]
 [138.00 290.00]]
[[138.00 290.00]
 [78.00 268.00]]
[[143.00 22.00]
 [78.00 268.00]]
[[78.00 268.00]
 [10.00 256.00]]
[[10.00 256.00]
 [78.00 10.00]]
[[143.00 22.00]
 [78.00 10.00]]
#3#
[[0.00 1.00 0.00 0.00 1.00 0.00 1.00]
 [1.00 0.00 1.00 0.00 0.00 0.00 0.00]
 [0.00 1.00 0.00 1.00 0.00 0.00 0.00]
 [0.00 0.00 1.00 0.00 1.00 0.00 0.00]
 [1.00 0.00 0.00 1.00 0.00 1.00 0.00]
 [0.00 0.00 0.00 0.00 1.00 0.00 1.00]
 [1.00 0.00 0.00 0.00 0.00 1.00 0.00]]