#1#
[143.00 108.00]
[124.00 149.00]
[10.00 100.00]
[30.00 55.00]
[51.00 10.00]
[165.00 62.00]
#2#
[[143.00 108.00]
 [124.00 149.00]]
[[124.00 149.00]
 [10.00 100.00]]
[[10.00 100.00]
 [30.00 55.00]]
[[143.00 108.00]
 [30.00 55.00]]
[[30.00 55.00]
 [51.00 10.00]]
[[51.00 10.00]
 [165.00 62.00]]
[[143.00 108.00]
 [165.00 62.00]]
#3#
[[0.00 1.00 0.00 1.00 0.00 1.00]
 [1.00 0.00 1.00 0.00 0.00 0.00]
 [0.00 1.00 0.00 1.00 0.00 0.00]
 [1.00 0.00 1.00 0.00 1.00 0.00]
 [0.00 0.00 0.00 1.00 0.00 1.00]
 [1.00 0.00 0.00 0.00 1.00 0.00]]