#1#
[134.00 76.00]
[117.00 10.00]
[10.00 52.00]
[29.00 120.00]
[99.00 77.00]
[89.00 37.00]
[44.00 53.00]
[50.00 155.00]
[124.00 126.00]
[122.00 121.00]
[155.00 109.00]
#2#
[[134.00 76.00]
 [117.00 10.00]]
[[117.00 10.00]
 [10.00 52.00]]
[[10.00 52.00]
 [29.00 120.00]]
[[99.00 77.00]
 [89.00 37.00]]
[[89.00 37.00]
 [44.00 53.00]]
[[134.00 76.00]
 [29.00 120.00]]
[[29.00 120.00]
 [50.00 155.00]]
[[124.00 126.00]
 [50.00 155.00]]
[[124.00 126.00]
 [122.00 121.00]]
[[122.00 121.00]
 [155.00 109.00]]
[[134.00 76.00]
 [155.00 109.00]]
#3#
[[0.00 1.00 0.00 1.00 0.00 0.00 0.00 0.00 0.00 0.00 1.00]
 [1.00 0.00 1.00 0.00 0.00 0.00 0.00 0.00 0.00 0.00 0.00]
 [0.00 1.00 0.00 1.00 0.00 0.00 0.00 0.00 0.00 0.00 0.00]
 [1.00 0.00 1.00 0.00 0.00 0.00 0.00 1.00 0.00 0.00 0.00]
 [0.00 0.00 0.00 0.00 0.00 1.00 0.00 0.00 0.00 0.00 0.00]
 [0.00 0.00 0.00 0.00 1.00 0.00 1.00 0.00 0.00 0.00 0.00]
 [0.00 0.00 0.00 0.00 0.00 1.00 0.00 0.00 0.00 0.00 0.00]
 [0.00 0.00 0.00 1.00 0.00 0.00 0.00 0.00 1.00 0.00 0.00]
 [0.00 0.00 0.00 0.00 0.00 0.00 0.00 1.00 0.00 1.00 0.00]
 [0.00 0.00 0.00 0.00 0.00 0.00 0.00 0.00 1.00 0.00 1.00]
 [1.00 0.00 0.00 0.00 0.00 0.00 0.00 0.00 0.00 1.00 0.00]]