#1#
[138.00 95.00]
[153.00 53.00]
[39.00 10.00]
[23.00 52.00]
[10.00 86.00]
[123.00 128.00]
#2#
[[138.00 95.00]
 [153.00 53.00]]
[[153.00 53.00]
 [39.00 10.00]]
[[39.00 10.00]
 [23.00 52.00]]
[[23.00 52.00]
 [10.00 86.00]]
[[10.00 86.00]
 [123.00 128.00]]
[[138.00 95.00]
 [123.00 128.00]]
[[138.00 95.00]
 [23.00 52.00]]
#3#
[[0.00 1.00 0.00 1.00 0.00 1.00]
 [1.00 0.00 1.00 0.00 0.00 0.00]
 [0.00 1.00 0.00 1.00 0.00 0.00]
 [1.00 0.00 1.00 0.00 1.00 0.00]
 [0.00 0.00 0.00 1.00 0.00 1.00]
 [1.00 0.00 0.00 0.00 1.00 0.00]]