#1#
[74.00 144.00]
[10.00 128.00]
[39.00 10.00]
[102.00 25.00]
[163.00 42.00]
[136.00 156.00]
#2#
[[74.00 144.00]
 [10.00 128.00]]
[[10.00 128.00]
 [39.00 10.00]]
[[39.00 10.00]
 [102.00 25.00]]
[[102.00 25.00]
 [163.00 42.00]]
[[163.00 42.00]
 [136.00 156.00]]
[[74.00 144.00]
 [136.00 156.00]]
[[74.00 144.00]
 [102.00 25.00]]
#3#
[[0.00 1.00 0.00 1.00 0.00 1.00]
 [1.00 0.00 1.00 0.00 0.00 0.00]
 [0.00 1.00 0.00 1.00 0.00 0.00]
 [1.00 0.00 1.00 0.00 1.00 0.00]
 [0.00 0.00 0.00 1.00 0.00 1.00]
 [1.00 0.00 0.00 0.00 1.00 0.00]]