#1#
[51.00 22.00]
[10.00 36.00]
[30.00 101.00]
[69.00 90.00]
[116.00 76.00]
[98.00 10.00]
#2#
[[51.00 22.00]
 [10.00 36.00]]
[[10.00 36.00]
 [30.00 101.00]]
[[30.00 101.00]
 [69.00 90.00]]
[[51.00 22.00]
 [69.00 90.00]]
[[69.00 90.00]
 [116.00 76.00]]
[[116.00 76.00]
 [98.00 10.00]]
[[51.00 22.00]
 [98.00 10.00]]
#3#
[[0.00 1.00 0.00 1.00 0.00 1.00]
 [1.00 0.00 1.00 0.00 0.00 0.00]
 [0.00 1.00 0.00 1.00 0.00 0.00]
 [1.00 0.00 1.00 0.00 1.00 0.00]
 [0.00 0.00 0.00 1.00 0.00 1.00]
 [1.00 0.00 0.00 0.00 1.00 0.00]]