#1#
[142.00 50.00]
[99.00 10.00]
[10.00 103.00]
[52.00 143.00]
[89.00 177.00]
[121.00 144.00]
[125.00 148.00]
[154.00 118.00]
[150.00 113.00]
[177.00 85.00]
#2#
[[142.00 50.00]
 [99.00 10.00]]
[[99.00 10.00]
 [10.00 103.00]]
[[10.00 103.00]
 [52.00 143.00]]
[[142.00 50.00]
 [52.00 143.00]]
[[52.00 143.00]
 [89.00 177.00]]
[[89.00 177.00]
 [121.00 144.00]]
[[121.00 144.00]
 [125.00 148.00]]
[[125.00 148.00]
 [154.00 118.00]]
[[150.00 113.00]
 [154.00 118.00]]
[[150.00 113.00]
 [177.00 85.00]]
[[142.00 50.00]
 [177.00 85.00]]
#3#
[[0.00 1.00 0.00 1.00 0.00 0.00 0.00 0.00 0.00 1.00]
 [1.00 0.00 1.00 0.00 0.00 0.00 0.00 0.00 0.00 0.00]
 [0.00 1.00 0.00 1.00 0.00 0.00 0.00 0.00 0.00 0.00]
 [1.00 0.00 1.00 0.00 1.00 0.00 0.00 0.00 0.00 0.00]
 [0.00 0.00 0.00 1.00 0.00 1.00 0.00 0.00 0.00 0.00]
 [0.00 0.00 0.00 0.00 1.00 0.00 1.00 0.00 0.00 0.00]
 [0.00 0.00 0.00 0.00 0.00 1.00 0.00 1.00 0.00 0.00]
 [0.00 0.00 0.00 0.00 0.00 0.00 1.00 0.00 1.00 0.00]
 [0.00 0.00 0.00 0.00 0.00 0.00 0.00 1.00 0.00 1.00]
 [1.00 0.00 0.00 0.00 0.00 0.00 0.00 0.00 1.00 0.00]]