#1#
[49.00 10.00]
[130.00 45.00]
[162.00 137.00]
[127.00 216.00]
[43.00 178.00]
[10.00 86.00]
#2#
[[49.00 10.00]
 [130.00 45.00]]
[[130.00 45.00]
 [162.00 137.00]]
[[162.00 137.00]
 [127.00 216.00]]
[[49.00 10.00]
 [127.00 216.00]]
[[127.00 216.00]
 [43.00 178.00]]
[[43.00 178.00]
 [10.00 86.00]]
[[49.00 10.00]
 [10.00 86.00]]
#3#
[[0.00 1.00 0.00 1.00 0.00 1.00]
 [1.00 0.00 1.00 0.00 0.00 0.00]
 [0.00 1.00 0.00 1.00 0.00 0.00]
 [1.00 0.00 1.00 0.00 1.00 0.00]
 [0.00 0.00 0.00 1.00 0.00 1.00]
 [1.00 0.00 0.00 0.00 1.00 0.00]]