#1#
[89.00 35.00]
[130.00 41.00]
[97.00 137.00]
[55.00 132.00]
[90.00 66.00]
[76.00 107.00]
[101.00 115.00]
[116.00 74.00]
[10.00 108.00]
[42.00 10.00]
#2#
[[89.00 35.00]
 [130.00 41.00]]
[[130.00 41.00]
 [97.00 137.00]]
[[97.00 137.00]
 [55.00 132.00]]
[[89.00 35.00]
 [55.00 132.00]]
[[90.00 66.00]
 [76.00 107.00]]
[[76.00 107.00]
 [101.00 115.00]]
[[101.00 115.00]
 [116.00 74.00]]
[[90.00 66.00]
 [116.00 74.00]]
[[10.00 108.00]
 [55.00 132.00]]
[[10.00 108.00]
 [42.00 10.00]]
[[89.00 35.00]
 [42.00 10.00]]
#3#
[[0.00 1.00 0.00 1.00 0.00 0.00 0.00 0.00 0.00 1.00]
 [1.00 0.00 1.00 0.00 0.00 0.00 0.00 0.00 0.00 0.00]
 [0.00 1.00 0.00 1.00 0.00 0.00 0.00 0.00 0.00 0.00]
 [1.00 0.00 1.00 0.00 0.00 0.00 0.00 0.00 1.00 0.00]
 [0.00 0.00 0.00 0.00 0.00 1.00 0.00 1.00 0.00 0.00]
 [0.00 0.00 0.00 0.00 1.00 0.00 1.00 0.00 0.00 0.00]
 [0.00 0.00 0.00 0.00 0.00 1.00 0.00 1.00 0.00 0.00]
 [0.00 0.00 0.00 0.00 1.00 0.00 1.00 0.00 0.00 0.00]
 [0.00 0.00 0.00 1.00 0.00 0.00 0.00 0.00 0.00 1.00]
 [1.00 0.00 0.00 0.00 0.00 0.00 0.00 0.00 1.00 0.00]]