#1#
[47.00 124.00]
[106.00 42.00]
[10.00 92.00]
[69.00 10.00]
[148.00 65.00]
[88.00 148.00]
#2#
[[47.00 124.00]
 [106.00 42.00]]
[[47.00 124.00]
 [10.00 92.00]]
[[10.00 92.00]
 [69.00 10.00]]
[[106.00 42.00]
 [69.00 10.00]]
[[106.00 42.00]
 [148.00 65.00]]
[[148.00 65.00]
 [88.00 148.00]]
[[47.00 124.00]
 [88.00 148.00]]
#3#
[[0.00 1.00 1.00 0.00 0.00 1.00]
 [1.00 0.00 0.00 1.00 1.00 0.00]
 [1.00 0.00 0.00 1.00 0.00 0.00]
 [0.00 1.00 1.00 0.00 0.00 0.00]
 [0.00 1.00 0.00 0.00 0.00 1.00]
 [1.00 0.00 0.00 0.00 1.00 0.00]]