#1#
[38.00 10.00]
[64.00 63.00]
[10.00 102.00]
[166.00 93.00]
[218.00 66.00]
[191.00 158.00]
#2#
[[38.00 10.00]
 [64.00 63.00]]
[[38.00 10.00]
 [10.00 102.00]]
[[64.00 63.00]
 [166.00 93.00]]
[[38.00 10.00]
 [218.00 66.00]]
[[166.00 93.00]
 [218.00 66.00]]
[[166.00 93.00]
 [191.00 158.00]]
[[64.00 63.00]
 [10.00 102.00]]
[[10.00 102.00]
 [191.00 158.00]]
[[218.00 66.00]
 [191.00 158.00]]
#3#
[[0.00 1.00 1.00 0.00 1.00 0.00]
 [1.00 0.00 1.00 1.00 0.00 0.00]
 [1.00 1.00 0.00 0.00 0.00 1.00]
 [0.00 1.00 0.00 0.00 1.00 1.00]
 [1.00 0.00 0.00 1.00 0.00 1.00]
 [0.00 0.00 1.00 1.00 1.00 0.00]]