#1#
[150.00 119.00]
[29.00 76.00]
[172.00 57.00]
[52.00 10.00]
[10.00 125.00]
[131.00 169.00]
#2#
[[150.00 119.00]
 [29.00 76.00]]
[[150.00 119.00]
 [172.00 57.00]]
[[172.00 57.00]
 [52.00 10.00]]
[[29.00 76.00]
 [52.00 10.00]]
[[29.00 76.00]
 [10.00 125.00]]
[[10.00 125.00]
 [131.00 169.00]]
[[150.00 119.00]
 [131.00 169.00]]
#3#
[[0.00 1.00 1.00 0.00 0.00 1.00]
 [1.00 0.00 0.00 1.00 1.00 0.00]
 [1.00 0.00 0.00 1.00 0.00 0.00]
 [0.00 1.00 1.00 0.00 0.00 0.00]
 [0.00 1.00 0.00 0.00 0.00 1.00]
 [1.00 0.00 0.00 0.00 1.00 0.00]]