#1#
[28.00 93.00]
[46.00 136.00]
[138.00 99.00]
[121.00 54.00]
[103.00 10.00]
[10.00 46.00]
#2#
[[28.00 93.00]
 [46.00 136.00]]
[[46.00 136.00]
 [138.00 99.00]]
[[138.00 99.00]
 [121.00 54.00]]
[[121.00 54.00]
 [103.00 10.00]]
[[103.00 10.00]
 [10.00 46.00]]
[[28.00 93.00]
 [10.00 46.00]]
[[28.00 93.00]
 [121.00 54.00]]
#3#
[[0.00 1.00 0.00 1.00 0.00 1.00]
 [1.00 0.00 1.00 0.00 0.00 0.00]
 [0.00 1.00 0.00 1.00 0.00 0.00]
 [1.00 0.00 1.00 0.00 1.00 0.00]
 [0.00 0.00 0.00 1.00 0.00 1.00]
 [1.00 0.00 0.00 0.00 1.00 0.00]]