#1#
[31.00 73.00]
[47.00 10.00]
[102.00 23.00]
[99.00 38.00]
[168.00 58.00]
[156.00 108.00]
[137.00 166.00]
[45.00 141.00]
[42.00 150.00]
[10.00 140.00]
#2#
[[31.00 73.00]
 [47.00 10.00]]
[[47.00 10.00]
 [102.00 23.00]]
[[102.00 23.00]
 [99.00 38.00]]
[[99.00 38.00]
 [168.00 58.00]]
[[168.00 58.00]
 [156.00 108.00]]
[[31.00 73.00]
 [156.00 108.00]]
[[156.00 108.00]
 [137.00 166.00]]
[[137.00 166.00]
 [45.00 141.00]]
[[42.00 150.00]
 [45.00 141.00]]
[[42.00 150.00]
 [10.00 140.00]]
[[31.00 73.00]
 [10.00 140.00]]
#3#
[[0.00 1.00 0.00 0.00 0.00 1.00 0.00 0.00 0.00 1.00]
 [1.00 0.00 1.00 0.00 0.00 0.00 0.00 0.00 0.00 0.00]
 [0.00 1.00 0.00 1.00 0.00 0.00 0.00 0.00 0.00 0.00]
 [0.00 0.00 1.00 0.00 1.00 0.00 0.00 0.00 0.00 0.00]
 [0.00 0.00 0.00 1.00 0.00 1.00 0.00 0.00 0.00 0.00]
 [1.00 0.00 0.00 0.00 1.00 0.00 1.00 0.00 0.00 0.00]
 [0.00 0.00 0.00 0.00 0.00 1.00 0.00 1.00 0.00 0.00]
 [0.00 0.00 0.00 0.00 0.00 0.00 1.00 0.00 1.00 0.00]
 [0.00 0.00 0.00 0.00 0.00 0.00 0.00 1.00 0.00 1.00]
 [1.00 0.00 0.00 0.00 0.00 0.00 0.00 0.00 1.00 0.00]]