#1#
[151.00 55.00]
[113.00 10.00]
[10.00 95.00]
[49.00 141.00]
[88.00 187.00]
[191.00 103.00]
#2#
[[151.00 55.00]
 [113.00 10.00]]
[[113.00 10.00]
 [10.00 95.00]]
[[10.00 95.00]
 [49.00 141.00]]
[[151.00 55.00]
 [49.00 141.00]]
[[49.00 141.00]
 [88.00 187.00]]
[[88.00 187.00]
 [191.00 103.00]]
[[151.00 55.00]
 [191.00 103.00]]
#3#
[[0.00 1.00 0.00 1.00 0.00 1.00]
 [1.00 0.00 1.00 0.00 0.00 0.00]
 [0.00 1.00 0.00 1.00 0.00 0.00]
 [1.00 0.00 1.00 0.00 1.00 0.00]
 [0.00 0.00 0.00 1.00 0.00 1.00]
 [1.00 0.00 0.00 0.00 1.00 0.00]]