#1#
[19.00 67.00]
[10.00 121.00]
[76.00 134.00]
[77.00 126.00]
[134.00 137.00]
[143.00 92.00]
[154.00 35.00]
[30.00 10.00]
[20.00 66.00]
#2#
[[19.00 67.00]
 [10.00 121.00]]
[[10.00 121.00]
 [76.00 134.00]]
[[76.00 134.00]
 [77.00 126.00]]
[[77.00 126.00]
 [134.00 137.00]]
[[134.00 137.00]
 [143.00 92.00]]
[[143.00 92.00]
 [154.00 35.00]]
[[154.00 35.00]
 [30.00 10.00]]
[[20.00 66.00]
 [30.00 10.00]]
[[20.00 66.00]
 [19.00 67.00]]
[[19.00 67.00]
 [143.00 92.00]]
#3#
[[0.00 1.00 0.00 0.00 0.00 1.00 0.00 0.00 1.00]
 [1.00 0.00 1.00 0.00 0.00 0.00 0.00 0.00 0.00]
 [0.00 1.00 0.00 1.00 0.00 0.00 0.00 0.00 0.00]
 [0.00 0.00 1.00 0.00 1.00 0.00 0.00 0.00 0.00]
 [0.00 0.00 0.00 1.00 0.00 1.00 0.00 0.00 0.00]
 [1.00 0.00 0.00 0.00 1.00 0.00 1.00 0.00 0.00]
 [0.00 0.00 0.00 0.00 0.00 1.00 0.00 1.00 0.00]
 [0.00 0.00 0.00 0.00 0.00 0.00 1.00 0.00 1.00]
 [1.00 0.00 0.00 0.00 0.00 0.00 0.00 1.00 0.00]]