#1#
[94.00 27.00]
[92.00 78.00]
[120.00 79.00]
[121.00 27.00]
[91.00 88.00]
[10.00 85.00]
[13.00 10.00]
[95.00 14.00]
#2#
[[94.00 27.00]
 [92.00 78.00]]
[[92.00 78.00]
 [120.00 79.00]]
[[120.00 79.00]
 [121.00 27.00]]
[[94.00 27.00]
 [121.00 27.00]]
[[92.00 78.00]
 [91.00 88.00]]
[[91.00 88.00]
 [10.00 85.00]]
[[10.00 85.00]
 [13.00 10.00]]
[[13.00 10.00]
 [95.00 14.00]]
[[94.00 27.00]
 [95.00 14.00]]
#3#
[[0.00 1.00 0.00 1.00 0.00 0.00 0.00 1.00]
 [1.00 0.00 1.00 0.00 1.00 0.00 0.00 0.00]
 [0.00 1.00 0.00 1.00 0.00 0.00 0.00 0.00]
 [1.00 0.00 1.00 0.00 0.00 0.00 0.00 0.00]
 [0.00 1.00 0.00 0.00 0.00 1.00 0.00 0.00]
 [0.00 0.00 0.00 0.00 1.00 0.00 1.00 0.00]
 [0.00 0.00 0.00 0.00 0.00 1.00 0.00 1.00]
 [1.00 0.00 0.00 0.00 0.00 0.00 1.00 0.00]]