#1#
[68.00 18.00]
[10.00 29.00]
[30.00 149.00]
[87.00 139.00]
[128.00 10.00]
[148.00 129.00]
#2#
[[68.00 18.00]
 [10.00 29.00]]
[[10.00 29.00]
 [30.00 149.00]]
[[30.00 149.00]
 [87.00 139.00]]
[[68.00 18.00]
 [87.00 139.00]]
[[68.00 18.00]
 [128.00 10.00]]
[[128.00 10.00]
 [148.00 129.00]]
[[87.00 139.00]
 [148.00 129.00]]
#3#
[[0.00 1.00 0.00 1.00 1.00 0.00]
 [1.00 0.00 1.00 0.00 0.00 0.00]
 [0.00 1.00 0.00 1.00 0.00 0.00]
 [1.00 0.00 1.00 0.00 0.00 1.00]
 [1.00 0.00 0.00 0.00 0.00 1.00]
 [0.00 0.00 0.00 1.00 1.00 0.00]]