#1#
[142.00 67.00]
[174.00 140.00]
[76.00 184.00]
[43.00 113.00]
[10.00 40.00]
[76.00 10.00]
[125.00 28.00]
#2#
[[142.00 67.00]
 [174.00 140.00]]
[[174.00 140.00]
 [76.00 184.00]]
[[76.00 184.00]
 [43.00 113.00]]
[[43.00 113.00]
 [10.00 40.00]]
[[10.00 40.00]
 [76.00 10.00]]
[[76.00 10.00]
 [125.00 28.00]]
[[142.00 67.00]
 [125.00 28.00]]
[[142.00 67.00]
 [43.00 113.00]]
#3#
[[0.00 1.00 0.00 1.00 0.00 0.00 1.00]
 [1.00 0.00 1.00 0.00 0.00 0.00 0.00]
 [0.00 1.00 0.00 1.00 0.00 0.00 0.00]
 [1.00 0.00 1.00 0.00 1.00 0.00 0.00]
 [0.00 0.00 0.00 1.00 0.00 1.00 0.00]
 [0.00 0.00 0.00 0.00 1.00 0.00 1.00]
 [1.00 0.00 0.00 0.00 0.00 1.00 0.00]]