#1#
[148.00 166.00]
[100.00 123.00]
[196.00 229.00]
[296.00 132.00]
[250.00 74.00]
[159.00 68.00]
[59.00 163.00]
[10.00 103.00]
[113.00 10.00]
[201.00 28.00]
#2#
[[148.00 166.00]
 [100.00 123.00]]
[[148.00 166.00]
 [196.00 229.00]]
[[196.00 229.00]
 [296.00 132.00]]
[[296.00 132.00]
 [250.00 74.00]]
[[100.00 123.00]
 [159.00 68.00]]
[[100.00 123.00]
 [59.00 163.00]]
[[59.00 163.00]
 [10.00 103.00]]
[[113.00 10.00]
 [10.00 103.00]]
[[113.00 10.00]
 [159.00 68.00]]
[[148.00 166.00]
 [250.00 74.00]]
[[201.00 28.00]
 [159.00 68.00]]
[[201.00 28.00]
 [250.00 74.00]]
#3#
[[0.00 1.00 1.00 0.00 1.00 0.00 0.00 0.00 0.00 0.00]
 [1.00 0.00 0.00 0.00 0.00 1.00 1.00 0.00 0.00 0.00]
 [1.00 0.00 0.00 1.00 0.00 0.00 0.00 0.00 0.00 0.00]
 [0.00 0.00 1.00 0.00 1.00 0.00 0.00 0.00 0.00 0.00]
 [1.00 0.00 0.00 1.00 0.00 0.00 0.00 0.00 0.00 1.00]
 [0.00 1.00 0.00 0.00 0.00 0.00 0.00 0.00 1.00 1.00]
 [0.00 1.00 0.00 0.00 0.00 0.00 0.00 1.00 0.00 0.00]
 [0.00 0.00 0.00 0.00 0.00 0.00 1.00 0.00 1.00 0.00]
 [0.00 0.00 0.00 0.00 0.00 1.00 0.00 1.00 0.00 0.00]
 [0.00 0.00 0.00 0.00 1.00 1.00 0.00 0.00 0.00 0.00]]