#1#
[29.00 68.00]
[155.00 109.00]
[137.00 154.00]
[10.00 115.00]
[45.00 10.00]
[172.00 51.00]
#2#
[[29.00 68.00]
 [155.00 109.00]]
[[155.00 109.00]
 [137.00 154.00]]
[[137.00 154.00]
 [10.00 115.00]]
[[29.00 68.00]
 [10.00 115.00]]
[[29.00 68.00]
 [45.00 10.00]]
[[45.00 10.00]
 [172.00 51.00]]
[[155.00 109.00]
 [172.00 51.00]]
#3#
[[0.00 1.00 0.00 1.00 1.00 0.00]
 [1.00 0.00 1.00 0.00 0.00 1.00]
 [0.00 1.00 0.00 1.00 0.00 0.00]
 [1.00 0.00 1.00 0.00 0.00 0.00]
 [1.00 0.00 0.00 0.00 0.00 1.00]
 [0.00 1.00 0.00 0.00 1.00 0.00]]