#1#
[74.00 144.00]
[68.00 10.00]
[10.00 19.00]
[17.00 155.00]
[133.00 150.00]
[127.00 14.00]
#2#
[[74.00 144.00]
 [68.00 10.00]]
[[68.00 10.00]
 [10.00 19.00]]
[[10.00 19.00]
 [17.00 155.00]]
[[74.00 144.00]
 [17.00 155.00]]
[[74.00 144.00]
 [133.00 150.00]]
[[133.00 150.00]
 [127.00 14.00]]
[[68.00 10.00]
 [127.00 14.00]]
#3#
[[0.00 1.00 0.00 1.00 1.00 0.00]
 [1.00 0.00 1.00 0.00 0.00 1.00]
 [0.00 1.00 0.00 1.00 0.00 0.00]
 [1.00 0.00 1.00 0.00 0.00 0.00]
 [1.00 0.00 0.00 0.00 0.00 1.00]
 [0.00 1.00 0.00 0.00 1.00 0.00]]