#1#
[39.00 43.00]
[54.00 78.00]
[53.00 10.00]
[176.00 62.00]
[164.00 90.00]
[20.00 94.00]
[129.00 105.00]
[146.00 140.00]
[134.00 171.00]
[10.00 123.00]
#2#
[[39.00 43.00]
 [54.00 78.00]]
[[39.00 43.00]
 [53.00 10.00]]
[[53.00 10.00]
 [176.00 62.00]]
[[176.00 62.00]
 [164.00 90.00]]
[[54.00 78.00]
 [20.00 94.00]]
[[164.00 90.00]
 [129.00 105.00]]
[[164.00 90.00]
 [146.00 140.00]]
[[39.00 43.00]
 [20.00 94.00]]
[[54.00 78.00]
 [129.00 105.00]]
[[129.00 105.00]
 [146.00 140.00]]
[[134.00 171.00]
 [146.00 140.00]]
[[134.00 171.00]
 [10.00 123.00]]
[[10.00 123.00]
 [20.00 94.00]]
#3#
[[0.00 1.00 1.00 0.00 0.00 1.00 0.00 0.00 0.00 0.00]
 [1.00 0.00 0.00 0.00 0.00 1.00 1.00 0.00 0.00 0.00]
 [1.00 0.00 0.00 1.00 0.00 0.00 0.00 0.00 0.00 0.00]
 [0.00 0.00 1.00 0.00 1.00 0.00 0.00 0.00 0.00 0.00]
 [0.00 0.00 0.00 1.00 0.00 0.00 1.00 1.00 0.00 0.00]
 [1.00 1.00 0.00 0.00 0.00 0.00 0.00 0.00 0.00 1.00]
 [0.00 1.00 0.00 0.00 1.00 0.00 0.00 1.00 0.00 0.00]
 [0.00 0.00 0.00 0.00 1.00 0.00 1.00 0.00 1.00 0.00]
 [0.00 0.00 0.00 0.00 0.00 0.00 0.00 1.00 0.00 1.00]
 [0.00 0.00 0.00 0.00 0.00 1.00 0.00 0.00 1.00 0.00]]