#1#
[76.00 10.00]
[23.00 15.00]
[10.00 187.00]
[63.00 185.00]
[120.00 198.00]
[131.00 22.00]
#2#
[[76.00 10.00]
 [23.00 15.00]]
[[23.00 15.00]
 [10.00 187.00]]
[[10.00 187.00]
 [63.00 185.00]]
[[76.00 10.00]
 [63.00 185.00]]
[[63.00 185.00]
 [120.00 198.00]]
[[120.00 198.00]
 [131.00 22.00]]
[[76.00 10.00]
 [131.00 22.00]]
#3#
[[0.00 1.00 0.00 1.00 0.00 1.00]
 [1.00 0.00 1.00 0.00 0.00 0.00]
 [0.00 1.00 0.00 1.00 0.00 0.00]
 [1.00 0.00 1.00 0.00 1.00 0.00]
 [0.00 0.00 0.00 1.00 0.00 1.00]
 [1.00 0.00 0.00 0.00 1.00 0.00]]