#1#
[80.00 10.00]
[134.00 25.00]
[119.00 154.00]
[65.00 142.00]
[10.00 142.00]
[22.00 12.00]
#2#
[[80.00 10.00]
 [134.00 25.00]]
[[134.00 25.00]
 [119.00 154.00]]
[[119.00 154.00]
 [65.00 142.00]]
[[65.00 142.00]
 [10.00 142.00]]
[[10.00 142.00]
 [22.00 12.00]]
[[80.00 10.00]
 [22.00 12.00]]
[[80.00 10.00]
 [65.00 142.00]]
#3#
[[0.00 1.00 0.00 1.00 0.00 1.00]
 [1.00 0.00 1.00 0.00 0.00 0.00]
 [0.00 1.00 0.00 1.00 0.00 0.00]
 [1.00 0.00 1.00 0.00 1.00 0.00]
 [0.00 0.00 0.00 1.00 0.00 1.00]
 [1.00 0.00 0.00 0.00 1.00 0.00]]