#1#
[118.00 132.00]
[45.00 59.00]
[153.00 83.00]
[80.00 10.00]
[10.00 76.00]
[83.00 152.00]
#2#
[[118.00 132.00]
 [45.00 59.00]]
[[118.00 132.00]
 [153.00 83.00]]
[[153.00 83.00]
 [80.00 10.00]]
[[45.00 59.00]
 [80.00 10.00]]
[[45.00 59.00]
 [10.00 76.00]]
[[10.00 76.00]
 [83.00 152.00]]
[[118.00 132.00]
 [83.00 152.00]]
#3#
[[0.00 1.00 1.00 0.00 0.00 1.00]
 [1.00 0.00 0.00 1.00 1.00 0.00]
 [1.00 0.00 0.00 1.00 0.00 0.00]
 [0.00 1.00 1.00 0.00 0.00 0.00]
 [0.00 1.00 0.00 0.00 0.00 1.00]
 [1.00 0.00 0.00 0.00 1.00 0.00]]