#1#
[124.00 117.00]
[153.00 79.00]
[66.00 10.00]
[35.00 44.00]
[10.00 73.00]
[97.00 147.00]
#2#
[[124.00 117.00]
 [153.00 79.00]]
[[153.00 79.00]
 [66.00 10.00]]
[[66.00 10.00]
 [35.00 44.00]]
[[35.00 44.00]
 [10.00 73.00]]
[[10.00 73.00]
 [97.00 147.00]]
[[124.00 117.00]
 [97.00 147.00]]
[[124.00 117.00]
 [35.00 44.00]]
#3#
[[0.00 1.00 0.00 1.00 0.00 1.00]
 [1.00 0.00 1.00 0.00 0.00 0.00]
 [0.00 1.00 0.00 1.00 0.00 0.00]
 [1.00 0.00 1.00 0.00 1.00 0.00]
 [0.00 0.00 0.00 1.00 0.00 1.00]
 [1.00 0.00 0.00 0.00 1.00 0.00]]