#1#
[141.00 50.00]
[185.00 90.00]
[99.00 187.00]
[55.00 148.00]
[10.00 106.00]
[95.00 10.00]
#2#
[[141.00 50.00]
 [185.00 90.00]]
[[185.00 90.00]
 [99.00 187.00]]
[[99.00 187.00]
 [55.00 148.00]]
[[55.00 148.00]
 [10.00 106.00]]
[[10.00 106.00]
 [95.00 10.00]]
[[141.00 50.00]
 [95.00 10.00]]
[[141.00 50.00]
 [55.00 148.00]]
#3#
[[0.00 1.00 0.00 1.00 0.00 1.00]
 [1.00 0.00 1.00 0.00 0.00 0.00]
 [0.00 1.00 0.00 1.00 0.00 0.00]
 [1.00 0.00 1.00 0.00 1.00 0.00]
 [0.00 0.00 0.00 1.00 0.00 1.00]
 [1.00 0.00 0.00 0.00 1.00 0.00]]