#1#
[60.00 138.00]
[72.00 22.00]
[127.00 22.00]
[114.00 139.00]
[10.00 126.00]
[24.00 10.00]
#2#
[[60.00 138.00]
 [72.00 22.00]]
[[72.00 22.00]
 [127.00 22.00]]
[[127.00 22.00]
 [114.00 139.00]]
[[60.00 138.00]
 [114.00 139.00]]
[[60.00 138.00]
 [10.00 126.00]]
[[10.00 126.00]
 [24.00 10.00]]
[[72.00 22.00]
 [24.00 10.00]]
#3#
[[0.00 1.00 0.00 1.00 1.00 0.00]
 [1.00 0.00 1.00 0.00 0.00 1.00]
 [0.00 1.00 0.00 1.00 0.00 0.00]
 [1.00 0.00 1.00 0.00 0.00 0.00]
 [1.00 0.00 0.00 0.00 0.00 1.00]
 [0.00 1.00 0.00 0.00 1.00 0.00]]