#1#
[65.00 203.00]
[113.00 228.00]
[192.00 58.00]
[143.00 33.00]
[10.00 180.00]
[90.00 10.00]
#2#
[[65.00 203.00]
 [113.00 228.00]]
[[113.00 228.00]
 [192.00 58.00]]
[[192.00 58.00]
 [143.00 33.00]]
[[65.00 203.00]
 [10.00 180.00]]
[[10.00 180.00]
 [90.00 10.00]]
[[143.00 33.00]
 [90.00 10.00]]
[[65.00 203.00]
 [143.00 33.00]]
#3#
[[0.00 1.00 0.00 1.00 1.00 0.00]
 [1.00 0.00 1.00 0.00 0.00 0.00]
 [0.00 1.00 0.00 1.00 0.00 0.00]
 [1.00 0.00 1.00 0.00 0.00 1.00]
 [1.00 0.00 0.00 0.00 0.00 1.00]
 [0.00 0.00 0.00 1.00 1.00 0.00]]