#1#
[75.00 10.00]
[130.00 21.00]
[118.00 199.00]
[62.00 183.00]
[20.00 14.00]
[10.00 189.00]
#2#
[[75.00 10.00]
 [130.00 21.00]]
[[130.00 21.00]
 [118.00 199.00]]
[[118.00 199.00]
 [62.00 183.00]]
[[75.00 10.00]
 [62.00 183.00]]
[[75.00 10.00]
 [20.00 14.00]]
[[20.00 14.00]
 [10.00 189.00]]
[[62.00 183.00]
 [10.00 189.00]]
#3#
[[0.00 1.00 0.00 1.00 1.00 0.00]
 [1.00 0.00 1.00 0.00 0.00 0.00]
 [0.00 1.00 0.00 1.00 0.00 0.00]
 [1.00 0.00 1.00 0.00 0.00 1.00]
 [1.00 0.00 0.00 0.00 0.00 1.00]
 [0.00 0.00 0.00 1.00 1.00 0.00]]