#1#
[102.00 168.00]
[10.00 109.00]
[164.00 70.00]
[74.00 10.00]
[73.00 102.00]
[96.00 63.00]
#2#
[[102.00 168.00]
 [10.00 109.00]]
[[102.00 168.00]
 [164.00 70.00]]
[[10.00 109.00]
 [74.00 10.00]]
[[10.00 109.00]
 [73.00 102.00]]
[[102.00 168.00]
 [73.00 102.00]]
[[73.00 102.00]
 [96.00 63.00]]
[[164.00 70.00]
 [96.00 63.00]]
[[74.00 10.00]
 [96.00 63.00]]
[[164.00 70.00]
 [74.00 10.00]]
#3#
[[0.00 1.00 1.00 0.00 1.00 0.00]
 [1.00 0.00 0.00 1.00 1.00 0.00]
 [1.00 0.00 0.00 1.00 0.00 1.00]
 [0.00 1.00 1.00 0.00 0.00 1.00]
 [1.00 1.00 0.00 0.00 0.00 1.00]
 [0.00 0.00 1.00 1.00 1.00 0.00]]