#1#
[57.00 132.00]
[10.00 108.00]
[48.00 10.00]
[93.00 33.00]
[142.00 47.00]
[105.00 144.00]
#2#
[[57.00 132.00]
 [10.00 108.00]]
[[10.00 108.00]
 [48.00 10.00]]
[[48.00 10.00]
 [93.00 33.00]]
[[57.00 132.00]
 [93.00 33.00]]
[[93.00 33.00]
 [142.00 47.00]]
[[142.00 47.00]
 [105.00 144.00]]
[[57.00 132.00]
 [105.00 144.00]]
#3#
[[0.00 1.00 0.00 1.00 0.00 1.00]
 [1.00 0.00 1.00 0.00 0.00 0.00]
 [0.00 1.00 0.00 1.00 0.00 0.00]
 [1.00 0.00 1.00 0.00 1.00 0.00]
 [0.00 0.00 0.00 1.00 0.00 1.00]
 [1.00 0.00 0.00 0.00 1.00 0.00]]