#1#
[60.00 27.00]
[10.00 54.00]
[55.00 156.00]
[103.00 130.00]
[156.00 112.00]
[112.00 10.00]
#2#
[[60.00 27.00]
 [10.00 54.00]]
[[10.00 54.00]
 [55.00 156.00]]
[[55.00 156.00]
 [103.00 130.00]]
[[60.00 27.00]
 [103.00 130.00]]
[[103.00 130.00]
 [156.00 112.00]]
[[156.00 112.00]
 [112.00 10.00]]
[[60.00 27.00]
 [112.00 10.00]]
#3#
[[0.00 1.00 0.00 1.00 0.00 1.00]
 [1.00 0.00 1.00 0.00 0.00 0.00]
 [0.00 1.00 0.00 1.00 0.00 0.00]
 [1.00 0.00 1.00 0.00 1.00 0.00]
 [0.00 0.00 0.00 1.00 0.00 1.00]
 [1.00 0.00 0.00 0.00 1.00 0.00]]