#1#
[49.00 123.00]
[10.00 93.00]
[63.00 10.00]
[102.00 38.00]
[87.00 139.00]
[139.00 54.00]
#2#
[[49.00 123.00]
 [10.00 93.00]]
[[10.00 93.00]
 [63.00 10.00]]
[[63.00 10.00]
 [102.00 38.00]]
[[49.00 123.00]
 [87.00 139.00]]
[[87.00 139.00]
 [139.00 54.00]]
[[102.00 38.00]
 [139.00 54.00]]
[[49.00 123.00]
 [102.00 38.00]]
#3#
[[0.00 1.00 0.00 1.00 1.00 0.00]
 [1.00 0.00 1.00 0.00 0.00 0.00]
 [0.00 1.00 0.00 1.00 0.00 0.00]
 [1.00 0.00 1.00 0.00 0.00 1.00]
 [1.00 0.00 0.00 0.00 0.00 1.00]
 [0.00 0.00 0.00 1.00 1.00 0.00]]