#1#
[67.00 147.00]
[73.00 25.00]
[126.00 18.00]
[119.00 140.00]
[10.00 135.00]
[15.00 10.00]
#2#
[[67.00 147.00]
 [73.00 25.00]]
[[73.00 25.00]
 [126.00 18.00]]
[[126.00 18.00]
 [119.00 140.00]]
[[67.00 147.00]
 [119.00 140.00]]
[[67.00 147.00]
 [10.00 135.00]]
[[10.00 135.00]
 [15.00 10.00]]
[[73.00 25.00]
 [15.00 10.00]]
#3#
[[0.00 1.00 0.00 1.00 1.00 0.00]
 [1.00 0.00 1.00 0.00 0.00 1.00]
 [0.00 1.00 0.00 1.00 0.00 0.00]
 [1.00 0.00 1.00 0.00 0.00 0.00]
 [1.00 0.00 0.00 0.00 0.00 1.00]
 [0.00 1.00 0.00 0.00 1.00 0.00]]