#1#
[32.00 57.00]
[133.00 101.00]
[10.00 114.00]
[111.00 156.00]
[153.00 52.00]
[51.00 10.00]
#2#
[[32.00 57.00]
 [133.00 101.00]]
[[32.00 57.00]
 [10.00 114.00]]
[[10.00 114.00]
 [111.00 156.00]]
[[133.00 101.00]
 [111.00 156.00]]
[[133.00 101.00]
 [153.00 52.00]]
[[153.00 52.00]
 [51.00 10.00]]
[[32.00 57.00]
 [51.00 10.00]]
#3#
[[0.00 1.00 1.00 0.00 0.00 1.00]
 [1.00 0.00 0.00 1.00 1.00 0.00]
 [1.00 0.00 0.00 1.00 0.00 0.00]
 [0.00 1.00 1.00 0.00 0.00 0.00]
 [0.00 1.00 0.00 0.00 0.00 1.00]
 [1.00 0.00 0.00 0.00 1.00 0.00]]