#1#
[147.00 209.00]
[64.00 241.00]
[10.00 53.00]
[94.00 24.00]
[170.00 10.00]
[223.00 197.00]
#2#
[[147.00 209.00]
 [64.00 241.00]]
[[64.00 241.00]
 [10.00 53.00]]
[[10.00 53.00]
 [94.00 24.00]]
[[147.00 209.00]
 [94.00 24.00]]
[[94.00 24.00]
 [170.00 10.00]]
[[170.00 10.00]
 [223.00 197.00]]
[[147.00 209.00]
 [223.00 197.00]]
#3#
[[0.00 1.00 0.00 1.00 0.00 1.00]
 [1.00 0.00 1.00 0.00 0.00 0.00]
 [0.00 1.00 0.00 1.00 0.00 0.00]
 [1.00 0.00 1.00 0.00 1.00 0.00]
 [0.00 0.00 0.00 1.00 0.00 1.00]
 [1.00 0.00 0.00 0.00 1.00 0.00]]