#1#
[83.00 109.00]
[18.00 108.00]
[10.00 23.00]
[73.00 25.00]
[132.00 10.00]
[141.00 94.00]
#2#
[[83.00 109.00]
 [18.00 108.00]]
[[18.00 108.00]
 [10.00 23.00]]
[[10.00 23.00]
 [73.00 25.00]]
[[83.00 109.00]
 [73.00 25.00]]
[[73.00 25.00]
 [132.00 10.00]]
[[132.00 10.00]
 [141.00 94.00]]
[[83.00 109.00]
 [141.00 94.00]]
#3#
[[0.00 1.00 0.00 1.00 0.00 1.00]
 [1.00 0.00 1.00 0.00 0.00 0.00]
 [0.00 1.00 0.00 1.00 0.00 0.00]
 [1.00 0.00 1.00 0.00 1.00 0.00]
 [0.00 0.00 0.00 1.00 0.00 1.00]
 [1.00 0.00 0.00 0.00 1.00 0.00]]