#1#
[21.00 116.00]
[10.00 68.00]
[210.00 10.00]
[222.00 58.00]
[233.00 96.00]
[34.00 152.00]
#2#
[[21.00 116.00]
 [10.00 68.00]]
[[10.00 68.00]
 [210.00 10.00]]
[[210.00 10.00]
 [222.00 58.00]]
[[222.00 58.00]
 [233.00 96.00]]
[[233.00 96.00]
 [34.00 152.00]]
[[21.00 116.00]
 [34.00 152.00]]
[[21.00 116.00]
 [222.00 58.00]]
#3#
[[0.00 1.00 0.00 1.00 0.00 1.00]
 [1.00 0.00 1.00 0.00 0.00 0.00]
 [0.00 1.00 0.00 1.00 0.00 0.00]
 [1.00 0.00 1.00 0.00 1.00 0.00]
 [0.00 0.00 0.00 1.00 0.00 1.00]
 [1.00 0.00 0.00 0.00 1.00 0.00]]