#1#
[12.00 42.00]
[42.00 70.00]
[10.00 100.00]
[147.00 43.00]
[146.00 13.00]
[12.00 10.00]
[147.00 101.00]
[117.00 72.00]
[148.00 133.00]
[11.00 130.00]
#2#
[[12.00 42.00]
 [42.00 70.00]]
[[12.00 42.00]
 [10.00 100.00]]
[[147.00 43.00]
 [146.00 13.00]]
[[146.00 13.00]
 [12.00 10.00]]
[[12.00 42.00]
 [12.00 10.00]]
[[147.00 43.00]
 [147.00 101.00]]
[[42.00 70.00]
 [117.00 72.00]]
[[147.00 43.00]
 [117.00 72.00]]
[[147.00 101.00]
 [117.00 72.00]]
[[42.00 70.00]
 [10.00 100.00]]
[[148.00 133.00]
 [147.00 101.00]]
[[148.00 133.00]
 [11.00 130.00]]
[[11.00 130.00]
 [10.00 100.00]]
#3#
[[0.00 1.00 1.00 0.00 0.00 1.00 0.00 0.00 0.00 0.00]
 [1.00 0.00 1.00 0.00 0.00 0.00 0.00 1.00 0.00 0.00]
 [1.00 1.00 0.00 0.00 0.00 0.00 0.00 0.00 0.00 1.00]
 [0.00 0.00 0.00 0.00 1.00 0.00 1.00 1.00 0.00 0.00]
 [0.00 0.00 0.00 1.00 0.00 1.00 0.00 0.00 0.00 0.00]
 [1.00 0.00 0.00 0.00 1.00 0.00 0.00 0.00 0.00 0.00]
 [0.00 0.00 0.00 1.00 0.00 0.00 0.00 1.00 1.00 0.00]
 [0.00 1.00 0.00 1.00 0.00 0.00 1.00 0.00 0.00 0.00]
 [0.00 0.00 0.00 0.00 0.00 0.00 1.00 0.00 0.00 1.00]
 [0.00 0.00 1.00 0.00 0.00 0.00 0.00 0.00 1.00 0.00]]