#1#
[49.00 52.00]
[85.00 10.00]
[473.00 391.00]
[436.00 438.00]
[10.00 83.00]
[398.00 466.00]
#2#
[[49.00 52.00]
 [85.00 10.00]]
[[85.00 10.00]
 [473.00 391.00]]
[[473.00 391.00]
 [436.00 438.00]]
[[49.00 52.00]
 [10.00 83.00]]
[[10.00 83.00]
 [398.00 466.00]]
[[436.00 438.00]
 [398.00 466.00]]
[[49.00 52.00]
 [436.00 438.00]]
#3#
[[0.00 1.00 0.00 1.00 1.00 0.00]
 [1.00 0.00 1.00 0.00 0.00 0.00]
 [0.00 1.00 0.00 1.00 0.00 0.00]
 [1.00 0.00 1.00 0.00 0.00 1.00]
 [1.00 0.00 0.00 0.00 0.00 1.00]
 [0.00 0.00 0.00 1.00 1.00 0.00]]