#1#
[142.00 71.00]
[17.00 88.00]
[154.00 144.00]
[30.00 163.00]
[10.00 29.00]
[135.00 10.00]
#2#
[[142.00 71.00]
 [17.00 88.00]]
[[142.00 71.00]
 [154.00 144.00]]
[[154.00 144.00]
 [30.00 163.00]]
[[17.00 88.00]
 [30.00 163.00]]
[[17.00 88.00]
 [10.00 29.00]]
[[10.00 29.00]
 [135.00 10.00]]
[[142.00 71.00]
 [135.00 10.00]]
#3#
[[0.00 1.00 1.00 0.00 0.00 1.00]
 [1.00 0.00 0.00 1.00 1.00 0.00]
 [1.00 0.00 0.00 1.00 0.00 0.00]
 [0.00 1.00 1.00 0.00 0.00 0.00]
 [0.00 1.00 0.00 0.00 0.00 1.00]
 [1.00 0.00 0.00 0.00 1.00 0.00]]