#1#
[68.00 10.00]
[10.00 30.00]
[26.00 137.00]
[84.00 117.00]
[139.00 117.00]
[123.00 11.00]
#2#
[[68.00 10.00]
 [10.00 30.00]]
[[10.00 30.00]
 [26.00 137.00]]
[[26.00 137.00]
 [84.00 117.00]]
[[68.00 10.00]
 [84.00 117.00]]
[[84.00 117.00]
 [139.00 117.00]]
[[139.00 117.00]
 [123.00 11.00]]
[[68.00 10.00]
 [123.00 11.00]]
#3#
[[0.00 1.00 0.00 1.00 0.00 1.00]
 [1.00 0.00 1.00 0.00 0.00 0.00]
 [0.00 1.00 0.00 1.00 0.00 0.00]
 [1.00 0.00 1.00 0.00 1.00 0.00]
 [0.00 0.00 0.00 1.00 0.00 1.00]
 [1.00 0.00 0.00 0.00 1.00 0.00]]