#1#
[102.00 234.00]
[121.00 121.00]
[232.00 141.00]
[140.00 10.00]
[10.00 102.00]
#2#
[[102.00 234.00]
 [121.00 121.00]]
[[102.00 234.00]
 [232.00 141.00]]
[[232.00 141.00]
 [140.00 10.00]]
[[121.00 121.00]
 [232.00 141.00]]
[[121.00 121.00]
 [10.00 102.00]]
[[102.00 234.00]
 [10.00 102.00]]
[[140.00 10.00]
 [10.00 102.00]]
[[121.00 121.00]
 [140.00 10.00]]
#3#
[[0.00 1.00 1.00 0.00 1.00]
 [1.00 0.00 1.00 1.00 1.00]
 [1.00 1.00 0.00 1.00 0.00]
 [0.00 1.00 1.00 0.00 1.00]
 [1.00 1.00 0.00 1.00 0.00]]