#1#
[252.00 95.00]
[250.00 84.00]
[547.00 10.00]
[598.00 207.00]
[301.00 284.00]
[10.00 158.00]
[60.00 351.00]
[302.00 287.00]
#2#
[[252.00 95.00]
 [250.00 84.00]]
[[250.00 84.00]
 [547.00 10.00]]
[[547.00 10.00]
 [598.00 207.00]]
[[598.00 207.00]
 [301.00 284.00]]
[[252.00 95.00]
 [10.00 158.00]]
[[10.00 158.00]
 [60.00 351.00]]
[[60.00 351.00]
 [302.00 287.00]]
[[301.00 284.00]
 [302.00 287.00]]
[[252.00 95.00]
 [301.00 284.00]]
#3#
[[0.00 1.00 0.00 0.00 1.00 1.00 0.00 0.00]
 [1.00 0.00 1.00 0.00 0.00 0.00 0.00 0.00]
 [0.00 1.00 0.00 1.00 0.00 0.00 0.00 0.00]
 [0.00 0.00 1.00 0.00 1.00 0.00 0.00 0.00]
 [1.00 0.00 0.00 1.00 0.00 0.00 0.00 1.00]
 [1.00 0.00 0.00 0.00 0.00 0.00 1.00 0.00]
 [0.00 0.00 0.00 0.00 0.00 1.00 0.00 1.00]
 [0.00 0.00 0.00 0.00 1.00 0.00 1.00 0.00]]