#1#
[55.00 162.00]
[136.00 35.00]
[10.00 136.00]
[91.00 10.00]
[184.00 69.00]
[100.00 196.00]
#2#
[[55.00 162.00]
 [136.00 35.00]]
[[55.00 162.00]
 [10.00 136.00]]
[[10.00 136.00]
 [91.00 10.00]]
[[136.00 35.00]
 [91.00 10.00]]
[[136.00 35.00]
 [184.00 69.00]]
[[184.00 69.00]
 [100.00 196.00]]
[[55.00 162.00]
 [100.00 196.00]]
#3#
[[0.00 1.00 1.00 0.00 0.00 1.00]
 [1.00 0.00 0.00 1.00 1.00 0.00]
 [1.00 0.00 0.00 1.00 0.00 0.00]
 [0.00 1.00 1.00 0.00 0.00 0.00]
 [0.00 1.00 0.00 0.00 0.00 1.00]
 [1.00 0.00 0.00 0.00 1.00 0.00]]