#1#
[27.00 67.00]
[10.00 57.00]
[33.00 10.00]
[51.00 20.00]
[43.00 74.00]
[67.00 28.00]
#2#
[[27.00 67.00]
 [10.00 57.00]]
[[10.00 57.00]
 [33.00 10.00]]
[[33.00 10.00]
 [51.00 20.00]]
[[27.00 67.00]
 [51.00 20.00]]
[[27.00 67.00]
 [43.00 74.00]]
[[43.00 74.00]
 [67.00 28.00]]
[[51.00 20.00]
 [67.00 28.00]]
#3#
[[0.00 1.00 0.00 1.00 1.00 0.00]
 [1.00 0.00 1.00 0.00 0.00 0.00]
 [0.00 1.00 0.00 1.00 0.00 0.00]
 [1.00 0.00 1.00 0.00 0.00 1.00]
 [1.00 0.00 0.00 0.00 0.00 1.00]
 [0.00 0.00 0.00 1.00 1.00 0.00]]