#1#
[59.00 25.00]
[10.00 58.00]
[63.00 171.00]
[112.00 138.00]
[162.00 124.00]
[112.00 10.00]
#2#
[[59.00 25.00]
 [10.00 58.00]]
[[10.00 58.00]
 [63.00 171.00]]
[[63.00 171.00]
 [112.00 138.00]]
[[59.00 25.00]
 [112.00 138.00]]
[[112.00 138.00]
 [162.00 124.00]]
[[162.00 124.00]
 [112.00 10.00]]
[[59.00 25.00]
 [112.00 10.00]]
#3#
[[0.00 1.00 0.00 1.00 0.00 1.00]
 [1.00 0.00 1.00 0.00 0.00 0.00]
 [0.00 1.00 0.00 1.00 0.00 0.00]
 [1.00 0.00 1.00 0.00 1.00 0.00]
 [0.00 0.00 0.00 1.00 0.00 1.00]
 [1.00 0.00 0.00 0.00 1.00 0.00]]