#1#
[74.00 284.00]
[59.00 20.00]
[19.00 282.00]
[10.00 17.00]
[114.00 10.00]
[123.00 274.00]
#2#
[[74.00 284.00]
 [59.00 20.00]]
[[74.00 284.00]
 [19.00 282.00]]
[[19.00 282.00]
 [10.00 17.00]]
[[59.00 20.00]
 [10.00 17.00]]
[[59.00 20.00]
 [114.00 10.00]]
[[114.00 10.00]
 [123.00 274.00]]
[[74.00 284.00]
 [123.00 274.00]]
#3#
[[0.00 1.00 1.00 0.00 0.00 1.00]
 [1.00 0.00 0.00 1.00 1.00 0.00]
 [1.00 0.00 0.00 1.00 0.00 0.00]
 [0.00 1.00 1.00 0.00 0.00 0.00]
 [0.00 1.00 0.00 0.00 0.00 1.00]
 [1.00 0.00 0.00 0.00 1.00 0.00]]