#1#
[60.00 11.00]
[108.00 10.00]
[134.00 128.00]
[89.00 129.00]
[36.00 150.00]
[10.00 33.00]
#2#
[[60.00 11.00]
 [108.00 10.00]]
[[108.00 10.00]
 [134.00 128.00]]
[[134.00 128.00]
 [89.00 129.00]]
[[60.00 11.00]
 [89.00 129.00]]
[[89.00 129.00]
 [36.00 150.00]]
[[36.00 150.00]
 [10.00 33.00]]
[[60.00 11.00]
 [10.00 33.00]]
#3#
[[0.00 1.00 0.00 1.00 0.00 1.00]
 [1.00 0.00 1.00 0.00 0.00 0.00]
 [0.00 1.00 0.00 1.00 0.00 0.00]
 [1.00 0.00 1.00 0.00 1.00 0.00]
 [0.00 0.00 0.00 1.00 0.00 1.00]
 [1.00 0.00 0.00 0.00 1.00 0.00]]