#1#
[65.00 10.00]
[118.00 15.00]
[131.00 187.00]
[78.00 185.00]
[21.00 198.00]
[10.00 22.00]
#2#
[[65.00 10.00]
 [118.00 15.00]]
[[118.00 15.00]
 [131.00 187.00]]
[[131.00 187.00]
 [78.00 185.00]]
[[65.00 10.00]
 [78.00 185.00]]
[[78.00 185.00]
 [21.00 198.00]]
[[21.00 198.00]
 [10.00 22.00]]
[[65.00 10.00]
 [10.00 22.00]]
#3#
[[0.00 1.00 0.00 1.00 0.00 1.00]
 [1.00 0.00 1.00 0.00 0.00 0.00]
 [0.00 1.00 0.00 1.00 0.00 0.00]
 [1.00 0.00 1.00 0.00 1.00 0.00]
 [0.00 0.00 0.00 1.00 0.00 1.00]
 [1.00 0.00 0.00 0.00 1.00 0.00]]