#1#
[67.00 271.00]
[184.00 41.00]
[127.00 10.00]
[10.00 237.00]
[118.00 296.00]
[237.00 66.00]
#2#
[[67.00 271.00]
 [184.00 41.00]]
[[184.00 41.00]
 [127.00 10.00]]
[[127.00 10.00]
 [10.00 237.00]]
[[67.00 271.00]
 [10.00 237.00]]
[[67.00 271.00]
 [118.00 296.00]]
[[118.00 296.00]
 [237.00 66.00]]
[[184.00 41.00]
 [237.00 66.00]]
#3#
[[0.00 1.00 0.00 1.00 1.00 0.00]
 [1.00 0.00 1.00 0.00 0.00 1.00]
 [0.00 1.00 0.00 1.00 0.00 0.00]
 [1.00 0.00 1.00 0.00 0.00 0.00]
 [1.00 0.00 0.00 0.00 0.00 1.00]
 [0.00 1.00 0.00 0.00 1.00 0.00]]