#1#
[140.00 103.00]
[162.00 47.00]
[56.00 10.00]
[35.00 63.00]
[120.00 158.00]
[10.00 119.00]
#2#
[[140.00 103.00]
 [162.00 47.00]]
[[162.00 47.00]
 [56.00 10.00]]
[[56.00 10.00]
 [35.00 63.00]]
[[140.00 103.00]
 [35.00 63.00]]
[[140.00 103.00]
 [120.00 158.00]]
[[120.00 158.00]
 [10.00 119.00]]
[[35.00 63.00]
 [10.00 119.00]]
#3#
[[0.00 1.00 0.00 1.00 1.00 0.00]
 [1.00 0.00 1.00 0.00 0.00 0.00]
 [0.00 1.00 0.00 1.00 0.00 0.00]
 [1.00 0.00 1.00 0.00 0.00 1.00]
 [1.00 0.00 0.00 0.00 0.00 1.00]
 [0.00 0.00 0.00 1.00 1.00 0.00]]