#1#
[54.00 41.00]
[97.00 10.00]
[162.00 108.00]
[119.00 139.00]
[76.00 169.00]
[10.00 73.00]
#2#
[[54.00 41.00]
 [97.00 10.00]]
[[97.00 10.00]
 [162.00 108.00]]
[[162.00 108.00]
 [119.00 139.00]]
[[54.00 41.00]
 [119.00 139.00]]
[[119.00 139.00]
 [76.00 169.00]]
[[76.00 169.00]
 [10.00 73.00]]
[[54.00 41.00]
 [10.00 73.00]]
#3#
[[0.00 1.00 0.00 1.00 0.00 1.00]
 [1.00 0.00 1.00 0.00 0.00 0.00]
 [0.00 1.00 0.00 1.00 0.00 0.00]
 [1.00 0.00 1.00 0.00 1.00 0.00]
 [0.00 0.00 0.00 1.00 0.00 1.00]
 [1.00 0.00 0.00 0.00 1.00 0.00]]