#1#
[68.00 182.00]
[10.00 159.00]
[52.00 10.00]
[110.00 34.00]
[174.00 44.00]
[131.00 194.00]
#2#
[[68.00 182.00]
 [10.00 159.00]]
[[10.00 159.00]
 [52.00 10.00]]
[[52.00 10.00]
 [110.00 34.00]]
[[68.00 182.00]
 [110.00 34.00]]
[[110.00 34.00]
 [174.00 44.00]]
[[174.00 44.00]
 [131.00 194.00]]
[[68.00 182.00]
 [131.00 194.00]]
#3#
[[0.00 1.00 0.00 1.00 0.00 1.00]
 [1.00 0.00 1.00 0.00 0.00 0.00]
 [0.00 1.00 0.00 1.00 0.00 0.00]
 [1.00 0.00 1.00 0.00 1.00 0.00]
 [0.00 0.00 0.00 1.00 0.00 1.00]
 [1.00 0.00 0.00 0.00 1.00 0.00]]