#1#
[161.00 65.00]
[124.00 10.00]
[10.00 105.00]
[46.00 158.00]
[82.00 194.00]
[141.00 147.00]
[152.00 159.00]
[210.00 111.00]
#2#
[[161.00 65.00]
 [124.00 10.00]]
[[124.00 10.00]
 [10.00 105.00]]
[[10.00 105.00]
 [46.00 158.00]]
[[161.00 65.00]
 [46.00 158.00]]
[[46.00 158.00]
 [82.00 194.00]]
[[82.00 194.00]
 [141.00 147.00]]
[[141.00 147.00]
 [152.00 159.00]]
[[152.00 159.00]
 [210.00 111.00]]
[[161.00 65.00]
 [210.00 111.00]]
#3#
[[0.00 1.00 0.00 1.00 0.00 0.00 0.00 1.00]
 [1.00 0.00 1.00 0.00 0.00 0.00 0.00 0.00]
 [0.00 1.00 0.00 1.00 0.00 0.00 0.00 0.00]
 [1.00 0.00 1.00 0.00 1.00 0.00 0.00 0.00]
 [0.00 0.00 0.00 1.00 0.00 1.00 0.00 0.00]
 [0.00 0.00 0.00 0.00 1.00 0.00 1.00 0.00]
 [0.00 0.00 0.00 0.00 0.00 1.00 0.00 1.00]
 [1.00 0.00 0.00 0.00 0.00 0.00 1.00 0.00]]