#1#
[174.00 108.00]
[156.00 163.00]
[80.00 142.00]
[79.00 147.00]
[10.00 127.00]
[27.00 67.00]
[40.00 10.00]
[109.00 28.00]
[109.00 21.00]
[189.00 42.00]
#2#
[[174.00 108.00]
 [156.00 163.00]]
[[156.00 163.00]
 [80.00 142.00]]
[[80.00 142.00]
 [79.00 147.00]]
[[79.00 147.00]
 [10.00 127.00]]
[[10.00 127.00]
 [27.00 67.00]]
[[174.00 108.00]
 [27.00 67.00]]
[[27.00 67.00]
 [40.00 10.00]]
[[40.00 10.00]
 [109.00 28.00]]
[[109.00 21.00]
 [109.00 28.00]]
[[109.00 21.00]
 [189.00 42.00]]
[[174.00 108.00]
 [189.00 42.00]]
#3#
[[0.00 1.00 0.00 0.00 0.00 1.00 0.00 0.00 0.00 1.00]
 [1.00 0.00 1.00 0.00 0.00 0.00 0.00 0.00 0.00 0.00]
 [0.00 1.00 0.00 1.00 0.00 0.00 0.00 0.00 0.00 0.00]
 [0.00 0.00 1.00 0.00 1.00 0.00 0.00 0.00 0.00 0.00]
 [0.00 0.00 0.00 1.00 0.00 1.00 0.00 0.00 0.00 0.00]
 [1.00 0.00 0.00 0.00 1.00 0.00 1.00 0.00 0.00 0.00]
 [0.00 0.00 0.00 0.00 0.00 1.00 0.00 1.00 0.00 0.00]
 [0.00 0.00 0.00 0.00 0.00 0.00 1.00 0.00 1.00 0.00]
 [0.00 0.00 0.00 0.00 0.00 0.00 0.00 1.00 0.00 1.00]
 [1.00 0.00 0.00 0.00 0.00 0.00 0.00 0.00 1.00 0.00]]