#1#
[118.00 66.00]
[118.00 115.00]
[11.00 115.00]
[11.00 66.00]
[10.00 10.00]
[118.00 10.00]
#2#
[[118.00 66.00]
 [118.00 115.00]]
[[118.00 115.00]
 [11.00 115.00]]
[[11.00 115.00]
 [11.00 66.00]]
[[11.00 66.00]
 [10.00 10.00]]
[[10.00 10.00]
 [118.00 10.00]]
[[118.00 66.00]
 [118.00 10.00]]
[[118.00 66.00]
 [11.00 66.00]]
#3#
[[0.00 1.00 0.00 1.00 0.00 1.00]
 [1.00 0.00 1.00 0.00 0.00 0.00]
 [0.00 1.00 0.00 1.00 0.00 0.00]
 [1.00 0.00 1.00 0.00 1.00 0.00]
 [0.00 0.00 0.00 1.00 0.00 1.00]
 [1.00 0.00 0.00 0.00 1.00 0.00]]