#1#
[50.00 100.00]
[85.00 131.00]
[134.00 63.00]
[99.00 31.00]
[59.00 10.00]
[10.00 80.00]
#2#
[[50.00 100.00]
 [85.00 131.00]]
[[85.00 131.00]
 [134.00 63.00]]
[[134.00 63.00]
 [99.00 31.00]]
[[50.00 100.00]
 [99.00 31.00]]
[[99.00 31.00]
 [59.00 10.00]]
[[59.00 10.00]
 [10.00 80.00]]
[[50.00 100.00]
 [10.00 80.00]]
#3#
[[0.00 1.00 0.00 1.00 0.00 1.00]
 [1.00 0.00 1.00 0.00 0.00 0.00]
 [0.00 1.00 0.00 1.00 0.00 0.00]
 [1.00 0.00 1.00 0.00 1.00 0.00]
 [0.00 0.00 0.00 1.00 0.00 1.00]
 [1.00 0.00 0.00 0.00 1.00 0.00]]