#1#
[38.00 51.00]
[65.00 10.00]
[186.00 91.00]
[159.00 132.00]
[128.00 179.00]
[60.00 137.00]
[66.00 130.00]
[10.00 94.00]
#2#
[[38.00 51.00]
 [65.00 10.00]]
[[65.00 10.00]
 [186.00 91.00]]
[[186.00 91.00]
 [159.00 132.00]]
[[38.00 51.00]
 [159.00 132.00]]
[[159.00 132.00]
 [128.00 179.00]]
[[128.00 179.00]
 [60.00 137.00]]
[[60.00 137.00]
 [66.00 130.00]]
[[66.00 130.00]
 [10.00 94.00]]
[[38.00 51.00]
 [10.00 94.00]]
#3#
[[0.00 1.00 0.00 1.00 0.00 0.00 0.00 1.00]
 [1.00 0.00 1.00 0.00 0.00 0.00 0.00 0.00]
 [0.00 1.00 0.00 1.00 0.00 0.00 0.00 0.00]
 [1.00 0.00 1.00 0.00 1.00 0.00 0.00 0.00]
 [0.00 0.00 0.00 1.00 0.00 1.00 0.00 0.00]
 [0.00 0.00 0.00 0.00 1.00 0.00 1.00 0.00]
 [0.00 0.00 0.00 0.00 0.00 1.00 0.00 1.00]
 [1.00 0.00 0.00 0.00 0.00 0.00 1.00 0.00]]