#1#
[186.00 127.00]
[29.00 75.00]
[204.00 62.00]
[48.00 10.00]
[10.00 126.00]
[167.00 179.00]
#2#
[[186.00 127.00]
 [29.00 75.00]]
[[186.00 127.00]
 [204.00 62.00]]
[[204.00 62.00]
 [48.00 10.00]]
[[29.00 75.00]
 [48.00 10.00]]
[[29.00 75.00]
 [10.00 126.00]]
[[10.00 126.00]
 [167.00 179.00]]
[[186.00 127.00]
 [167.00 179.00]]
#3#
[[0.00 1.00 1.00 0.00 0.00 1.00]
 [1.00 0.00 0.00 1.00 1.00 0.00]
 [1.00 0.00 0.00 1.00 0.00 0.00]
 [0.00 1.00 1.00 0.00 0.00 0.00]
 [0.00 1.00 0.00 0.00 0.00 1.00]
 [1.00 0.00 0.00 0.00 1.00 0.00]]