#1#
[375.00 10.00]
[187.00 62.00]
[192.00 82.00]
[10.00 130.00]
[42.00 250.00]
[230.00 201.00]
[225.00 181.00]
[408.00 133.00]
#2#
[[375.00 10.00]
 [187.00 62.00]]
[[187.00 62.00]
 [192.00 82.00]]
[[192.00 82.00]
 [10.00 130.00]]
[[10.00 130.00]
 [42.00 250.00]]
[[42.00 250.00]
 [230.00 201.00]]
[[230.00 201.00]
 [225.00 181.00]]
[[225.00 181.00]
 [408.00 133.00]]
[[375.00 10.00]
 [408.00 133.00]]
#3#
[[0.00 1.00 0.00 0.00 0.00 0.00 0.00 1.00]
 [1.00 0.00 1.00 0.00 0.00 0.00 0.00 0.00]
 [0.00 1.00 0.00 1.00 0.00 0.00 0.00 0.00]
 [0.00 0.00 1.00 0.00 1.00 0.00 0.00 0.00]
 [0.00 0.00 0.00 1.00 0.00 1.00 0.00 0.00]
 [0.00 0.00 0.00 0.00 1.00 0.00 1.00 0.00]
 [0.00 0.00 0.00 0.00 0.00 1.00 0.00 1.00]
 [1.00 0.00 0.00 0.00 0.00 0.00 1.00 0.00]]