#1#
[51.00 89.00]
[97.00 100.00]
[114.00 36.00]
[71.00 24.00]
[10.00 76.00]
[32.00 10.00]
#2#
[[51.00 89.00]
 [97.00 100.00]]
[[97.00 100.00]
 [114.00 36.00]]
[[114.00 36.00]
 [71.00 24.00]]
[[51.00 89.00]
 [10.00 76.00]]
[[10.00 76.00]
 [32.00 10.00]]
[[71.00 24.00]
 [32.00 10.00]]
[[51.00 89.00]
 [71.00 24.00]]
#3#
[[0.00 1.00 0.00 1.00 1.00 0.00]
 [1.00 0.00 1.00 0.00 0.00 0.00]
 [0.00 1.00 0.00 1.00 0.00 0.00]
 [1.00 0.00 1.00 0.00 0.00 1.00]
 [1.00 0.00 0.00 0.00 0.00 1.00]
 [0.00 0.00 0.00 1.00 1.00 0.00]]