#1#
[58.00 19.00]
[10.00 27.00]
[24.00 137.00]
[76.00 126.00]
[125.00 115.00]
[106.00 10.00]
#2#
[[58.00 19.00]
 [10.00 27.00]]
[[10.00 27.00]
 [24.00 137.00]]
[[24.00 137.00]
 [76.00 126.00]]
[[58.00 19.00]
 [76.00 126.00]]
[[76.00 126.00]
 [125.00 115.00]]
[[125.00 115.00]
 [106.00 10.00]]
[[58.00 19.00]
 [106.00 10.00]]
#3#
[[0.00 1.00 0.00 1.00 0.00 1.00]
 [1.00 0.00 1.00 0.00 0.00 0.00]
 [0.00 1.00 0.00 1.00 0.00 0.00]
 [1.00 0.00 1.00 0.00 1.00 0.00]
 [0.00 0.00 0.00 1.00 0.00 1.00]
 [1.00 0.00 0.00 0.00 1.00 0.00]]