#1#
[47.00 121.00]
[94.00 24.00]
[10.00 108.00]
[58.00 10.00]
[134.00 46.00]
[87.00 144.00]
#2#
[[47.00 121.00]
 [94.00 24.00]]
[[47.00 121.00]
 [10.00 108.00]]
[[10.00 108.00]
 [58.00 10.00]]
[[94.00 24.00]
 [58.00 10.00]]
[[94.00 24.00]
 [134.00 46.00]]
[[134.00 46.00]
 [87.00 144.00]]
[[47.00 121.00]
 [87.00 144.00]]
#3#
[[0.00 1.00 1.00 0.00 0.00 1.00]
 [1.00 0.00 0.00 1.00 1.00 0.00]
 [1.00 0.00 0.00 1.00 0.00 0.00]
 [0.00 1.00 1.00 0.00 0.00 0.00]
 [0.00 1.00 0.00 0.00 0.00 1.00]
 [1.00 0.00 0.00 0.00 1.00 0.00]]