#1#
[17.00 82.00]
[150.00 64.00]
[155.00 110.00]
[26.00 127.00]
[10.00 19.00]
[144.00 10.00]
#2#
[[17.00 82.00]
 [150.00 64.00]]
[[150.00 64.00]
 [155.00 110.00]]
[[155.00 110.00]
 [26.00 127.00]]
[[17.00 82.00]
 [26.00 127.00]]
[[17.00 82.00]
 [10.00 19.00]]
[[10.00 19.00]
 [144.00 10.00]]
[[150.00 64.00]
 [144.00 10.00]]
#3#
[[0.00 1.00 0.00 1.00 1.00 0.00]
 [1.00 0.00 1.00 0.00 0.00 1.00]
 [0.00 1.00 0.00 1.00 0.00 0.00]
 [1.00 0.00 1.00 0.00 0.00 0.00]
 [1.00 0.00 0.00 0.00 0.00 1.00]
 [0.00 1.00 0.00 0.00 1.00 0.00]]