#1#
[164.00 316.00]
[247.00 135.00]
[27.00 253.00]
[10.00 290.00]
[149.00 354.00]
[110.00 72.00]
[276.00 68.00]
[139.00 10.00]
#2#
[[164.00 316.00]
 [247.00 135.00]]
[[27.00 253.00]
 [10.00 290.00]]
[[10.00 290.00]
 [149.00 354.00]]
[[164.00 316.00]
 [149.00 354.00]]
[[164.00 316.00]
 [27.00 253.00]]
[[247.00 135.00]
 [110.00 72.00]]
[[247.00 135.00]
 [276.00 68.00]]
[[276.00 68.00]
 [139.00 10.00]]
[[110.00 72.00]
 [139.00 10.00]]
[[27.00 253.00]
 [110.00 72.00]]
#3#
[[0.00 1.00 1.00 0.00 1.00 0.00 0.00 0.00]
 [1.00 0.00 0.00 0.00 0.00 1.00 1.00 0.00]
 [1.00 0.00 0.00 1.00 0.00 1.00 0.00 0.00]
 [0.00 0.00 1.00 0.00 1.00 0.00 0.00 0.00]
 [1.00 0.00 0.00 1.00 0.00 0.00 0.00 0.00]
 [0.00 1.00 1.00 0.00 0.00 0.00 0.00 1.00]
 [0.00 1.00 0.00 0.00 0.00 0.00 0.00 1.00]
 [0.00 0.00 0.00 0.00 0.00 1.00 1.00 0.00]]