#1#
[56.00 26.00]
[10.00 25.00]
[23.00 110.00]
[72.00 110.00]
[117.00 91.00]
[101.00 10.00]
#2#
[[56.00 26.00]
 [10.00 25.00]]
[[10.00 25.00]
 [23.00 110.00]]
[[23.00 110.00]
 [72.00 110.00]]
[[56.00 26.00]
 [72.00 110.00]]
[[72.00 110.00]
 [117.00 91.00]]
[[117.00 91.00]
 [101.00 10.00]]
[[56.00 26.00]
 [101.00 10.00]]
#3#
[[0.00 1.00 0.00 1.00 0.00 1.00]
 [1.00 0.00 1.00 0.00 0.00 0.00]
 [0.00 1.00 0.00 1.00 0.00 0.00]
 [1.00 0.00 1.00 0.00 1.00 0.00]
 [0.00 0.00 0.00 1.00 0.00 1.00]
 [1.00 0.00 0.00 0.00 1.00 0.00]]