#1#
[163.00 58.00]
[20.00 97.00]
[39.00 157.00]
[180.00 116.00]
[151.00 10.00]
[10.00 50.00]
#2#
[[163.00 58.00]
 [20.00 97.00]]
[[20.00 97.00]
 [39.00 157.00]]
[[39.00 157.00]
 [180.00 116.00]]
[[163.00 58.00]
 [180.00 116.00]]
[[163.00 58.00]
 [151.00 10.00]]
[[151.00 10.00]
 [10.00 50.00]]
[[20.00 97.00]
 [10.00 50.00]]
#3#
[[0.00 1.00 0.00 1.00 1.00 0.00]
 [1.00 0.00 1.00 0.00 0.00 1.00]
 [0.00 1.00 0.00 1.00 0.00 0.00]
 [1.00 0.00 1.00 0.00 0.00 0.00]
 [1.00 0.00 0.00 0.00 0.00 1.00]
 [0.00 1.00 0.00 0.00 1.00 0.00]]