#1#
[59.00 44.00]
[10.00 81.00]
[112.00 228.00]
[162.00 191.00]
[109.00 10.00]
[213.00 160.00]
#2#
[[59.00 44.00]
 [10.00 81.00]]
[[10.00 81.00]
 [112.00 228.00]]
[[112.00 228.00]
 [162.00 191.00]]
[[59.00 44.00]
 [162.00 191.00]]
[[59.00 44.00]
 [109.00 10.00]]
[[109.00 10.00]
 [213.00 160.00]]
[[162.00 191.00]
 [213.00 160.00]]
#3#
[[0.00 1.00 0.00 1.00 1.00 0.00]
 [1.00 0.00 1.00 0.00 0.00 0.00]
 [0.00 1.00 0.00 1.00 0.00 0.00]
 [1.00 0.00 1.00 0.00 0.00 1.00]
 [1.00 0.00 0.00 0.00 0.00 1.00]
 [0.00 0.00 0.00 1.00 1.00 0.00]]