#1#
[58.00 18.00]
[112.00 13.00]
[111.00 106.00]
[56.00 110.00]
[10.00 102.00]
[13.00 10.00]
#2#
[[58.00 18.00]
 [112.00 13.00]]
[[112.00 13.00]
 [111.00 106.00]]
[[111.00 106.00]
 [56.00 110.00]]
[[58.00 18.00]
 [56.00 110.00]]
[[56.00 110.00]
 [10.00 102.00]]
[[10.00 102.00]
 [13.00 10.00]]
[[58.00 18.00]
 [13.00 10.00]]
#3#
[[0.00 1.00 0.00 1.00 0.00 1.00]
 [1.00 0.00 1.00 0.00 0.00 0.00]
 [0.00 1.00 0.00 1.00 0.00 0.00]
 [1.00 0.00 1.00 0.00 1.00 0.00]
 [0.00 0.00 0.00 1.00 0.00 1.00]
 [1.00 0.00 0.00 0.00 1.00 0.00]]