#1#
[159.00 49.00]
[75.00 126.00]
[114.00 10.00]
[10.00 106.00]
[55.00 145.00]
[116.00 179.00]
[218.00 85.00]
[179.00 31.00]
#2#
[[159.00 49.00]
 [75.00 126.00]]
[[159.00 49.00]
 [114.00 10.00]]
[[114.00 10.00]
 [10.00 106.00]]
[[10.00 106.00]
 [55.00 145.00]]
[[75.00 126.00]
 [55.00 145.00]]
[[75.00 126.00]
 [116.00 179.00]]
[[116.00 179.00]
 [218.00 85.00]]
[[218.00 85.00]
 [179.00 31.00]]
[[159.00 49.00]
 [179.00 31.00]]
#3#
[[0.00 1.00 1.00 0.00 0.00 0.00 0.00 1.00]
 [1.00 0.00 0.00 0.00 1.00 1.00 0.00 0.00]
 [1.00 0.00 0.00 1.00 0.00 0.00 0.00 0.00]
 [0.00 0.00 1.00 0.00 1.00 0.00 0.00 0.00]
 [0.00 1.00 0.00 1.00 0.00 0.00 0.00 0.00]
 [0.00 1.00 0.00 0.00 0.00 0.00 1.00 0.00]
 [0.00 0.00 0.00 0.00 0.00 1.00 0.00 1.00]
 [1.00 0.00 0.00 0.00 0.00 0.00 1.00 0.00]]